6 0.922317 0.249685 0.914028 0.248580 0.731562 0.450473 0.733900 0.456940
6 0.480085 0.205300 0.480085 0.210347 0.664336 0.205710 0.664336 0.201924
16 0.411265 0.624606 0.411265 0.652997 0.412327 0.654574 0.412327 0.667192 0.413390 0.668770 0.417641 0.668770 0.418704 0.667192 0.419766 0.667192 0.420829 0.668770 0.428268 0.668770 0.429330 0.670347 0.437832 0.670347 0.438895 0.671924 0.439957 0.671924 0.441020 0.670347 0.442083 0.670347 0.442083 0.626183 0.441020 0.624606 0.429330 0.624606 0.428268 0.626183 0.427205 0.626183 0.426142 0.624606 0.420829 0.624606 0.419766 0.626183 0.418704 0.626183 0.417641 0.624606
13 0.073326 0.392744 0.073326 0.395899 0.072264 0.397476 0.073326 0.399054 0.073326 0.400631 0.074389 0.402208 0.074389 0.429022 0.073326 0.430599 0.073326 0.438486 0.074389 0.438486 0.075452 0.440063 0.095643 0.440063 0.096706 0.438486 0.100956 0.438486 0.102019 0.440063 0.103082 0.440063 0.104145 0.438486 0.104145 0.432177 0.103082 0.430599 0.103082 0.400631 0.104145 0.399054 0.104145 0.392744
12 0.454835 0.184543 0.453773 0.186120 0.451647 0.186120 0.450584 0.187697 0.449522 0.187697 0.448459 0.186120 0.446334 0.186120 0.444208 0.189274 0.444208 0.190852 0.443146 0.192429 0.443146 0.195584 0.444208 0.197161 0.444208 0.203470 0.443146 0.205047 0.444208 0.206625 0.444208 0.220820 0.443146 0.222397 0.443146 0.225552 0.442083 0.227129 0.442083 0.231861 0.443146 0.233438 0.444208 0.231861 0.446334 0.231861 0.447396 0.230284 0.463337 0.230284 0.464400 0.231861 0.468650 0.231861 0.469713 0.230284 0.472901 0.230284 0.472901 0.223975 0.471838 0.222397 0.471838 0.219243 0.470776 0.217666 0.470776 0.197161 0.469713 0.195584 0.469713 0.194006 0.468650 0.192429 0.468650 0.190852 0.466525 0.187697 0.466525 0.184543 0.463337 0.184543 0.462274 0.186120 0.461211 0.184543
6 0.289437 0.150331 0.289118 0.155063 0.436057 0.202981 0.435749 0.199353
13 0.922423 0.200315 0.922423 0.208202 0.923486 0.209779 0.923486 0.216088 0.922423 0.217666 0.922423 0.225552 0.923486 0.227129 0.923486 0.242902 0.924548 0.244479 0.929862 0.244479 0.930925 0.242902 0.945802 0.242902 0.946865 0.244479 0.947928 0.244479 0.948990 0.242902 0.952179 0.242902 0.954304 0.246057 0.954304 0.200315 0.944740 0.200315 0.943677 0.201893 0.937301 0.201893 0.936238 0.203470 0.933050 0.203470 0.931987 0.201893 0.929862 0.201893 0.928799 0.200315
13 0.094580 0.110410 0.093518 0.111987 0.093518 0.113565 0.092455 0.115142 0.092455 0.116719 0.091392 0.118297 0.091392 0.123028 0.090329 0.124606 0.090329 0.148265 0.091392 0.149842 0.115834 0.149842 0.116897 0.148265 0.116897 0.123028 0.115834 0.121451 0.115834 0.118297 0.114772 0.116719 0.114772 0.113565 0.112646 0.110410
13 0.255048 0.123028 0.255048 0.124606 0.256111 0.126183 0.256111 0.127760 0.257173 0.129338 0.257173 0.149842 0.256111 0.151420 0.256111 0.154574 0.257173 0.156151 0.257173 0.160883 0.258236 0.162461 0.258236 0.164038 0.268863 0.164038 0.269926 0.165615 0.285866 0.165615 0.285866 0.156151 0.284803 0.154574 0.284803 0.148265 0.283741 0.146688 0.283741 0.137224 0.282678 0.135647 0.282678 0.134069 0.281615 0.132492 0.281615 0.127760 0.282678 0.126183 0.285866 0.126183 0.285866 0.123028 0.280553 0.123028 0.279490 0.124606 0.268863 0.124606 0.267800 0.123028
13 0.666312 0.176656 0.666312 0.179811 0.665250 0.181388 0.665250 0.203470 0.666312 0.205047 0.666312 0.206625 0.665250 0.208202 0.665250 0.212934 0.666312 0.214511 0.666312 0.219243 0.665250 0.220820 0.665250 0.223975 0.667375 0.227129 0.686504 0.227129 0.687566 0.225552 0.693943 0.225552 0.695005 0.227129 0.697131 0.227129 0.698193 0.225552 0.699256 0.225552 0.699256 0.208202 0.700319 0.206625 0.700319 0.201893 0.699256 0.200315 0.699256 0.197161 0.700319 0.195584 0.700319 0.194006 0.699256 0.192429 0.699256 0.184543 0.700319 0.182965 0.700319 0.181388 0.699256 0.179811 0.699256 0.176656
6 0.122476 0.136167 0.122370 0.132366 0.252721 0.141782 0.252721 0.146672
6 0.092529 0.388738 0.089309 0.389227 0.101668 0.158659 0.104442 0.158517
6 0.702168 0.201546 0.702380 0.205489 0.919787 0.224685 0.919511 0.219196
6 0.409139 0.631546 0.408502 0.639274 0.107333 0.432492 0.109245 0.426183
6 0.687056 0.498580 0.677258 0.487539 0.443337 0.632240 0.446833 0.644085
16 0.710946 0.454259 0.709883 0.455836 0.704570 0.455836 0.702444 0.458991 0.701382 0.458991 0.700319 0.460568 0.699256 0.460568 0.699256 0.487382 0.701382 0.490536 0.702444 0.490536 0.703507 0.492114 0.705632 0.492114 0.706695 0.493691 0.718385 0.493691 0.719447 0.492114 0.721573 0.492114 0.723698 0.488959 0.724761 0.488959 0.724761 0.487382 0.725824 0.485804 0.725824 0.460568 0.724761 0.458991 0.723698 0.458991 0.722635 0.457413 0.719447 0.457413 0.718385 0.455836 0.717322 0.455836 0.716259 0.454259
