13 0.428125 0.275123 0.428125 0.311731 0.457812 0.311731 0.457812 0.275123
6 0.95 0.379717 0.95 0.390176 0.948438 0.392791 0.948438 0.405865 0.946875 0.40848 0.946875 0.41371 0.945312 0.416325 0.945312 0.421554 0.94375 0.424169 0.94375 0.434629 0.942187 0.437244 0.942187 0.447703 0.940625 0.450318 0.940625 0.452933 0.939062 0.455548 0.939062 0.460777 0.9375 0.463392 0.9375 0.471237 0.935937 0.473852 0.935937 0.484311 0.934375 0.486926 0.934375 0.492155 0.932813 0.49477 0.932813 0.5 0.93125 0.502615 0.93125 0.515689 0.929688 0.518304 0.929688 0.526148 0.928125 0.528763 0.928125 0.531378 0.926562 0.533993 0.926562 0.539223 0.925 0.541838 0.925 0.552297 0.923437 0.554912 0.923437 0.565371 0.921875 0.567986 0.921875 0.570601 0.920312 0.573216 0.920312 0.578445 0.91875 0.58106 0.91875 0.588905 0.917188 0.59152 0.917188 0.607209 0.915625 0.609824 0.915625 0.612439 0.914062 0.615053 0.914062 0.620283 0.9125 0.622898 0.9125 0.630743 0.910937 0.633357 0.910937 0.649046 0.909375 0.651661 0.909375 0.654276 0.907812 0.656891 0.907812 0.659506 0.90625 0.662121 0.90625 0.675195 0.904687 0.67781 0.904687 0.690884 0.901563 0.696114 0.896875 0.696114 0.896875 0.732722 0.904687 0.732722 0.904687 0.717033 0.90625 0.714418 0.90625 0.701343 0.907812 0.698729 0.907812 0.696114 0.909375 0.693499 0.909375 0.690884 0.910937 0.688269 0.910937 0.675195 0.9125 0.67258 0.9125 0.659506 0.915625 0.654276 0.915625 0.649046 0.917188 0.646432 0.917188 0.638587 0.91875 0.635972 0.91875 0.620283 0.921875 0.615053 0.921875 0.612439 0.923437 0.609824 0.923437 0.599364 0.925 0.596749 0.925 0.583675 0.926562 0.58106 0.926562 0.578445 0.928125 0.575831 0.928125 0.573216 0.929688 0.570601 0.929688 0.560142 0.93125 0.557527 0.93125 0.544452 0.932813 0.541838 0.932813 0.539223 0.934375 0.536608 0.934375 0.531378 0.935937 0.528763 0.935937 0.520919 0.9375 0.518304 0.9375 0.507845 0.939062 0.50523 0.939062 0.5 0.940625 0.497385 0.940625 0.49477 0.942187 0.492155 0.942187 0.484311 0.94375 0.481696 0.94375 0.468622 0.945312 0.466007 0.945312 0.460777 0.946875 0.458162 0.946875 0.452933 0.948438 0.450318 0.948438 0.442473 0.95 0.439858 0.95 0.426784 0.951562 0.424169 0.951562 0.41894 0.953125 0.416325 0.953125 0.41371 0.954687 0.411095 0.954687 0.403251 0.95625 0.400636 0.95625 0.379717
13 0.940625 0.32742 0.940625 0.377102 0.95625 0.377102 0.957812 0.374487 0.976562 0.374487 0.976562 0.32742
12 0.640625 0.358798 0.640625 0.40848 0.670312 0.40848 0.670312 0.358798
6 0.459375 0.296042 0.459375 0.303886 0.465625 0.303886 0.467187 0.306501 0.471875 0.306501 0.473437 0.309116 0.482812 0.309116 0.484375 0.311731 0.485938 0.311731 0.489062 0.31696 0.49375 0.31696 0.495312 0.319575 0.503125 0.319575 0.504687 0.32219 0.509375 0.32219 0.510937 0.324805 0.514062 0.324805 0.515625 0.32742 0.51875 0.32742 0.520312 0.330035 0.529687 0.330035 0.53125 0.33265 0.5375 0.33265 0.539062 0.335264 0.540625 0.335264 0.542188 0.337879 0.546875 0.337879 0.548437 0.340494 0.559375 0.340494 0.560937 0.343109 0.5625 0.343109 0.564062 0.345724 0.565625 0.345724 0.567187 0.348339 0.571875 0.348339 0.573438 0.350954 0.584375 0.350954 0.585938 0.353568 0.5875 0.353568 0.589063 0.356183 0.590625 0.356183 0.592187 0.358798 0.595312 0.358798 0.596875 0.361413 0.609375 0.361413 0.610937 0.364028 0.6125 0.364028 0.614062 0.366643 0.614062 0.377102 0.632812 0.377102 0.632812 0.364028 0.625 0.364028 0.623437 0.361413 0.617188 0.361413 0.615625 0.358798 0.614062 0.358798 0.6125 0.356183 0.607812 0.356183 0.60625 0.353568 0.595312 0.353568 0.59375 0.350954 0.590625 0.350954 0.5875 0.345724 0.582812 0.345724 0.58125 0.343109 0.567187 0.343109 0.564062 0.337879 0.5625 0.337879 0.560937 0.335264 0.55625 0.335264 0.554688 0.33265 0.548437 0.33265 0.546875 0.330035 0.54375 0.330035 0.542188 0.32742 0.540625 0.32742 0.539062 0.324805 0.534375 0.324805 0.532812 0.32219 0.521875 0.32219 0.520312 0.319575 0.515625 0.319575 0.514062 0.31696 0.5125 0.31696 0.510937 0.314346 0.504687 0.314346 0.503125 0.311731 0.490625 0.311731 0.4875 0.306501 0.4875 0.296042
13 0.046875 0.222826 0.046875 0.272508 0.075 0.272508 0.075 0.222826
16 0.059375 0.683039 0.059375 0.730107 0.0859375 0.730107 0.0875 0.727492 0.0875 0.683039
16 0.878125 0.735336 0.878125 0.785019 0.914062 0.785019 0.914062 0.735336
6 0.078125 0.243745 0.078125 0.254204 0.0953125 0.254204 0.096875 0.256819 0.154687 0.256819 0.15625 0.259434 0.15625 0.262049 0.160938 0.262049 0.1625 0.264663 0.173437 0.264663 0.175 0.267278 0.217187 0.267278 0.21875 0.269893 0.239063 0.269893 0.240625 0.272508 0.245312 0.272508 0.246875 0.275123 0.257812 0.275123 0.259375 0.277738 0.290625 0.277738 0.292187 0.280353 0.321875 0.280353 0.323437 0.282967 0.332812 0.282967 0.334375 0.285582 0.34375 0.285582 0.345313 0.288197 0.389062 0.288197 0.390625 0.290812 0.4125 0.290812 0.415625 0.296042 0.415625 0.303886 0.425 0.303886 0.425 0.293427 0.421875 0.288197 0.421875 0.285582 0.417187 0.285582 0.415625 0.282967 0.40625 0.282967 0.404687 0.280353 0.365625 0.280353 0.364062 0.277738 0.342187 0.277738 0.340625 0.275123 0.332812 0.275123 0.33125 0.272508 0.315625 0.272508 0.314063 0.269893 0.25625 0.269893 0.254687 0.267278 0.242188 0.267278 0.240625 0.264663 0.2375 0.264663 0.235937 0.262049 0.228125 0.262049 0.226562 0.259434 0.157812 0.259434 0.154687 0.254204 0.154687 0.243745
6 0.059375 0.275123 0.059375 0.5 0.0640625 0.5 0.065625 0.502615 0.065625 0.510459 0.0671875 0.513074 0.0671875 0.583675 0.06875 0.58629 0.06875 0.664736 0.0703125 0.66735 0.0703125 0.67258 0.071875 0.675195 0.075 0.669965 0.075 0.641202 0.0734375 0.638587 0.0734375 0.528763 0.071875 0.526148 0.071875 0.492155 0.0703125 0.489541 0.0703125 0.476466 0.06875 0.473852 0.06875 0.416325 0.0671875 0.41371 0.0671875 0.311731 0.065625 0.309116 0.065625 0.275123
6 0.8375 0.348339 0.8375 0.356183 0.835938 0.358798 0.834375 0.358798 0.832812 0.361413 0.807813 0.361413 0.80625 0.364028 0.732812 0.364028 0.73125 0.366643 0.715625 0.366643 0.714063 0.369257 0.709375 0.369257 0.70625 0.374487 0.671875 0.374487 0.671875 0.387561 0.707812 0.387561 0.707812 0.377102 0.709375 0.374487 0.7125 0.374487 0.714063 0.371872 0.715625 0.371872 0.717187 0.374487 0.746875 0.374487 0.748437 0.371872 0.820312 0.371872 0.821875 0.369257 0.839063 0.369257 0.840625 0.366643 0.85 0.366643 0.851562 0.364028 0.86875 0.364028 0.870313 0.361413 0.923437 0.361413 0.925 0.358798 0.940625 0.358798 0.940625 0.348339
6 0.423438 0.732722 0.43125 0.732722 0.432812 0.735336 0.448437 0.735336 0.45 0.737951 0.523438 0.737951 0.525 0.740566 0.590625 0.740566 0.592187 0.743181 0.6 0.743181 0.601562 0.745796 0.61875 0.745796 0.620313 0.748411 0.75625 0.748411 0.757812 0.751026 0.757812 0.7641 0.864062 0.7641 0.864062 0.751026 0.798437 0.751026 0.796875 0.748411 0.795312 0.748411 0.79375 0.751026 0.760938 0.751026 0.757812 0.745796 0.75 0.745796 0.748437 0.743181 0.725 0.743181 0.723437 0.740566 0.595312 0.740566 0.59375 0.737951 0.59375 0.735336 0.5875 0.735336 0.585938 0.732722 0.553125 0.732722 0.551562 0.730107 0.429688 0.730107 0.428125 0.732722 0.423438 0.732722 0.417187 0.724877 0.414062 0.724877 0.4125 0.722262 0.395312 0.722262 0.39375 0.719647 0.260937 0.719647 0.259375 0.717033 0.25625 0.717033 0.254687 0.714418 0.254687 0.703958 0.115625 0.703958 0.115625 0.717033 0.195312 0.717033 0.196875 0.719647 0.245312 0.719647 0.246875 0.722262 0.259375 0.722262 0.260937 0.724877 0.276562 0.724877 0.278125 0.727492 0.415625 0.727492 0.417187 0.724877
6 0.760938 0.75364 0.765625 0.75364 0.767187 0.756255 0.790625 0.756255 0.792188 0.75887 0.882812 0.75887 0.882812 0.75364 0.875 0.75364 0.873437 0.751026 0.764062 0.751026 0.7625 0.75364 0.760938 0.75364 0.746875 0.743181 0.748437 0.745796 0.754687 0.745796 0.751562 0.745796 0.75 0.748411 0.625 0.748411 0.623437 0.745796 0.603125 0.745796 0.584375 0.732722 0.585938 0.735336 0.592187 0.735336 0.590625 0.737951 0.453125 0.737951 0.451562 0.735336 0.417187 0.722262 0.417187 0.714418 0.265625 0.714418 0.265625 0.724877 0.279687 0.724877 0.28125 0.727492 0.4125 0.727492 0.414062 0.724877 0.415625 0.724877 0.417187 0.722262 0.451562 0.735336 0.434375 0.735336 0.432812 0.732722 0.428125 0.732722 0.435937 0.732722 0.4375 0.730107 0.546875 0.730107 0.548437 0.732722 0.584375 0.732722 0.603125 0.745796 0.601562 0.743181 0.595312 0.743181 0.596875 0.743181 0.598437 0.740566 0.717187 0.740566 0.71875 0.743181 0.746875 0.743181
