13 0.621875 0.0554754 0.621875 0.102543 0.651563 0.102543 0.651563 0.0554754
12 0.909375 0.0659348 0.909375 0.115617 0.939062 0.115617 0.939062 0.0659348
13 0.078125 0.045016 0.078125 0.0946982 0.107813 0.0946982 0.107813 0.045016
16 0.915625 0.432014 0.915625 0.492155 0.945312 0.492155 0.945312 0.432014
13 0.071875 0.902687 0.071875 0.962828 0.107813 0.962828 0.107813 0.902687
16 0.496875 0.913146 0.496875 0.954984 0.503125 0.954984 0.504687 0.957599 0.510937 0.957599 0.5125 0.960214 0.515625 0.960214 0.517187 0.957599 0.523438 0.957599 0.525 0.954984 0.526563 0.954984 0.528125 0.952369 0.532812 0.952369 0.532812 0.913146
12 0.071875 0.421554 0.071875 0.481696 0.107813 0.481696 0.107813 0.421554
16 0.915625 0.902687 0.915625 0.93145 0.951562 0.93145 0.951562 0.902687
6 0.534375 0.923606 0.534375 0.952369 0.798437 0.952369 0.798437 0.944525 0.8 0.94191 0.8 0.939295 0.803125 0.934065 0.807813 0.934065 0.807813 0.923606
6 0.103125 0.923606 0.103125 0.93668 0.19375 0.93668 0.195312 0.939295 0.379687 0.939295 0.38125 0.94191 0.41875 0.94191 0.420312 0.944525 0.420312 0.952369 0.484375 0.952369 0.484375 0.944525 0.485938 0.94191 0.489062 0.94191 0.490625 0.939295 0.49375 0.939295 0.495312 0.93668 0.501563 0.93668 0.501563 0.923606
6 0.928125 0.635972 0.928125 0.900072 0.939062 0.900072 0.939062 0.635972
6 0.084375 0.484311 0.084375 0.910531 0.0953125 0.910531 0.0953125 0.484311
6 0.289062 0.0659348 0.289062 0.0842388 0.507812 0.0842388 0.507812 0.0659348
6 0.653125 0.0763942 0.653125 0.0868536 0.682813 0.0868536 0.684375 0.0894685 0.903125 0.0894685 0.90625 0.0842388 0.90625 0.0763942
6 0.289062 0.0659348 0.289062 0.0737794 0.30625 0.0737794 0.307812 0.0763942 0.403125 0.0763942 0.404687 0.0790091 0.425 0.0790091 0.426562 0.0763942 0.460938 0.0763942 0.4625 0.0790091 0.570312 0.0790091 0.570312 0.0659348
