3 0.617428 0.981073 0.616366 0.982650 0.609989 0.982650 0.608927 0.984227 0.606801 0.984227 0.606801 0.987382 0.605739 0.988959 0.605739 0.998423 0.641870 0.998423 0.641870 0.995268 0.640808 0.993691 0.640808 0.985804 0.639745 0.984227 0.639745 0.982650 0.637620 0.982650 0.636557 0.981073
1 0.189160 0.717666 0.188098 0.719243 0.188098 0.727129 0.187035 0.728707 0.187035 0.730284 0.184910 0.733438 0.184910 0.750789 0.184910 0.752997 0.185016 0.765457 0.184910 0.768139 0.185972 0.769716 0.219979 0.769716 0.219979 0.752366 0.220404 0.749211 0.220404 0.746215 0.219979 0.744479 0.220298 0.735647 0.220191 0.733912 0.219979 0.732177 0.218810 0.729811 0.217853 0.725552 0.217853 0.721924 0.216578 0.718139
6 0.068002 0.197508 0.068108 0.190568 0.000021 0.199826 0.000021 0.205662
6 0.088363 0.222792 0.083794 0.222792 0.078682 0.422019 0.083900 0.422019
6 0.059160 0.464432 0.059479 0.455442 0.008470 0.477366 0.008895 0.485252
6 0.178661 0.734416 0.179617 0.730000 0.000064 0.634385 0.000064 0.642114
6 0.216706 0.776940 0.212242 0.776467 0.285345 0.980205 0.291615 0.978312
6 0.226429 0.745315 0.226111 0.737744 0.603464 0.714795 0.603581 0.721183
6 0.628268 0.751435 0.623592 0.751593 0.623826 0.975174 0.628608 0.974543
9 0.463921 0.467098 0.460946 0.463155 0.224421 0.716987 0.225898 0.721719
9 0.225940 0.770757 0.225409 0.776278 0.371966 0.964227 0.374431 0.956924
9 0.655685 0.467650 0.652604 0.467492 0.627046 0.681845 0.630978 0.681688
7 0.227194 0.759905 0.230000 0.756262 0.584920 0.976530 0.574931 0.977634
1 0.618491 0.689274 0.617428 0.690852 0.611052 0.690852 0.609989 0.692429 0.609989 0.697161 0.608927 0.698738 0.608927 0.701893 0.606801 0.705047 0.606801 0.708202 0.605739 0.709779 0.605739 0.733438 0.604676 0.735016 0.604676 0.741325 0.605739 0.741325 0.606801 0.742902 0.628055 0.742902 0.629118 0.741325 0.636557 0.741325 0.637620 0.742902 0.638682 0.741325 0.641870 0.741325 0.641870 0.733438 0.640808 0.731861 0.640808 0.714511 0.641870 0.712934 0.641870 0.711356 0.640808 0.709779 0.640808 0.705047 0.639745 0.703470 0.639745 0.701893 0.638682 0.700315 0.638682 0.695584 0.637620 0.694006 0.637620 0.690852 0.636557 0.690852 0.635494 0.692429 0.634431 0.692429 0.633369 0.690852 0.623804 0.690852 0.622742 0.689274
2 0.074389 0.164038 0.073326 0.165615 0.072264 0.165615 0.072264 0.167192 0.071201 0.168770 0.071201 0.175079 0.070138 0.176656 0.070138 0.179811 0.069075 0.181388 0.069075 0.200315 0.068013 0.201893 0.068013 0.209779 0.069075 0.211356 0.069075 0.212934 0.077577 0.212934 0.078640 0.214511 0.090329 0.214511 0.091392 0.212934 0.093518 0.212934 0.094580 0.214511 0.095643 0.212934 0.100956 0.212934 0.102019 0.211356 0.102019 0.181388 0.100956 0.179811 0.100956 0.176656 0.099894 0.175079 0.099894 0.170347 0.098831 0.168770 0.098831 0.167192 0.097768 0.165615 0.096706 0.165615 0.095643 0.164038 0.080765 0.164038 0.079702 0.165615 0.078640 0.164038
1 0.081828 0.424290 0.080765 0.425868 0.068013 0.425868 0.066950 0.427445 0.066950 0.429022 0.065887 0.430599 0.065887 0.435331 0.064825 0.436909 0.064825 0.440063 0.063762 0.441640 0.063762 0.473186 0.064825 0.473186 0.065887 0.474763 0.094580 0.474763 0.095643 0.473186 0.096706 0.473186 0.096706 0.458991 0.095643 0.457413 0.095643 0.446372 0.096706 0.444795 0.095643 0.443218 0.095643 0.436909 0.094580 0.435331 0.094580 0.430599 0.093518 0.429022 0.093518 0.427445 0.092455 0.425868 0.085016 0.425868 0.083953 0.424290
1 0.471838 0.417981 0.470776 0.419558 0.470776 0.421136 0.469713 0.422713 0.469713 0.429022 0.468650 0.430599 0.468650 0.435331 0.467588 0.436909 0.467588 0.440063 0.468650 0.441640 0.468650 0.446372 0.467588 0.447950 0.467588 0.465300 0.468650 0.466877 0.500531 0.466877 0.500531 0.463722 0.501594 0.462145 0.501594 0.457413 0.500531 0.455836 0.500531 0.446372 0.499469 0.444795 0.499469 0.443218 0.500531 0.441640 0.500531 0.435331 0.499469 0.433754 0.499469 0.429022 0.498406 0.427445 0.498406 0.424290 0.497343 0.422713 0.497343 0.419558 0.496281 0.417981
1 0.646121 0.406940 0.645058 0.408517 0.640808 0.408517 0.638682 0.411672 0.638682 0.414826 0.639745 0.416404 0.639745 0.421136 0.638682 0.422713 0.638682 0.447950 0.637620 0.449527 0.637620 0.455836 0.638682 0.457413 0.638682 0.460568 0.639745 0.460568 0.640808 0.462145 0.673751 0.462145 0.674814 0.460568 0.674814 0.458991 0.675877 0.457413 0.675877 0.452681 0.674814 0.451104 0.674814 0.422713 0.673751 0.421136 0.673751 0.416404 0.674814 0.414826 0.674814 0.410095 0.673751 0.408517 0.672689 0.408517 0.671626 0.406940 0.667375 0.406940 0.666312 0.408517 0.665250 0.408517 0.664187 0.406940
2 0.397450 0.963722 0.396387 0.965300 0.380446 0.965300 0.379384 0.966877 0.379384 0.971609 0.378321 0.973186 0.378321 0.982650 0.377258 0.984227 0.378321 0.985804 0.378321 0.998423 0.410202 0.998423 0.410202 0.988959 0.409139 0.987382 0.409139 0.973186 0.408077 0.971609 0.408077 0.970032 0.407014 0.968454 0.407014 0.966877 0.405951 0.965300 0.400638 0.965300 0.399575 0.963722
