9 0.909245 0.028502 0.909139 0.033391 0.477184 0.264385 0.476440 0.258549
9 0.954750 0.013817 0.954591 0.009653 0.981913 0.000379 0.994591 0.000615
1 0.765143 0.438486 0.764081 0.440063 0.742827 0.440063 0.742827 0.441640 0.741764 0.443218 0.741764 0.451104 0.740701 0.452681 0.740701 0.454259 0.739639 0.455836 0.739639 0.488959 0.771520 0.488959 0.772582 0.487382 0.772582 0.471609 0.771520 0.470032 0.771520 0.463722 0.772582 0.462145 0.772582 0.460568 0.771520 0.458991 0.771520 0.452681 0.770457 0.451104 0.770457 0.446372 0.769394 0.444795 0.769394 0.441640 0.768332 0.440063 0.767269 0.440063 0.766206 0.438486
4 0.672689 0.447950 0.671626 0.449527 0.664187 0.449527 0.663124 0.451104 0.660999 0.451104 0.659936 0.449527 0.651435 0.449527 0.650372 0.451104 0.649309 0.449527 0.642933 0.449527 0.641870 0.451104 0.640808 0.449527 0.638682 0.449527 0.638682 0.457413 0.637620 0.458991 0.637620 0.462145 0.638682 0.463722 0.638682 0.471609 0.637620 0.473186 0.637620 0.474763 0.638682 0.476341 0.638682 0.479495 0.637620 0.481073 0.637620 0.501577 0.639745 0.504732 0.664187 0.504732 0.665250 0.503155 0.666312 0.504732 0.673751 0.504732 0.674814 0.503155 0.675877 0.503155 0.675877 0.482650 0.674814 0.481073 0.674814 0.457413 0.675877 0.455836 0.675877 0.452681 0.674814 0.451104 0.674814 0.449527 0.673751 0.447950
0 0.164718 0.025237 0.163656 0.026814 0.163656 0.028391 0.162593 0.029968 0.162593 0.034700 0.161530 0.036278 0.161530 0.041009 0.160468 0.042587 0.160468 0.045741 0.161530 0.047319 0.161530 0.050473 0.160468 0.052050 0.160468 0.072555 0.161530 0.074132 0.192349 0.074132 0.193411 0.072555 0.193411 0.042587 0.192349 0.041009 0.192349 0.037855 0.191286 0.036278 0.191286 0.031546 0.190223 0.029968 0.190223 0.026814 0.189160 0.025237
1 0.448459 0.247634 0.447396 0.249211 0.442083 0.249211 0.441020 0.250789 0.441020 0.252366 0.439957 0.253943 0.439957 0.257098 0.438895 0.258675 0.438895 0.298107 0.443146 0.298107 0.444208 0.296530 0.448459 0.296530 0.449522 0.298107 0.467588 0.298107 0.468650 0.296530 0.470776 0.296530 0.470776 0.279180 0.469713 0.277603 0.469713 0.266562 0.470776 0.264984 0.470776 0.263407 0.469713 0.261830 0.469713 0.260252 0.468650 0.258675 0.468650 0.253943 0.467588 0.252366 0.467588 0.250789 0.465462 0.247634 0.463337 0.247634 0.462274 0.249211 0.461211 0.247634 0.456961 0.247634 0.455898 0.249211 0.452710 0.249211 0.451647 0.247634
3 0.914984 0.000000 0.914984 0.004732 0.913921 0.006309 0.913921 0.009464 0.912859 0.011041 0.912859 0.012618 0.911796 0.014196 0.911796 0.017350 0.912859 0.018927 0.912859 0.033123 0.911796 0.034700 0.911796 0.041009 0.912859 0.042587 0.912859 0.044164 0.913921 0.045741 0.944740 0.045741 0.946865 0.048896 0.950053 0.048896 0.951116 0.047319 0.951116 0.045741 0.950053 0.044164 0.950053 0.026814 0.948990 0.025237 0.948990 0.022082 0.950053 0.020505 0.950053 0.012618 0.948990 0.011041 0.948990 0.007886 0.947928 0.006309 0.947928 0.004732 0.945802 0.001577 0.945802 0.000000
4 0.952179 0.665615 0.950053 0.668770 0.950053 0.670347 0.948990 0.671924 0.948990 0.678233 0.947928 0.679811 0.947928 0.687697 0.946865 0.689274 0.946865 0.697161 0.947928 0.698738 0.947928 0.711356 0.946865 0.712934 0.946865 0.716088 0.945802 0.717666 0.946865 0.719243 0.956429 0.719243 0.957492 0.717666 0.981934 0.717666 0.981934 0.712934 0.982997 0.711356 0.981934 0.709779 0.981934 0.682965 0.980871 0.681388 0.980871 0.676656 0.979809 0.675079 0.979809 0.667192 0.977683 0.667192 0.976621 0.665615
1 0.818278 0.608833 0.817216 0.610410 0.816153 0.610410 0.816153 0.611987 0.815090 0.613565 0.815090 0.619874 0.814028 0.621451 0.814028 0.651420 0.812965 0.652997 0.814028 0.654574 0.814028 0.657729 0.844846 0.657729 0.845909 0.656151 0.845909 0.638801 0.844846 0.637224 0.844846 0.632492 0.845909 0.630915 0.845909 0.629338 0.844846 0.627760 0.844846 0.619874 0.843783 0.618297 0.843783 0.616719 0.842721 0.615142 0.842721 0.611987 0.841658 0.610410 0.840595 0.610410 0.839532 0.608833
1 0.551541 0.350158 0.550478 0.351735 0.550478 0.354890 0.549416 0.356467 0.549416 0.359621 0.548353 0.361199 0.548353 0.397476 0.549416 0.399054 0.577046 0.399054 0.578108 0.397476 0.580234 0.397476 0.580234 0.380126 0.579171 0.378549 0.579171 0.372240 0.580234 0.370662 0.580234 0.367508 0.579171 0.365931 0.579171 0.361199 0.578108 0.359621 0.578108 0.356467 0.577046 0.354890 0.577046 0.351735 0.575983 0.351735 0.574920 0.350158
1 0.547290 0.000000 0.547290 0.003155 0.546227 0.004732 0.546227 0.006309 0.545165 0.007886 0.545165 0.009464 0.543039 0.012618 0.543039 0.031546 0.541977 0.033123 0.541977 0.048896 0.543039 0.050473 0.554729 0.050473 0.555792 0.048896 0.564293 0.048896 0.565356 0.050473 0.577046 0.050473 0.578108 0.052050 0.580234 0.052050 0.582359 0.048896 0.582359 0.044164 0.581296 0.042587 0.582359 0.041009 0.582359 0.033123 0.581296 0.031546 0.581296 0.023659 0.582359 0.022082 0.582359 0.014196 0.581296 0.012618 0.580234 0.012618 0.578108 0.009464 0.578108 0.007886 0.577046 0.006309 0.577046 0.004732 0.575983 0.003155 0.575983 0.000000
6 0.908300 0.019338 0.908300 0.022413 0.584888 0.025647 0.584123 0.020868
6 0.586419 0.020315 0.584134 0.018044 0.659479 0.000915 0.675834 0.000347
6 0.928162 0.052744 0.924761 0.052902 0.834060 0.600379 0.837109 0.601893
6 0.984485 0.588580 0.985143 0.604211 0.977715 0.643013 0.974633 0.639543
9 0.909394 0.043407 0.909394 0.038517 0.585175 0.350931 0.586982 0.355032
9 0.954421 0.024558 0.953762 0.029211 0.999692 0.046798 0.999692 0.040931
6 0.920531 0.052760 0.917673 0.052192 0.768183 0.431972 0.771254 0.432445
9 0.539256 0.022461 0.539447 0.029243 0.199511 0.051325 0.199394 0.046909
7 0.945388 0.056562 0.950383 0.054353 0.983305 0.132681 0.981498 0.147508
