16 0.141339 0.550473 0.140276 0.552050 0.138151 0.552050 0.137088 0.553628 0.136026 0.553628 0.136026 0.555205 0.134963 0.556782 0.134963 0.578864 0.137088 0.582019 0.138151 0.582019 0.139214 0.583596 0.140276 0.583596 0.141339 0.585174 0.151966 0.585174 0.153029 0.583596 0.156217 0.583596 0.159405 0.578864 0.159405 0.555205 0.158342 0.553628 0.157279 0.553628 0.156217 0.552050 0.155154 0.552050 0.154091 0.550473
14 0.394261 0.465300 0.393199 0.466877 0.393199 0.470032 0.392136 0.471609 0.392136 0.477918 0.391073 0.479495 0.392136 0.481073 0.392136 0.485804 0.391073 0.487382 0.391073 0.498423 0.392136 0.500000 0.392136 0.501577 0.415515 0.501577 0.415515 0.477918 0.414453 0.476341 0.414453 0.471609 0.413390 0.470032 0.413390 0.466877 0.412327 0.465300
14 0.642933 0.438486 0.640808 0.441640 0.640808 0.457413 0.639745 0.458991 0.639745 0.468454 0.640808 0.470032 0.640808 0.474763 0.639745 0.476341 0.639745 0.479495 0.640808 0.481073 0.640808 0.484227 0.641870 0.485804 0.643996 0.485804 0.645058 0.487382 0.647184 0.487382 0.648247 0.485804 0.652497 0.485804 0.653560 0.487382 0.654623 0.485804 0.670563 0.485804 0.671626 0.484227 0.671626 0.481073 0.672689 0.479495 0.672689 0.477918 0.671626 0.476341 0.671626 0.470032 0.672689 0.468454 0.672689 0.458991 0.671626 0.457413 0.671626 0.443218 0.669501 0.440063 0.660999 0.440063 0.659936 0.438486 0.654623 0.438486 0.653560 0.440063 0.648247 0.440063 0.647184 0.438486
16 0.296493 0.801262 0.295430 0.802839 0.286929 0.802839 0.285866 0.804416 0.282678 0.804416 0.282678 0.805994 0.283741 0.807571 0.283741 0.810726 0.282678 0.812303 0.282678 0.823344 0.283741 0.824921 0.283741 0.834385 0.284803 0.835962 0.284803 0.837539 0.285866 0.839117 0.290117 0.839117 0.291180 0.840694 0.303932 0.840694 0.304995 0.839117 0.306057 0.839117 0.307120 0.837539 0.308183 0.837539 0.310308 0.834385 0.311371 0.834385 0.311371 0.823344 0.312434 0.821767 0.312434 0.820189 0.311371 0.818612 0.311371 0.802839 0.310308 0.801262 0.304995 0.801262 0.303932 0.802839 0.301807 0.802839 0.300744 0.801262
13 0.931987 0.488959 0.930925 0.490536 0.927736 0.490536 0.927736 0.492114 0.926674 0.493691 0.926674 0.500000 0.925611 0.501577 0.925611 0.504732 0.926674 0.506309 0.926674 0.507886 0.925611 0.509464 0.925611 0.522082 0.926674 0.523659 0.926674 0.525237 0.948990 0.525237 0.948990 0.522082 0.950053 0.520505 0.950053 0.515773 0.948990 0.514196 0.948990 0.496845 0.947928 0.495268 0.947928 0.490536 0.933050 0.490536
8 0.421785 0.480000 0.421892 0.484101 0.638693 0.467287 0.638799 0.462713
8 0.675069 0.464621 0.675282 0.467776 0.921063 0.506782 0.920850 0.502208
6 0.316451 0.816877 0.316451 0.821451 0.984389 0.736703 0.984506 0.731656
6 0.167481 0.594479 0.161955 0.596530 0.278852 0.794322 0.286504 0.794322
8 0.165696 0.561577 0.166546 0.565521 0.386748 0.491514 0.386748 0.487397
6 0.319564 0.839669 0.311594 0.851972 0.399267 0.977950 0.415207 0.977950
