13 0.934375 0.724877 0.934375 0.771944 0.960938 0.771944 0.9625 0.76933 0.964063 0.76933 0.965625 0.766715 0.970312 0.766715 0.970312 0.724877
13 0.053125 0.745796 0.053125 0.805937 0.0609375 0.805937 0.0609375 0.798093 0.0625 0.795478 0.0828125 0.795478 0.0828125 0.745796
13 0.553125 0.191448 0.553125 0.238515 0.578125 0.238515 0.58125 0.233285 0.58125 0.209752 0.579687 0.207137 0.579687 0.191448
13 0.053125 0.191448 0.053125 0.24113 0.0828125 0.24113 0.0828125 0.191448
12 0.890625 0.180988 0.890625 0.24113 0.91875 0.24113 0.91875 0.23067 0.920312 0.228056 0.920312 0.225441 0.921875 0.222826 0.926562 0.222826 0.926562 0.214981 0.921875 0.214981 0.920312 0.212366 0.920312 0.201907 0.91875 0.199292 0.91875 0.191448 0.917188 0.188833 0.917188 0.180988
12 0.340625 0.191448 0.340625 0.238515 0.360938 0.238515 0.365625 0.23067 0.370312 0.23067 0.370312 0.217596 0.365625 0.217596 0.364062 0.214981 0.364062 0.204522 0.3625 0.201907 0.3625 0.191448
16 0.571875 0.766715 0.571875 0.811167 0.578125 0.811167 0.579687 0.813782 0.592187 0.813782 0.59375 0.811167 0.595312 0.811167 0.598437 0.805937 0.598437 0.803323 0.6 0.800708 0.6 0.766715
16 0.340625 0.766715 0.340625 0.816397 0.348437 0.816397 0.35 0.819012 0.35 0.826856 0.370312 0.826856 0.370312 0.766715
6 0.909375 0.243745 0.909375 0.343109 0.914062 0.343109 0.917188 0.348339 0.917188 0.371872 0.91875 0.374487 0.91875 0.403251 0.920312 0.405865 0.920312 0.416325 0.921875 0.41894 0.921875 0.424169 0.923437 0.426784 0.923437 0.442473 0.925 0.445088 0.925 0.468622 0.926562 0.471237 0.926562 0.486926 0.928125 0.489541 0.928125 0.497385 0.929688 0.5 0.929688 0.523534 0.93125 0.526148 0.93125 0.554912 0.932813 0.557527 0.932813 0.567986 0.934375 0.570601 0.934375 0.575831 0.935937 0.578445 0.935937 0.601979 0.9375 0.604594 0.9375 0.630743 0.939062 0.633357 0.939062 0.641202 0.940625 0.643817 0.940625 0.649046 0.942187 0.651661 0.942187 0.67258 0.94375 0.675195 0.94375 0.703958 0.945312 0.706573 0.945312 0.714418 0.948438 0.714418 0.95 0.711803 0.95 0.683039 0.948438 0.680425 0.948438 0.656891 0.946875 0.654276 0.946875 0.646432 0.945312 0.643817 0.945312 0.638587 0.94375 0.635972 0.94375 0.612439 0.942187 0.609824 0.942187 0.583675 0.940625 0.58106 0.940625 0.570601 0.939062 0.567986 0.939062 0.560142 0.9375 0.557527 0.9375 0.536608 0.935937 0.533993 0.935937 0.507845 0.934375 0.50523 0.934375 0.492155 0.932813 0.489541 0.932813 0.481696 0.93125 0.479081 0.93125 0.463392 0.929688 0.460777 0.929688 0.432014 0.928125 0.429399 0.928125 0.41894 0.926562 0.416325 0.926562 0.405865 0.925 0.403251 0.925 0.369257 0.923437 0.366643 0.923437 0.345724 0.921875 0.343109 0.921875 0.33265 0.920312 0.330035 0.920312 0.32219 0.91875 0.319575 0.91875 0.301271 0.917188 0.298656 0.917188 0.272508 0.915625 0.269893 0.915625 0.256819 0.914062 0.254204 0.914062 0.243745
6 0.834375 0.745796 0.834375 0.75364 0.832812 0.756255 0.829687 0.756255 0.828125 0.75887 0.810937 0.75887 0.809375 0.761485 0.764062 0.761485 0.7625 0.7641 0.753125 0.7641 0.751562 0.766715 0.742188 0.766715 0.740625 0.76933 0.703125 0.76933 0.701562 0.771944 0.676562 0.771944 0.675 0.774559 0.665625 0.774559 0.664062 0.777174 0.65625 0.777174 0.654687 0.779789 0.615625 0.779789 0.614062 0.782404 0.603125 0.782404 0.603125 0.792863 0.628125 0.792863 0.629687 0.790248 0.659375 0.790248 0.660937 0.787633 0.66875 0.787633 0.670312 0.785019 0.682813 0.785019 0.684375 0.782404 0.7125 0.782404 0.714063 0.779789 0.74375 0.779789 0.745313 0.777174 0.754687 0.777174 0.75625 0.774559 0.770312 0.774559 0.771875 0.771944 0.798437 0.771944 0.8 0.76933 0.832812 0.76933 0.834375 0.766715 0.845312 0.766715 0.846875 0.7641 0.85625 0.7641 0.857812 0.761485 0.878125 0.761485 0.879687 0.75887 0.90625 0.75887 0.907812 0.756255 0.926562 0.756255 0.928125 0.75364 0.929688 0.75364 0.929688 0.745796
7 0.084375 0.766715 0.084375 0.777174 0.1 0.777174 0.101562 0.779789 0.154687 0.779789 0.15625 0.782404 0.171875 0.782404 0.173437 0.785019 0.182812 0.785019 0.184375 0.787633 0.210938 0.787633 0.2125 0.790248 0.259375 0.790248 0.260937 0.792863 0.3125 0.792863 0.315625 0.798093 0.315625 0.805937 0.339062 0.805937 0.339062 0.792863 0.334375 0.792863 0.332812 0.790248 0.321875 0.790248 0.320312 0.787633 0.317187 0.787633 0.315625 0.785019 0.307812 0.785019 0.30625 0.782404 0.198437 0.782404 0.196875 0.779789 0.185937 0.779789 0.182812 0.774559 0.182812 0.766715
6 0.289062 0.212366 0.289062 0.23067 0.332812 0.23067 0.332812 0.212366
6 0.584375 0.212366 0.584375 0.23067 0.653125 0.23067 0.653125 0.212366
6 0.065625 0.243745 0.065625 0.547067 0.0765625 0.547067 0.0765625 0.243745
6 0.365625 0.212366 0.365625 0.23067 0.548437 0.23067 0.548437 0.212366
