6 0.490712 0.002303 0.481382 0.001167 0.432816 0.081167 0.441955 0.083991
6 0.248852 0.001814 0.257566 0.001325 0.394995 0.097098 0.394495 0.105158
9 0.689745 0.001530 0.683826 0.003880 0.888672 0.759732 0.892306 0.757744
3 0.896918 0.787066 0.895855 0.788644 0.891605 0.788644 0.890542 0.790221 0.890542 0.793375 0.889479 0.794953 0.889479 0.799685 0.888417 0.801262 0.888417 0.802839 0.887354 0.804416 0.887354 0.810726 0.888417 0.812303 0.888417 0.817035 0.887354 0.818612 0.887354 0.839117 0.913921 0.839117 0.914984 0.840694 0.922423 0.840694 0.923486 0.839117 0.923486 0.823344 0.922423 0.821767 0.923486 0.820189 0.923486 0.813880 0.922423 0.812303 0.922423 0.802839 0.921360 0.801262 0.921360 0.799685 0.920298 0.798107 0.920298 0.794953 0.918172 0.791798 0.918172 0.790221 0.917109 0.788644 0.916047 0.788644 0.914984 0.787066
4 0.795962 0.790221 0.795962 0.791798 0.794899 0.793375 0.794899 0.796530 0.793836 0.798107 0.793836 0.801262 0.792774 0.802839 0.792774 0.805994 0.791711 0.807571 0.791711 0.812303 0.790648 0.813880 0.790648 0.824921 0.791711 0.826498 0.791711 0.828076 0.790648 0.829653 0.790648 0.840694 0.791711 0.842271 0.793836 0.842271 0.794899 0.843849 0.822529 0.843849 0.823592 0.845426 0.828905 0.845426 0.828905 0.842271 0.827843 0.840694 0.827843 0.829653 0.828905 0.828076 0.828905 0.813880 0.827843 0.812303 0.827843 0.807571 0.828905 0.805994 0.828905 0.802839 0.829968 0.801262 0.829968 0.791798 0.828905 0.790221 0.827843 0.791798 0.827843 0.804416 0.826780 0.805994 0.825717 0.805994 0.824655 0.804416 0.824655 0.794953 0.823592 0.793375 0.823592 0.791798 0.822529 0.790221
3 0.407014 0.088328 0.405951 0.089905 0.402763 0.089905 0.400638 0.093060 0.400638 0.094637 0.399575 0.096215 0.399575 0.102524 0.398512 0.104101 0.398512 0.115142 0.396387 0.118297 0.398512 0.121451 0.398512 0.137224 0.399575 0.138801 0.399575 0.140379 0.400638 0.141956 0.434644 0.141956 0.435707 0.140379 0.434644 0.138801 0.434644 0.130915 0.435707 0.129338 0.434644 0.127760 0.434644 0.113565 0.433581 0.111987 0.433581 0.110410 0.434644 0.108833 0.434644 0.107256 0.433581 0.105678 0.433581 0.102524 0.432519 0.100946 0.432519 0.094637 0.434644 0.091483 0.434644 0.089905 0.417641 0.089905 0.416578 0.088328 0.415515 0.088328 0.414453 0.089905 0.410202 0.089905 0.409139 0.088328
3 0.693943 0.804416 0.692880 0.804416 0.692880 0.805994 0.693943 0.804416 0.697131 0.798107 0.697131 0.821767 0.693943 0.826498 0.693943 0.832808 0.695005 0.834385 0.701382 0.834385 0.702444 0.832808 0.730074 0.832808 0.731137 0.834385 0.733262 0.834385 0.734325 0.832808 0.733262 0.831230 0.733262 0.799685 0.732200 0.798107 0.732200 0.796530 0.731137 0.794953 0.731137 0.791798 0.730074 0.790221 0.730074 0.788644 0.729012 0.787066 0.729012 0.785489 0.732200 0.780757 0.733262 0.780757 0.731137 0.780757 0.730074 0.779180 0.729012 0.779180 0.727949 0.777603 0.726886 0.777603 0.725824 0.779180 0.700319 0.779180 0.699256 0.780757 0.698193 0.780757 0.698193 0.782334 0.699256 0.783912 0.699256 0.790221 0.698193 0.791798 0.698193 0.796530 0.697131 0.798107
3 0.624867 0.782334 0.623804 0.783912 0.622742 0.783912 0.621679 0.785489 0.621679 0.791798 0.620616 0.793375 0.620616 0.802839 0.619554 0.804416 0.619554 0.805994 0.620616 0.807571 0.620616 0.809148 0.619554 0.810726 0.619554 0.829653 0.620616 0.831230 0.621679 0.831230 0.622742 0.832808 0.632306 0.832808 0.633369 0.831230 0.635494 0.831230 0.636557 0.832808 0.647184 0.832808 0.648247 0.831230 0.651435 0.831230 0.652497 0.829653 0.652497 0.815457 0.651435 0.813880 0.651435 0.805994 0.652497 0.804416 0.651435 0.802839 0.651435 0.796530 0.650372 0.794953 0.650372 0.790221 0.649309 0.788644 0.649309 0.785489 0.648247 0.783912 0.647184 0.783912 0.646121 0.782334
2 0.468650 0.225552 0.467588 0.227129 0.466525 0.227129 0.465462 0.228707 0.465462 0.235016 0.464400 0.236593 0.464400 0.249211 0.463337 0.250789 0.463337 0.253943 0.462274 0.255521 0.462274 0.271293 0.463337 0.272871 0.463337 0.274448 0.465462 0.274448 0.466525 0.276025 0.476089 0.276025 0.477152 0.274448 0.478215 0.274448 0.479277 0.276025 0.484591 0.276025 0.485654 0.274448 0.486716 0.274448 0.487779 0.276025 0.493092 0.276025 0.494155 0.274448 0.495218 0.274448 0.495218 0.272871 0.496281 0.271293 0.496281 0.263407 0.495218 0.261830 0.495218 0.238170 0.494155 0.236593 0.494155 0.230284 0.493092 0.228707 0.493092 0.227129 0.490967 0.227129 0.489904 0.225552 0.475027 0.225552 0.473964 0.227129 0.472901 0.225552
9 0.640786 0.000994 0.647418 0.001751 0.714623 0.774038 0.709501 0.772003
9 0.555611 0.003139 0.548533 0.004117 0.487566 0.218770 0.491860 0.221498
9 0.623475 0.000946 0.628576 0.000789 0.638215 0.773707 0.632614 0.773707
