6 0.525271 0.472382 0.522040 0.472382 0.524230 0.679338 0.528374 0.678864
6 0.375452 0.323344 0.386929 0.746372 0.383209 0.746688 0.369362 0.323328
6 0.503719 0.718612 0.504251 0.727760 0.408289 0.791009 0.407333 0.784227
6 0.350372 0.327129 0.346440 0.318454 0.184803 0.547792 0.188098 0.555047
7 0.655473 0.109937 0.655473 0.118297 0.394368 0.277129 0.394793 0.270505
6 0.000000 0.078233 0.000000 0.093849 0.080659 0.283596 0.083847 0.273817
6 0.347651 0.297461 0.347938 0.290063 0.122104 0.321609 0.122529 0.330757
2 0.149841 0.559937 0.148778 0.561514 0.148778 0.563091 0.147715 0.564669 0.147715 0.567823 0.146652 0.569401 0.146652 0.574132 0.145590 0.575710 0.145590 0.596215 0.144527 0.597792 0.144527 0.602524 0.145590 0.604101 0.145590 0.607256 0.146652 0.608833 0.177471 0.608833 0.177471 0.607256 0.178533 0.605678 0.177471 0.604101 0.177471 0.586751 0.178533 0.585174 0.178533 0.578864 0.177471 0.577287 0.177471 0.572555 0.176408 0.570978 0.176408 0.566246 0.175345 0.564669 0.175345 0.563091 0.173220 0.559937
2 0.375133 0.777603 0.374070 0.779180 0.371945 0.779180 0.370882 0.780757 0.370882 0.788644 0.369819 0.790221 0.369819 0.796530 0.368757 0.798107 0.368757 0.799685 0.369819 0.801262 0.369819 0.804416 0.368757 0.805994 0.368757 0.826498 0.374070 0.826498 0.375133 0.828076 0.399575 0.828076 0.400638 0.826498 0.400638 0.823344 0.401700 0.821767 0.401700 0.820189 0.400638 0.818612 0.400638 0.788644 0.399575 0.787066 0.399575 0.782334 0.397450 0.779180 0.395324 0.779180 0.394261 0.777603 0.385760 0.777603 0.384697 0.779180 0.382572 0.779180 0.381509 0.777603
4 0.665250 0.074132 0.664187 0.075710 0.663124 0.075710 0.663124 0.078864 0.662062 0.080442 0.662062 0.085174 0.660999 0.086751 0.660999 0.093060 0.659936 0.094637 0.659936 0.097792 0.660999 0.099369 0.660999 0.102524 0.659936 0.104101 0.659936 0.121451 0.662062 0.124606 0.664187 0.124606 0.665250 0.123028 0.671626 0.123028 0.672689 0.124606 0.674814 0.124606 0.675877 0.123028 0.691817 0.123028 0.692880 0.121451 0.692880 0.102524 0.691817 0.100946 0.692880 0.099369 0.692880 0.091483 0.691817 0.089905 0.691817 0.086751 0.690755 0.085174 0.690755 0.082019 0.689692 0.080442 0.689692 0.075710 0.688629 0.074132 0.678002 0.074132 0.676939 0.075710 0.675877 0.074132
6 0.502657 0.424132 0.503188 0.411987 0.394155 0.304259 0.394155 0.316246
2 0.089267 0.305994 0.087141 0.309148 0.087141 0.317035 0.086079 0.318612 0.086079 0.321767 0.085016 0.323344 0.085016 0.328076 0.086079 0.329653 0.086079 0.335962 0.085016 0.337539 0.085016 0.351735 0.086079 0.353312 0.087141 0.353312 0.088204 0.354890 0.089267 0.353312 0.093518 0.353312 0.094580 0.354890 0.104145 0.354890 0.105207 0.353312 0.110521 0.353312 0.111583 0.354890 0.115834 0.354890 0.116897 0.353312 0.116897 0.351735 0.117960 0.350158 0.117960 0.348580 0.116897 0.347003 0.116897 0.318612 0.115834 0.317035 0.115834 0.312303 0.114772 0.310726 0.114772 0.307571 0.113709 0.307571 0.112646 0.305994
2 0.509033 0.414826 0.509033 0.419558 0.507970 0.421136 0.507970 0.425868 0.506908 0.427445 0.506908 0.430599 0.505845 0.432177 0.505845 0.433754 0.506908 0.435331 0.506908 0.440063 0.505845 0.441640 0.505845 0.462145 0.507970 0.462145 0.509033 0.463722 0.511158 0.463722 0.512221 0.462145 0.514346 0.462145 0.515409 0.463722 0.518597 0.463722 0.519660 0.462145 0.522848 0.462145 0.523911 0.463722 0.527099 0.463722 0.528162 0.462145 0.534538 0.462145 0.535600 0.463722 0.536663 0.463722 0.538789 0.460568 0.537726 0.458991 0.537726 0.427445 0.536663 0.425868 0.536663 0.419558 0.535600 0.417981 0.535600 0.414826
3 0.352816 0.258675 0.350691 0.261830 0.350691 0.264984 0.353879 0.269716 0.352816 0.271293 0.352816 0.272871 0.351753 0.274448 0.351753 0.276025 0.350691 0.277603 0.350691 0.279180 0.349628 0.280757 0.349628 0.318612 0.358130 0.318612 0.359192 0.317035 0.382572 0.317035 0.383634 0.318612 0.387885 0.318612 0.388948 0.317035 0.390011 0.317035 0.391073 0.315457 0.390011 0.313880 0.390011 0.309148 0.388948 0.307571 0.388948 0.301262 0.390011 0.299685 0.390011 0.287066 0.388948 0.285489 0.388948 0.283912 0.387885 0.282334 0.387885 0.277603 0.386823 0.276025 0.386823 0.271293 0.390011 0.266562 0.390011 0.261830 0.388948 0.260252 0.382572 0.260252 0.381509 0.261830 0.361318 0.261830 0.360255 0.260252 0.354942 0.260252 0.353879 0.258675
3 0.751328 0.208202 0.748140 0.212934 0.742827 0.212934 0.741764 0.214511 0.740701 0.214511 0.739639 0.216088 0.738576 0.216088 0.737513 0.214511 0.735388 0.214511 0.734325 0.216088 0.725824 0.216088 0.724761 0.217666 0.722635 0.217666 0.721573 0.216088 0.716259 0.216088 0.715197 0.217666 0.708820 0.217666 0.709883 0.217666 0.712009 0.220820 0.712009 0.225552 0.713071 0.227129 0.713071 0.228707 0.708820 0.235016 0.708820 0.238170 0.707758 0.239748 0.707758 0.242902 0.708820 0.244479 0.708820 0.253943 0.709883 0.255521 0.709883 0.264984 0.707758 0.268139 0.707758 0.276025 0.709883 0.276025 0.710946 0.274448 0.712009 0.274448 0.713071 0.272871 0.714134 0.272871 0.715197 0.271293 0.724761 0.271293 0.725824 0.272871 0.729012 0.272871 0.730074 0.271293 0.732200 0.271293 0.733262 0.272871 0.739639 0.272871 0.740701 0.274448 0.741764 0.274448 0.742827 0.276025 0.751328 0.276025 0.752391 0.274448 0.752391 0.268139 0.751328 0.266562 0.751328 0.247634 0.752391 0.246057 0.751328 0.244479
6 0.341392 0.017145 0.337673 0.017303 0.365228 0.256009 0.369416 0.255095
2 0.513284 0.684543 0.512221 0.686120 0.512221 0.687697 0.511158 0.689274 0.511158 0.695584 0.510096 0.697161 0.510096 0.701893 0.509033 0.703470 0.509033 0.733438 0.513284 0.733438 0.514346 0.735016 0.517535 0.735016 0.518597 0.733438 0.531350 0.733438 0.532412 0.735016 0.533475 0.735016 0.534538 0.733438 0.540914 0.733438 0.540914 0.731861 0.541977 0.730284 0.541977 0.727129 0.540914 0.725552 0.540914 0.695584 0.539851 0.694006 0.539851 0.689274 0.537726 0.686120 0.532412 0.686120 0.531350 0.684543 0.528162 0.684543 0.527099 0.686120 0.516472 0.686120 0.515409 0.684543
6 0.703613 0.243533 0.703826 0.250946 0.393305 0.288959 0.393199 0.282492
