9 0.508852 0.642524 0.511190 0.647098 0.636621 0.505174 0.635664 0.498864
3 0.023379 0.447950 0.021254 0.451104 0.021254 0.458991 0.020191 0.460568 0.020191 0.465300 0.019129 0.466877 0.019129 0.470032 0.020191 0.471609 0.020191 0.479495 0.019129 0.481073 0.019129 0.495268 0.020191 0.496845 0.049947 0.496845 0.051010 0.495268 0.052072 0.495268 0.052072 0.474763 0.051010 0.473186 0.052072 0.471609 0.052072 0.465300 0.051010 0.463722 0.051010 0.460568 0.049947 0.458991 0.049947 0.454259 0.048884 0.452681 0.048884 0.449527 0.047821 0.447950
4 0.476089 0.646688 0.475027 0.648265 0.475027 0.649842 0.473964 0.651420 0.473964 0.657729 0.472901 0.659306 0.472901 0.662461 0.471838 0.664038 0.471838 0.694006 0.473964 0.697161 0.475027 0.695584 0.493092 0.695584 0.494155 0.697161 0.495218 0.695584 0.503719 0.695584 0.504782 0.694006 0.504782 0.664038 0.503719 0.662461 0.503719 0.659306 0.502657 0.657729 0.502657 0.652997 0.501594 0.651420 0.501594 0.648265 0.500531 0.646688
4 0.695005 0.906940 0.692880 0.910095 0.692880 0.916404 0.691817 0.917981 0.691817 0.922713 0.690755 0.924290 0.690755 0.930599 0.691817 0.932177 0.691817 0.933754 0.690755 0.935331 0.690755 0.955836 0.722635 0.955836 0.723698 0.954259 0.723698 0.935331 0.722635 0.933754 0.722635 0.932177 0.723698 0.930599 0.723698 0.924290 0.722635 0.922713 0.722635 0.919558 0.721573 0.917981 0.721573 0.913249 0.720510 0.911672 0.720510 0.908517 0.719447 0.906940
4 0.710946 0.664038 0.709883 0.665615 0.709883 0.667192 0.708820 0.668770 0.708820 0.675079 0.707758 0.676656 0.707758 0.679811 0.706695 0.681388 0.706695 0.686120 0.707758 0.687697 0.707758 0.694006 0.706695 0.695584 0.706695 0.711356 0.708820 0.714511 0.725824 0.714511 0.726886 0.712934 0.734325 0.712934 0.735388 0.714511 0.736451 0.712934 0.738576 0.712934 0.739639 0.711356 0.739639 0.681388 0.738576 0.679811 0.738576 0.676656 0.737513 0.675079 0.737513 0.670347 0.736451 0.668770 0.736451 0.665615 0.735388 0.664038
4 0.669501 0.449527 0.668438 0.451104 0.642933 0.451104 0.641870 0.452681 0.640808 0.452681 0.639745 0.454259 0.639745 0.458991 0.638682 0.460568 0.638682 0.503155 0.640808 0.503155 0.641870 0.504732 0.648247 0.504732 0.649309 0.503155 0.671626 0.503155 0.672689 0.504732 0.673751 0.503155 0.674814 0.503155 0.675877 0.501577 0.675877 0.487382 0.674814 0.485804 0.674814 0.451104 0.673751 0.449527
3 0.177471 0.678233 0.175345 0.681388 0.175345 0.686120 0.174283 0.687697 0.174283 0.690852 0.172157 0.694006 0.172157 0.701893 0.173220 0.703470 0.173220 0.706625 0.172157 0.708202 0.172157 0.728707 0.204038 0.728707 0.205101 0.727129 0.205101 0.723975 0.206164 0.722397 0.206164 0.703470 0.207226 0.701893 0.207226 0.698738 0.206164 0.697161 0.206164 0.690852 0.205101 0.689274 0.205101 0.686120 0.204038 0.684543 0.204038 0.682965 0.200850 0.678233
7 0.212019 0.702003 0.212264 0.697429 0.471307 0.667508 0.468587 0.676372
9 0.058130 0.501483 0.056482 0.506120 0.167396 0.672208 0.169511 0.667003
9 0.167715 0.716751 0.167609 0.709811 0.000000 0.797744 0.000000 0.802934
9 0.168927 0.728975 0.166270 0.723927 0.009458 0.895300 0.011158 0.901924
9 0.492869 0.704653 0.496312 0.703186 0.544176 0.957666 0.540457 0.957666
9 0.511020 0.694574 0.509426 0.698344 0.684378 0.905836 0.687588 0.901593
9 0.510106 0.669716 0.511169 0.675237 0.702285 0.691057 0.702391 0.683644
6 0.184495 0.737492 0.189065 0.737492 0.164506 0.978233 0.159936 0.978707
