3 0.164718 0.132492 0.163656 0.134069 0.160468 0.134069 0.159405 0.135647 0.159405 0.137224 0.158342 0.138801 0.158342 0.143533 0.157279 0.145110 0.157279 0.160883 0.156217 0.162461 0.156217 0.178233 0.157279 0.179811 0.157279 0.181388 0.189160 0.181388 0.189160 0.160883 0.188098 0.159306 0.189160 0.157729 0.189160 0.149842 0.188098 0.148265 0.188098 0.145110 0.187035 0.143533 0.187035 0.138801 0.185972 0.137224 0.185972 0.134069 0.184910 0.132492
9 0.363188 0.145868 0.363411 0.150110 0.195058 0.158943 0.195494 0.154038
9 0.408682 0.170489 0.406451 0.173486 0.634952 0.438596 0.636227 0.434811
9 0.652232 0.495899 0.648480 0.494890 0.616833 0.657413 0.619458 0.660095
9 0.604049 0.742256 0.599862 0.741703 0.568119 0.932555 0.571562 0.935662
9 0.150361 0.169811 0.151382 0.174353 0.001700 0.274290 0.001382 0.267666
4 0.103401 0.889748 0.104995 0.889590 0.106057 0.889590 0.107651 0.890063 0.107864 0.893218 0.108077 0.897161 0.109777 0.902524 0.111052 0.909148 0.110096 0.919716 0.110308 0.923502 0.110733 0.939117 0.108395 0.940063 0.107333 0.941640 0.077577 0.941640 0.076514 0.940063 0.076514 0.933754 0.075452 0.932177 0.075452 0.925868 0.076514 0.924290 0.076514 0.908517 0.077577 0.906940 0.077577 0.903785 0.078640 0.902208 0.078640 0.897476 0.080234 0.888486 0.090542 0.888801 0.101700 0.889590
4 0.548353 0.963722 0.546227 0.966877 0.546227 0.973186 0.545165 0.974763 0.545165 0.981073 0.575983 0.981073 0.575983 0.976341 0.574920 0.974763 0.574920 0.970032 0.573858 0.968454 0.573858 0.965300 0.572795 0.963722
9 0.000287 0.391562 0.000000 0.399732 0.000000 0.409385 0.082072 0.860221 0.085356 0.859732
4 0.595112 0.684543 0.594049 0.686120 0.594049 0.687697 0.592986 0.689274 0.592986 0.695584 0.591923 0.697161 0.591923 0.700315 0.590861 0.701893 0.590861 0.708202 0.591923 0.709779 0.591923 0.711356 0.590861 0.712934 0.590861 0.731861 0.591923 0.733438 0.594049 0.733438 0.595112 0.735016 0.605739 0.735016 0.606801 0.733438 0.607864 0.735016 0.620616 0.735016 0.621679 0.733438 0.622742 0.733438 0.622742 0.730284 0.623804 0.728707 0.623804 0.727129 0.622742 0.725552 0.622742 0.697161 0.621679 0.695584 0.621679 0.692429 0.620616 0.690852 0.620616 0.687697 0.618491 0.684543
4 0.672689 0.432177 0.671626 0.433754 0.664187 0.433754 0.663124 0.435331 0.660999 0.435331 0.659936 0.433754 0.638682 0.433754 0.637620 0.435331 0.637620 0.436909 0.636557 0.438486 0.636557 0.441640 0.637620 0.443218 0.637620 0.477918 0.636557 0.479495 0.636557 0.485804 0.637620 0.487382 0.637620 0.490536 0.638682 0.490536 0.639745 0.492114 0.645058 0.492114 0.646121 0.493691 0.647184 0.492114 0.674814 0.492114 0.675877 0.490536 0.676939 0.490536 0.676939 0.454259 0.675877 0.452681 0.675877 0.444795 0.676939 0.443218 0.676939 0.435331 0.675877 0.435331 0.673751 0.432177
3 0.385760 0.121451 0.384697 0.123028 0.371945 0.123028 0.371945 0.124606 0.370882 0.126183 0.370882 0.130915 0.369819 0.132492 0.369819 0.137224 0.368757 0.138801 0.368757 0.170347 0.376196 0.170347 0.377258 0.171924 0.381509 0.171924 0.382572 0.170347 0.400638 0.170347 0.401700 0.168770 0.401700 0.157729 0.400638 0.156151 0.400638 0.143533 0.401700 0.141956 0.400638 0.140379 0.400638 0.135647 0.399575 0.134069 0.399575 0.127760 0.398512 0.126183 0.398512 0.124606 0.397450 0.123028 0.396387 0.123028 0.395324 0.121451
