9 0.334375 0.00371155 0.334375 0.0431363 0.340625 0.0431363 0.342187 0.0454554 0.342187 0.0500937 0.34375 0.0524128 0.34375 0.0663274 0.345313 0.0686465 0.345313 0.0732847 0.35 0.080242 0.35 0.0964758 0.351562 0.0987949 0.351562 0.105752 0.353125 0.108071 0.353125 0.11039 0.35625 0.115029 0.35625 0.131262 0.357812 0.133581 0.357812 0.13822 0.359375 0.140539 0.359375 0.142858 0.3625 0.147496 0.3625 0.16373 0.364063 0.166049 0.364063 0.173006 0.36875 0.179964 0.36875 0.198516 0.370313 0.200835 0.370313 0.205474 0.375 0.212431 0.375 0.226346 0.376563 0.228665 0.376563 0.235622 0.378125 0.237941 0.379688 0.235622 0.379688 0.219388 0.378125 0.217069 0.378125 0.212431 0.376563 0.210112 0.375 0.210112 0.373437 0.207793 0.373437 0.186921 0.371875 0.184602 0.371875 0.177644 0.367188 0.170687 0.367188 0.152134 0.365625 0.149815 0.365625 0.145177 0.360938 0.13822 0.360938 0.119667 0.359375 0.117348 0.359375 0.11039 0.354688 0.103433 0.354688 0.0871993 0.353125 0.0848802 0.353125 0.0779229 0.35 0.0732847 0.35 0.0709656 0.348438 0.0686465 0.348438 0.0524128 0.346875 0.0500937 0.346875 0.0454554 0.345313 0.0431363 0.345313 0.0408172 0.34375 0.0384981 0.34375 0.036179 0.342187 0.0338599 0.342187 0.0176262 0.340625 0.0153071 0.340625 0.00371155
1 0.934375 0.374768 0.934375 0.425789 0.964063 0.425789 0.965625 0.42347 0.967188 0.42347 0.96875 0.42115 0.96875 0.409555 0.967188 0.407236 0.967188 0.374768
3 0.490625 0.18924 0.490625 0.242579 0.525 0.242579 0.525 0.200835 0.523438 0.198516 0.523438 0.18924
1 0.371875 0.244898 0.371875 0.307514 0.40625 0.307514 0.40625 0.254175 0.404687 0.251856 0.404687 0.244898
4 0.640625 0.42115 0.640625 0.483766 0.673438 0.483766 0.673438 0.476809 0.675 0.47449 0.675 0.472171 0.676562 0.469852 0.676562 0.437384 0.675 0.435065 0.675 0.42115
6 0.245312 0.012988 0.245312 0.0199453 0.24375 0.0222644 0.24375 0.0384981 0.242188 0.0408172 0.242188 0.0547319 0.240625 0.057051 0.240625 0.0593701 0.239063 0.0616892 0.239063 0.0709656 0.2375 0.0732847 0.2375 0.0941567 0.235938 0.0964758 0.235938 0.105752 0.234375 0.108071 0.234375 0.11039 0.232813 0.112709 0.232813 0.119667 0.23125 0.121986 0.23125 0.142858 0.229687 0.145177 0.229687 0.154453 0.226562 0.159092 0.221875 0.159092 0.221875 0.217069 0.226562 0.217069 0.226562 0.21475 0.228125 0.212431 0.228125 0.207793 0.229687 0.205474 0.229687 0.186921 0.23125 0.184602 0.23125 0.173006 0.232813 0.170687 0.232813 0.166049 0.234375 0.16373 0.234375 0.159092 0.235938 0.156772 0.235938 0.13822 0.2375 0.135901 0.2375 0.124305 0.239063 0.121986 0.239063 0.115029 0.240625 0.112709 0.240625 0.105752 0.242188 0.103433 0.242188 0.0825611 0.24375 0.080242 0.24375 0.0686465 0.245312 0.0663274 0.245312 0.0640083 0.246875 0.0616892 0.246875 0.0524128 0.248438 0.0500937 0.248438 0.0269026 0.25 0.0245835 0.25 0.012988
3 0.659375 0.18924 0.659375 0.251856 0.698438 0.251856 0.698438 0.242579 0.7 0.24026 0.7 0.228665 0.698438 0.226346 0.698438 0.224027 0.7 0.221707 0.7 0.21475 0.698438 0.212431 0.698438 0.200835 0.696875 0.198516 0.696875 0.18924
3 0.196875 0.244898 0.196875 0.295919 0.228125 0.295919 0.229687 0.298238 0.239063 0.298238 0.239063 0.244898
6 0.003125 0.226346 0.003125 0.237941 0.021875 0.237941 0.0234375 0.24026 0.034375 0.24026 0.0359375 0.242579 0.0390625 0.242579 0.040625 0.244898 0.0453125 0.244898 0.046875 0.247218 0.0703125 0.247218 0.071875 0.249537 0.0875 0.249537 0.0890625 0.251856 0.0921875 0.251856 0.09375 0.254175 0.1 0.254175 0.101562 0.256494 0.132813 0.256494 0.134375 0.258813 0.145313 0.258813 0.146875 0.261132 0.15 0.261132 0.151562 0.263451 0.159375 0.263451 0.160938 0.26577 0.192188 0.26577 0.192188 0.261132 0.1875 0.261132 0.185938 0.258813 0.15625 0.258813 0.154688 0.256494 0.15 0.256494 0.148438 0.254175 0.145313 0.254175 0.14375 0.251856 0.1375 0.251856 0.135937 0.249537 0.107813 0.249537 0.10625 0.247218 0.096875 0.247218 0.0953125 0.244898 0.090625 0.244898 0.0890625 0.242579 0.084375 0.242579 0.0828125 0.24026 0.0546875 0.24026 0.053125 0.237941 0.0421875 0.237941 0.0390625 0.233303 0.0390625 0.226346
6 0.509375 0.00371155 0.509375 0.16373 0.514063 0.16373 0.514063 0.156772 0.515625 0.154453 0.515625 0.124305 0.517188 0.121986 0.517188 0.00371155
6 0.678125 0 0.678125 0.182283 0.689063 0.182283 0.689063 0
