6 0.941339 0.775237 0.936174 0.775631 0.958459 0.933707 0.962168 0.933123
7 0.930701 0.505410 0.933475 0.505631 0.933634 0.683470 0.930861 0.682981
6 0.680946 0.479953 0.680446 0.472713 0.910733 0.467350 0.910308 0.476025
4 0.645058 0.449527 0.643996 0.451104 0.640808 0.451104 0.639745 0.452681 0.639745 0.454259 0.638682 0.455836 0.638682 0.490536 0.637620 0.492114 0.637620 0.501577 0.638682 0.503155 0.639745 0.503155 0.640808 0.504732 0.649309 0.504732 0.650372 0.503155 0.651435 0.504732 0.654623 0.504732 0.655685 0.503155 0.667375 0.503155 0.668438 0.504732 0.670563 0.504732 0.671626 0.503155 0.674814 0.503155 0.675877 0.501577 0.675877 0.490536 0.674814 0.488959 0.674814 0.451104 0.673751 0.449527 0.667375 0.449527 0.666312 0.451104 0.657811 0.451104 0.656748 0.449527 0.652497 0.449527 0.651435 0.451104 0.648247 0.451104 0.647184 0.449527
3 0.923486 0.714511 0.922423 0.716088 0.914984 0.716088 0.913921 0.717666 0.913921 0.719243 0.912859 0.720820 0.912859 0.733438 0.911796 0.735016 0.912859 0.736593 0.912859 0.742902 0.911796 0.744479 0.911796 0.747634 0.912859 0.749211 0.912859 0.755521 0.911796 0.757098 0.911796 0.758675 0.912859 0.760252 0.912859 0.766562 0.913921 0.768139 0.913921 0.769716 0.950053 0.769716 0.950053 0.753943 0.951116 0.752366 0.951116 0.746057 0.950053 0.744479 0.950053 0.720820 0.951116 0.719243 0.951116 0.716088 0.950053 0.714511 0.938363 0.714511 0.937301 0.716088 0.931987 0.716088 0.930925 0.714511 0.929862 0.716088 0.924548 0.716088
9 0.984261 0.739574 0.984474 0.745252 0.953443 0.744621 0.953656 0.739416
6 0.954942 0.762776 0.985122 0.794637 0.985441 0.800789 0.954729 0.768770
9 0.953773 0.773817 0.949097 0.773659 1.000000 0.864669 1.000000 0.857886
9 0.933900 0.774448 0.928959 0.774621 0.926302 0.933770 0.929968 0.933281
4 0.919235 0.447950 0.918172 0.449527 0.918172 0.451104 0.917109 0.452681 0.917109 0.457413 0.916047 0.458991 0.916047 0.463722 0.914984 0.465300 0.914984 0.495268 0.916047 0.496845 0.946865 0.496845 0.947928 0.495268 0.947928 0.474763 0.946865 0.473186 0.947928 0.471609 0.947928 0.465300 0.946865 0.463722 0.946865 0.458991 0.945802 0.457413 0.945802 0.454259 0.944740 0.452681 0.944740 0.449527 0.943677 0.447950
6 0.953921 0.769196 0.985547 0.808360 0.985441 0.816088 0.953921 0.772350
