1 0.875664 0.779180 0.874601 0.780757 0.852285 0.780757 0.852285 0.782334 0.851222 0.783912 0.851222 0.788644 0.850159 0.790221 0.850159 0.793375 0.849097 0.794953 0.849097 0.820189 0.848034 0.821767 0.849097 0.823344 0.849097 0.828076 0.852285 0.828076 0.853348 0.829653 0.879915 0.829653 0.880978 0.828076 0.882040 0.828076 0.882040 0.807571 0.880978 0.805994 0.880978 0.804416 0.882040 0.802839 0.882040 0.798107 0.880978 0.796530 0.880978 0.791798 0.879915 0.790221 0.879915 0.785489 0.878852 0.783912 0.878852 0.780757 0.876727 0.780757
4 0.180659 0.170347 0.179596 0.171924 0.179596 0.173502 0.178533 0.175079 0.178533 0.179811 0.177471 0.181388 0.177471 0.186120 0.176408 0.187697 0.176408 0.219243 0.177471 0.220820 0.206164 0.220820 0.207226 0.219243 0.209352 0.219243 0.209352 0.200315 0.208289 0.198738 0.208289 0.197161 0.209352 0.195584 0.209352 0.189274 0.208289 0.187697 0.208289 0.182965 0.207226 0.181388 0.207226 0.178233 0.206164 0.176656 0.206164 0.173502 0.205101 0.171924 0.205101 0.170347
1 0.481403 0.249211 0.480340 0.250789 0.478215 0.250789 0.478215 0.252366 0.477152 0.253943 0.477152 0.260252 0.476089 0.261830 0.476089 0.268139 0.475027 0.269716 0.475027 0.271293 0.476089 0.272871 0.476089 0.277603 0.475027 0.279180 0.475027 0.298107 0.476089 0.298107 0.477152 0.299685 0.505845 0.299685 0.506908 0.298107 0.507970 0.298107 0.507970 0.280757 0.506908 0.279180 0.506908 0.271293 0.507970 0.269716 0.506908 0.268139 0.506908 0.261830 0.505845 0.260252 0.505845 0.257098 0.504782 0.255521 0.504782 0.252366 0.503719 0.250789 0.501594 0.250789 0.500531 0.249211 0.486716 0.249211 0.485654 0.250789 0.484591 0.249211
4 0.378321 0.039432 0.376196 0.042587 0.376196 0.044164 0.375133 0.045741 0.375133 0.048896 0.374070 0.050473 0.374070 0.055205 0.373007 0.056782 0.373007 0.091483 0.374070 0.091483 0.375133 0.093060 0.390011 0.093060 0.391073 0.091483 0.405951 0.091483 0.407014 0.093060 0.408077 0.093060 0.408077 0.067823 0.407014 0.066246 0.408077 0.064669 0.408077 0.058360 0.407014 0.056782 0.407014 0.055205 0.405951 0.053628 0.405951 0.050473 0.404888 0.048896 0.404888 0.042587 0.402763 0.039432
4 0.648247 0.646688 0.647184 0.648265 0.647184 0.649842 0.646121 0.651420 0.646121 0.657729 0.645058 0.659306 0.645058 0.662461 0.643996 0.664038 0.643996 0.668770 0.645058 0.670347 0.645058 0.673502 0.643996 0.675079 0.643996 0.694006 0.645058 0.695584 0.675877 0.695584 0.676939 0.694006 0.676939 0.671924 0.675877 0.670347 0.676939 0.668770 0.676939 0.664038 0.675877 0.662461 0.675877 0.659306 0.674814 0.657729 0.674814 0.652997 0.673751 0.651420 0.673751 0.648265 0.672689 0.646688
1 0.643996 0.465300 0.642933 0.466877 0.642933 0.473186 0.640808 0.476341 0.640808 0.481073 0.639745 0.482650 0.639745 0.500000 0.638682 0.501577 0.638682 0.509464 0.639745 0.511041 0.639745 0.515773 0.640808 0.517350 0.643996 0.517350 0.645058 0.518927 0.646121 0.518927 0.647184 0.517350 0.672689 0.517350 0.673751 0.515773 0.673751 0.512618 0.674814 0.511041 0.674814 0.496845 0.673751 0.495268 0.673751 0.493691 0.674814 0.492114 0.674814 0.481073 0.673751 0.479495 0.673751 0.476341 0.671626 0.473186 0.671626 0.468454 0.669501 0.465300
9 0.985462 0.641278 0.985250 0.631498 0.885069 0.770237 0.889001 0.776230
9 0.807279 0.001498 0.794591 0.001057 0.998767 0.251199 1.000000 0.246577 1.000000 0.243328
9 0.518087 0.000931 0.523677 0.000694 0.497588 0.243927 0.492752 0.242603
9 0.122752 0.000647 0.127535 0.000174 0.176185 0.140205 0.172891 0.144322
6 0.984676 0.506719 0.984570 0.498991 0.683167 0.655032 0.683273 0.664022
6 0.984995 0.451830 0.984251 0.440473 0.679904 0.484448 0.680234 0.491388
