2 0.185972 0.716088 0.184910 0.717666 0.182784 0.717666 0.182784 0.719243 0.181722 0.720820 0.181722 0.727129 0.180659 0.728707 0.180659 0.731861 0.179596 0.733438 0.179596 0.736593 0.180659 0.738170 0.180659 0.739748 0.181722 0.741325 0.180659 0.742902 0.180659 0.744479 0.179596 0.746057 0.179596 0.753943 0.180659 0.755521 0.180659 0.763407 0.181722 0.764984 0.212540 0.764984 0.212540 0.749211 0.211477 0.747634 0.211477 0.742902 0.210414 0.741325 0.210414 0.739748 0.211477 0.738170 0.211477 0.736593 0.212540 0.735016 0.211477 0.733438 0.211477 0.730284 0.210414 0.728707 0.210414 0.722397 0.209352 0.720820 0.209352 0.717666 0.206164 0.717666 0.205101 0.716088
0 0.279490 0.460568 0.278427 0.462145 0.278427 0.463722 0.277365 0.465300 0.277365 0.471609 0.276302 0.473186 0.276302 0.477918 0.275239 0.479495 0.275239 0.481073 0.276302 0.482650 0.276302 0.484227 0.275239 0.485804 0.275239 0.507886 0.276302 0.507886 0.277365 0.509464 0.298618 0.509464 0.299681 0.507886 0.302869 0.507886 0.303932 0.509464 0.306057 0.509464 0.307120 0.507886 0.308183 0.507886 0.308183 0.492114 0.307120 0.490536 0.307120 0.482650 0.308183 0.481073 0.308183 0.479495 0.307120 0.477918 0.307120 0.474763 0.306057 0.473186 0.306057 0.465300 0.304995 0.463722 0.304995 0.462145 0.303932 0.460568
9 0.543677 0.282177 0.634251 0.440489 0.636982 0.436451 0.546865 0.278107
6 0.219437 0.733801 0.219437 0.741120 0.377471 0.719401 0.377024 0.710836
6 0.307024 0.518707 0.379596 0.678707 0.385016 0.677287 0.310627 0.515457
9 0.174176 0.741167 0.174134 0.750095 0.000372 0.792902 0.000021 0.784038
9 0.000648 0.925694 0.000914 0.931924 0.312795 0.922177 0.313061 0.914763
9 0.269968 0.292429 0.271020 0.298675 0.002221 0.433218 0.000000 0.429259 0.000000 0.428328
9 0.505090 0.257965 0.506312 0.265205 0.000021 0.572066 0.000829 0.563612
6 0.524442 0.281230 0.528268 0.281073 0.514878 0.783438 0.511158 0.782650
6 0.533177 0.281546 0.536982 0.279464 0.643092 0.734984 0.639692 0.736767
6 0.547620 0.233502 0.548842 0.243155 0.987566 0.054085 0.986759 0.044416
6 0.270074 0.492760 0.271382 0.499006 0.001010 0.635505 0.001010 0.628864
2 0.337938 0.894322 0.336876 0.895899 0.320935 0.895899 0.320935 0.897476 0.319872 0.899054 0.319872 0.903785 0.318810 0.905363 0.318810 0.906940 0.317747 0.908517 0.317747 0.933754 0.316684 0.935331 0.316684 0.940063 0.317747 0.941640 0.317747 0.943218 0.318810 0.944795 0.348565 0.944795 0.349628 0.943218 0.349628 0.906940 0.348565 0.905363 0.348565 0.900631 0.347503 0.899054 0.347503 0.897476 0.346440 0.895899 0.342189 0.895899 0.341126 0.894322
4 0.643996 0.451104 0.642933 0.452681 0.642933 0.457413 0.641870 0.458991 0.641870 0.460568 0.640808 0.462145 0.640808 0.463722 0.639745 0.465300 0.639745 0.471609 0.638682 0.473186 0.638682 0.500000 0.640808 0.503155 0.643996 0.503155 0.645058 0.504732 0.646121 0.504732 0.647184 0.503155 0.673751 0.503155 0.674814 0.501577 0.674814 0.481073 0.673751 0.479495 0.673751 0.476341 0.674814 0.474763 0.674814 0.471609 0.673751 0.470032 0.673751 0.460568 0.672689 0.458991 0.672689 0.455836 0.671626 0.454259 0.671626 0.452681 0.670563 0.451104
3 0.637620 0.744479 0.636557 0.746057 0.634431 0.746057 0.634431 0.749211 0.633369 0.750789 0.633369 0.755521 0.632306 0.757098 0.632306 0.761830 0.631243 0.763407 0.631243 0.768139 0.632306 0.769716 0.631243 0.771293 0.631243 0.793375 0.632306 0.793375 0.633369 0.794953 0.660999 0.794953 0.662062 0.793375 0.664187 0.793375 0.664187 0.779180 0.663124 0.777603 0.663124 0.766562 0.664187 0.764984 0.663124 0.763407 0.663124 0.758675 0.662062 0.757098 0.662062 0.752366 0.660999 0.750789 0.660999 0.747634 0.659936 0.746057 0.640808 0.746057 0.639745 0.744479
3 0.298618 0.257098 0.297556 0.258675 0.295430 0.258675 0.294368 0.260252 0.293305 0.258675 0.282678 0.258675 0.281615 0.260252 0.280553 0.260252 0.278427 0.263407 0.278427 0.268139 0.277365 0.269716 0.277365 0.307571 0.282678 0.307571 0.283741 0.309148 0.287991 0.309148 0.289054 0.307571 0.296493 0.307571 0.297556 0.309148 0.307120 0.309148 0.309245 0.305994 0.309245 0.301262 0.310308 0.299685 0.310308 0.294953 0.309245 0.293375 0.309245 0.291798 0.310308 0.290221 0.310308 0.279180 0.309245 0.277603 0.309245 0.276025 0.308183 0.274448 0.308183 0.271293 0.307120 0.269716 0.307120 0.264984 0.306057 0.263407 0.306057 0.260252 0.304995 0.258675 0.299681 0.258675
3 0.516472 0.222397 0.515409 0.223975 0.513284 0.223975 0.513284 0.225552 0.512221 0.227129 0.512221 0.233438 0.511158 0.235016 0.511158 0.247634 0.510096 0.249211 0.510096 0.269716 0.511158 0.271293 0.513284 0.271293 0.514346 0.272871 0.533475 0.272871 0.534538 0.271293 0.538789 0.271293 0.539851 0.272871 0.540914 0.271293 0.541977 0.271293 0.543039 0.269716 0.543039 0.253943 0.541977 0.252366 0.541977 0.236593 0.540914 0.235016 0.540914 0.230284 0.539851 0.228707 0.539851 0.223975 0.537726 0.223975 0.536663 0.222397
2 0.384697 0.686120 0.383634 0.687697 0.383634 0.689274 0.382572 0.690852 0.382572 0.695584 0.381509 0.697161 0.381509 0.698738 0.380446 0.700315 0.380446 0.708202 0.381509 0.709779 0.381509 0.714511 0.380446 0.716088 0.380446 0.725552 0.379384 0.727129 0.379384 0.728707 0.380446 0.730284 0.380446 0.735016 0.405951 0.735016 0.407014 0.736593 0.409139 0.736593 0.410202 0.735016 0.412327 0.735016 0.412327 0.698738 0.411265 0.697161 0.411265 0.692429 0.410202 0.690852 0.410202 0.687697 0.409139 0.687697 0.408077 0.686120
2 0.500531 0.791798 0.499469 0.793375 0.497343 0.793375 0.497343 0.794953 0.496281 0.796530 0.496281 0.802839 0.495218 0.804416 0.495218 0.809148 0.494155 0.810726 0.494155 0.840694 0.496281 0.840694 0.497343 0.842271 0.505845 0.842271 0.506908 0.840694 0.510096 0.840694 0.511158 0.842271 0.524973 0.842271 0.527099 0.839117 0.527099 0.835962 0.526036 0.834385 0.526036 0.805994 0.524973 0.804416 0.524973 0.796530 0.522848 0.793375 0.518597 0.793375 0.517535 0.791798 0.506908 0.791798 0.505845 0.793375 0.504782 0.793375 0.503719 0.791798
