1 0.108395 0.282334 0.107333 0.283912 0.094580 0.283912 0.093518 0.285489 0.093518 0.287066 0.092455 0.288644 0.092455 0.291798 0.091392 0.293375 0.091392 0.301262 0.090329 0.302839 0.090329 0.305994 0.091392 0.307571 0.091392 0.310726 0.090329 0.312303 0.090329 0.329653 0.091392 0.331230 0.091392 0.332808 0.121148 0.332808 0.122210 0.331230 0.122210 0.296530 0.121148 0.294953 0.121148 0.291798 0.120085 0.290221 0.120085 0.285489 0.119022 0.283912 0.114772 0.283912 0.113709 0.282334
7 0.196419 0.000631 0.191945 0.000457 0.203337 0.273927 0.206206 0.270773
9 0.278842 0.000331 0.275016 0.000331 0.306780 0.283754 0.311084 0.282855
9 0.119107 0.000584 0.115707 0.000110 0.106727 0.274401 0.110553 0.274716
9 0.404761 0.388785 0.400627 0.389574 0.334761 0.000268 0.338799 0.000268
9 0.500457 0.276893 0.497322 0.278801 0.426493 0.000284 0.427503 0.000000 0.429501 0.000000
9 0.631753 0.435315 0.631626 0.430946 0.429957 0.421483 0.429957 0.426546
9 0.009107 0.055142 0.005813 0.054196 0.000000 0.099527 0.000000 0.106640 0.000074 0.122650
4 0.200850 0.296530 0.199787 0.298107 0.192349 0.298107 0.191286 0.299685 0.191286 0.307571 0.190223 0.309148 0.190223 0.312303 0.188098 0.315457 0.188098 0.342271 0.187035 0.343849 0.187035 0.345426 0.188098 0.347003 0.188098 0.350158 0.215728 0.350158 0.216791 0.351735 0.224230 0.351735 0.224230 0.324921 0.223167 0.323344 0.223167 0.315457 0.222104 0.313880 0.222104 0.312303 0.221041 0.310726 0.221041 0.305994 0.219979 0.304416 0.219979 0.299685 0.218916 0.298107 0.205101 0.298107 0.204038 0.296530
1 0.000000 0.000000 0.000000 0.050473 0.031881 0.050473 0.031881 0.012618 0.028693 0.012618 0.027630 0.011041 0.027630 0.007886 0.026567 0.006309 0.026567 0.004732 0.025505 0.003155 0.025505 0.000000
4 0.648247 0.406940 0.647184 0.408517 0.642933 0.408517 0.641870 0.410095 0.641870 0.414826 0.640808 0.416404 0.640808 0.421136 0.639745 0.422713 0.639745 0.427445 0.638682 0.429022 0.638682 0.447950 0.637620 0.449527 0.637620 0.451104 0.638682 0.452681 0.638682 0.455836 0.637620 0.457413 0.637620 0.460568 0.638682 0.462145 0.648247 0.462145 0.649309 0.460568 0.651435 0.460568 0.652497 0.462145 0.654623 0.462145 0.655685 0.460568 0.672689 0.460568 0.674814 0.457413 0.674814 0.429022 0.673751 0.427445 0.673751 0.421136 0.672689 0.419558 0.672689 0.410095 0.671626 0.408517 0.670563 0.408517 0.669501 0.406940
1 0.395324 0.397476 0.394261 0.399054 0.394261 0.400631 0.393199 0.402208 0.393199 0.406940 0.391073 0.410095 0.391073 0.411672 0.390011 0.413249 0.390011 0.416404 0.388948 0.417981 0.388948 0.436909 0.387885 0.438486 0.388948 0.440063 0.388948 0.449527 0.398512 0.449527 0.399575 0.447950 0.417641 0.447950 0.418704 0.449527 0.419766 0.449527 0.420829 0.447950 0.422954 0.447950 0.424017 0.446372 0.424017 0.422713 0.425080 0.421136 0.424017 0.419558 0.424017 0.408517 0.421892 0.405363 0.421892 0.403785 0.420829 0.402208 0.420829 0.400631 0.419766 0.399054 0.417641 0.399054 0.416578 0.397476 0.408077 0.397476 0.407014 0.399054 0.400638 0.399054 0.399575 0.397476
2 0.307120 0.290221 0.306057 0.291798 0.299681 0.291798 0.298618 0.293375 0.298618 0.294953 0.297556 0.296530 0.297556 0.299685 0.296493 0.301262 0.296493 0.318612 0.295430 0.320189 0.295430 0.335962 0.296493 0.337539 0.296493 0.339117 0.297556 0.339117 0.298618 0.340694 0.302869 0.340694 0.303932 0.339117 0.311371 0.339117 0.312434 0.340694 0.316684 0.340694 0.317747 0.339117 0.318810 0.339117 0.319872 0.340694 0.326249 0.340694 0.327311 0.339117 0.328374 0.339117 0.328374 0.320189 0.327311 0.318612 0.327311 0.313880 0.328374 0.312303 0.328374 0.310726 0.327311 0.309148 0.327311 0.304416 0.326249 0.302839 0.326249 0.298107 0.325186 0.296530 0.325186 0.293375 0.324123 0.291798 0.319872 0.291798 0.318810 0.290221 0.315622 0.290221 0.314559 0.291798 0.313496 0.291798 0.312434 0.290221
3 0.493092 0.287066 0.493092 0.290221 0.492030 0.291798 0.492030 0.296530 0.490967 0.298107 0.490967 0.301262 0.489904 0.302839 0.489904 0.334385 0.490967 0.334385 0.492030 0.335962 0.521785 0.335962 0.522848 0.334385 0.522848 0.317035 0.521785 0.315457 0.521785 0.299685 0.520723 0.298107 0.520723 0.293375 0.519660 0.291798 0.519660 0.288644 0.518597 0.287066
