13 0.409375 0.609824 0.409375 0.638587 0.426562 0.638587 0.426562 0.609824
16 0.709375 0.860849 0.709375 0.889613 0.723437 0.889613 0.723437 0.881768 0.725 0.879153 0.725 0.876538 0.728125 0.871309 0.732812 0.871309 0.732812 0.860849
12 0.840625 0.683039 0.840625 0.709188 0.848437 0.709188 0.85 0.706573 0.857812 0.706573 0.857812 0.683039
6 0.83125 0.690884 0.829687 0.693499 0.829687 0.701343 0.839063 0.701343 0.839063 0.690884 0.83125 0.690884 0.823438 0.680425 0.825 0.683039 0.823438 0.683039 0.821875 0.685654 0.807813 0.685654 0.80625 0.683039 0.801562 0.683039 0.8 0.680425 0.792188 0.669965 0.79375 0.67258 0.792188 0.675195 0.775 0.675195 0.773438 0.67258 0.767187 0.67258 0.760938 0.664736 0.7625 0.662121 0.7625 0.651661 0.734375 0.651661 0.734375 0.659506 0.739062 0.659506 0.740625 0.662121 0.748437 0.662121 0.75 0.664736 0.760938 0.664736 0.767187 0.67258 0.765625 0.669965 0.767187 0.669965 0.76875 0.66735 0.78125 0.66735 0.782812 0.669965 0.792188 0.669965 0.8 0.680425 0.798437 0.680425 0.8 0.680425 0.801562 0.67781 0.815625 0.67781 0.817187 0.680425 0.823438 0.680425
6 0.675 0.881768 0.675 0.892228 0.671875 0.897457 0.664062 0.897457 0.6625 0.900072 0.659375 0.900072 0.654687 0.907917 0.645312 0.907917 0.64375 0.910531 0.642187 0.910531 0.6375 0.918376 0.628125 0.918376 0.626562 0.920991 0.621875 0.920991 0.621875 0.928835 0.626562 0.928835 0.628125 0.926221 0.634375 0.926221 0.635938 0.923606 0.6375 0.923606 0.642187 0.915761 0.653125 0.915761 0.654687 0.913146 0.65625 0.913146 0.660937 0.905302 0.66875 0.905302 0.670312 0.902687 0.673437 0.902687 0.678125 0.894842 0.684375 0.894842 0.685937 0.892228 0.689062 0.892228 0.690625 0.889613 0.690625 0.881768
16 0.603125 0.923606 0.603125 0.952369 0.626562 0.952369 0.626562 0.923606
6 0.7625 0.858234 0.759375 0.858234 0.757812 0.85562 0.754687 0.85562 0.753125 0.858234 0.7375 0.858234 0.735937 0.860849 0.7375 0.860849 0.739062 0.863464 0.753125 0.863464 0.754687 0.860849 0.7625 0.860849 0.7625 0.858234 0.771875 0.85039 0.775 0.85039 0.776563 0.853005 0.785937 0.853005 0.7875 0.85039 0.79375 0.85039 0.795312 0.847775 0.796875 0.847775 0.801562 0.83993 0.804688 0.83993 0.80625 0.842545 0.814062 0.842545 0.815625 0.83993 0.823438 0.83993 0.825 0.837316 0.826562 0.837316 0.826562 0.829471 0.801562 0.829471 0.801562 0.83993 0.796875 0.847775 0.79375 0.847775 0.792188 0.84516 0.779687 0.84516 0.778125 0.847775 0.771875 0.847775 0.771875 0.85039
12 0.296875 0.630743 0.296875 0.669965 0.314063 0.669965 0.314063 0.630743
6 0.559375 0.609824 0.559375 0.620283 0.571875 0.620283 0.573438 0.622898 0.590625 0.622898 0.592187 0.625513 0.6 0.625513 0.601562 0.628128 0.603125 0.628128 0.604688 0.630743 0.610937 0.630743 0.6125 0.633357 0.646875 0.633357 0.65 0.638587 0.651563 0.638587 0.653125 0.641202 0.659375 0.641202 0.660937 0.643817 0.690625 0.643817 0.69375 0.649046 0.69375 0.659506 0.7125 0.659506 0.7125 0.651661 0.709375 0.646432 0.703125 0.646432 0.701562 0.643817 0.695312 0.643817 0.69375 0.641202 0.692187 0.641202 0.690625 0.638587 0.685937 0.638587 0.684375 0.635972 0.651563 0.635972 0.65 0.633357 0.65 0.630743 0.646875 0.630743 0.645312 0.628128 0.6375 0.628128 0.635938 0.625513 0.6125 0.625513 0.610937 0.622898 0.60625 0.622898 0.603125 0.617668 0.603125 0.609824
16 0.459375 0.902687 0.459375 0.93145 0.471875 0.93145 0.473437 0.928835 0.475 0.928835 0.478125 0.923606 0.482812 0.923606 0.482812 0.902687
6 0.370312 0.94191 0.367188 0.94191 0.365625 0.939295 0.345313 0.939295 0.34375 0.94191 0.334375 0.94191 0.334375 0.947139 0.360938 0.947139 0.3625 0.944525 0.36875 0.944525 0.370312 0.94191 0.376563 0.93145 0.378125 0.934065 0.379687 0.934065 0.38125 0.93668 0.401562 0.93668 0.403125 0.934065 0.41875 0.934065 0.420312 0.93145 0.421875 0.93145 0.421875 0.923606 0.376563 0.923606 0.376563 0.93145
13 0.190625 0.620283 0.190625 0.646432 0.2 0.646432 0.201562 0.643817 0.207813 0.643817 0.207813 0.620283
6 0.351562 0.635972 0.315625 0.635972 0.315625 0.643817 0.340625 0.643817 0.342187 0.641202 0.348437 0.641202 0.35 0.638587 0.351562 0.638587 0.351562 0.635972 0.354687 0.633357 0.378125 0.633357 0.379687 0.630743 0.389062 0.630743 0.390625 0.628128 0.392188 0.628128 0.392188 0.620283 0.354687 0.620283 0.354687 0.633357
12 0.715625 0.641202 0.715625 0.669965 0.732812 0.669965 0.732812 0.641202
6 0.478125 0.913146 0.478125 0.923606 0.490625 0.923606 0.492188 0.926221 0.520312 0.926221 0.521875 0.928835 0.545312 0.928835 0.546875 0.93145 0.551562 0.93145 0.553125 0.934065 0.553125 0.94191 0.607812 0.94191 0.607812 0.93145 0.603125 0.93145 0.601562 0.928835 0.598437 0.928835 0.596875 0.926221 0.584375 0.926221 0.582812 0.923606 0.58125 0.923606 0.579687 0.920991 0.579687 0.913146
13 0.540625 0.599364 0.540625 0.628128 0.557813 0.628128 0.557813 0.599364
6 0.289062 0.651661 0.289062 0.659506 0.295312 0.659506 0.295312 0.649046 0.290625 0.649046 0.289062 0.651661 0.276562 0.638587 0.276562 0.630743 0.210938 0.630743 0.210938 0.638587 0.2125 0.641202 0.229687 0.641202 0.23125 0.643817 0.270312 0.643817 0.271875 0.641202 0.275 0.641202 0.276562 0.638587
6 0.428125 0.609824 0.428125 0.628128 0.492188 0.628128 0.492188 0.609824
12 0.178125 0.954984 0.178125 0.981132 0.190625 0.981132 0.192188 0.978518 0.19375 0.978518 0.19375 0.954984
6 0.245312 0.965443 0.24375 0.962828 0.229687 0.962828 0.228125 0.960214 0.226562 0.960214 0.225 0.962828 0.204687 0.962828 0.203125 0.960214 0.196875 0.960214 0.196875 0.973288 0.245312 0.973288 0.245312 0.965443 0.253125 0.954984 0.2625 0.954984 0.264062 0.957599 0.265625 0.957599 0.267188 0.954984 0.309375 0.954984 0.310937 0.952369 0.314063 0.952369 0.314063 0.944525 0.253125 0.944525 0.253125 0.954984
8 0.190625 0.651661 0.190625 0.709188 0.201562 0.709188 0.201562 0.651661
13 0.840625 0.819012 0.840625 0.847775 0.85625 0.847775 0.85625 0.819012
13 0.184375 0.777174 0.184375 0.805937 0.201562 0.805937 0.201562 0.777174
6 0.184375 0.808552 0.184375 0.94191 0.195312 0.94191 0.195312 0.808552
13 0.153125 0.0240972 0.153125 0.0528606 0.16875 0.0528606 0.16875 0.0371715 0.170312 0.0345566 0.170312 0.0240972
17 0.153125 0.0240972 0.153125 0.0528606 0.16875 0.0528606 0.16875 0.0424012 0.170312 0.0397863 0.170312 0.0240972
13 0.321875 0.934065 0.321875 0.960214 0.33125 0.960214 0.332812 0.957599 0.339062 0.957599 0.339062 0.934065
