9 0.643411 0.271987 0.643156 0.282587 0.275749 0.201215 0.275749 0.193281
9 0.236302 0.550931 0.235983 0.544621 0.000000 0.713028 0.000000 0.718691
9 0.235855 0.557461 0.236068 0.562823 0.000000 0.859558 0.000138 0.850820
9 0.231605 0.199353 0.231360 0.194606 0.000159 0.238596 0.000000 0.240158 0.000000 0.244022
9 0.231148 0.191830 0.231892 0.186782 0.000000 0.156625 0.000000 0.162287
9 0.230956 0.184511 0.231073 0.179401 0.000000 0.071940 0.000000 0.079890
7 0.276482 0.203533 0.276482 0.213991 0.630298 0.449574 0.631095 0.438423
6 0.277056 0.185694 0.276525 0.190268 0.625016 0.123344 0.625441 0.115521
9 0.260914 0.565678 0.264421 0.565678 0.320128 0.979826 0.316323 0.980110
6 0.628714 0.781151 0.627747 0.786987 0.798672 0.934527 0.808055 0.933896
9 0.268895 0.566151 0.273677 0.565205 0.425760 0.974038 0.422774 0.976372
9 0.280340 0.543912 0.280340 0.550221 0.583783 0.752603 0.583783 0.744700
9 0.252115 0.225662 0.255834 0.225189 0.258852 0.498912 0.255887 0.498912
6 0.253921 0.566798 0.259129 0.566640 0.233783 0.978533 0.230096 0.978155
3 0.257173 0.165615 0.256111 0.167192 0.242295 0.167192 0.241233 0.168770 0.240170 0.168770 0.239107 0.170347 0.239107 0.173502 0.238045 0.175079 0.238045 0.179811 0.236982 0.181388 0.236982 0.190852 0.235919 0.192429 0.235919 0.206625 0.236982 0.208202 0.236982 0.214511 0.235919 0.216088 0.235919 0.217666 0.266738 0.217666 0.267800 0.216088 0.268863 0.216088 0.268863 0.206625 0.269926 0.205047 0.269926 0.182965 0.268863 0.181388 0.268863 0.176656 0.267800 0.175079 0.267800 0.171924 0.266738 0.170347 0.266738 0.168770 0.265675 0.167192 0.262487 0.167192 0.261424 0.165615
3 0.257173 0.503155 0.256111 0.504732 0.250797 0.504732 0.249734 0.506309 0.243358 0.506309 0.241233 0.509464 0.241233 0.511041 0.240170 0.512618 0.240170 0.520505 0.239107 0.522082 0.239107 0.559937 0.240170 0.561514 0.241233 0.559937 0.249734 0.559937 0.250797 0.561514 0.252922 0.561514 0.253985 0.559937 0.260361 0.559937 0.261424 0.561514 0.263549 0.561514 0.264612 0.559937 0.268863 0.559937 0.269926 0.561514 0.272051 0.561514 0.273114 0.559937 0.274176 0.559937 0.275239 0.558360 0.275239 0.503155 0.274176 0.503155 0.273114 0.504732 0.270988 0.504732 0.269926 0.506309 0.266738 0.506309 0.265675 0.504732 0.260361 0.504732 0.259299 0.503155
0 0.647184 0.086751 0.646121 0.088328 0.634431 0.088328 0.633369 0.089905 0.633369 0.091483 0.632306 0.093060 0.632306 0.096215 0.631243 0.097792 0.631243 0.099369 0.630181 0.100946 0.630181 0.102524 0.629118 0.104101 0.629118 0.127760 0.628055 0.129338 0.628055 0.138801 0.631243 0.138801 0.632306 0.140379 0.652497 0.140379 0.653560 0.141956 0.665250 0.141956 0.664187 0.140379 0.664187 0.137224 0.663124 0.135647 0.664187 0.134069 0.664187 0.126183 0.663124 0.124606 0.663124 0.102524 0.662062 0.100946 0.662062 0.096215 0.660999 0.094637 0.660999 0.089905 0.659936 0.088328 0.657811 0.088328 0.656748 0.086751
1 0.652497 0.253943 0.651435 0.255521 0.650372 0.255521 0.649309 0.257098 0.648247 0.257098 0.648247 0.261830 0.649309 0.263407 0.648247 0.264984 0.648247 0.268139 0.647184 0.269716 0.647184 0.277603 0.646121 0.279180 0.646121 0.283912 0.648247 0.287066 0.647184 0.288644 0.647184 0.296530 0.648247 0.298107 0.648247 0.304416 0.649309 0.304416 0.650372 0.305994 0.682253 0.305994 0.683316 0.304416 0.683316 0.276025 0.682253 0.274448 0.682253 0.268139 0.681190 0.266562 0.681190 0.263407 0.680128 0.261830 0.680128 0.258675 0.679065 0.257098 0.679065 0.255521 0.678002 0.255521 0.676939 0.253943
4 0.646121 0.435331 0.645058 0.436909 0.643996 0.436909 0.641870 0.440063 0.641870 0.443218 0.640808 0.444795 0.640808 0.449527 0.639745 0.451104 0.639745 0.476341 0.638682 0.477918 0.638682 0.484227 0.641870 0.488959 0.671626 0.488959 0.672689 0.487382 0.673751 0.487382 0.673751 0.485804 0.674814 0.484227 0.674814 0.477918 0.673751 0.476341 0.673751 0.458991 0.674814 0.457413 0.674814 0.455836 0.673751 0.454259 0.673751 0.451104 0.672689 0.449527 0.672689 0.447950 0.671626 0.446372 0.671626 0.438486 0.670563 0.436909 0.668438 0.436909 0.667375 0.435331
3 0.594049 0.738170 0.592986 0.739748 0.590861 0.739748 0.589798 0.741325 0.589798 0.749211 0.588735 0.750789 0.588735 0.757098 0.587673 0.758675 0.587673 0.764984 0.588735 0.766562 0.588735 0.788644 0.589798 0.790221 0.594049 0.790221 0.595112 0.791798 0.597237 0.791798 0.598300 0.790221 0.607864 0.790221 0.608927 0.791798 0.621679 0.791798 0.623804 0.788644 0.623804 0.761830 0.622742 0.760252 0.622742 0.755521 0.621679 0.753943 0.621679 0.750789 0.620616 0.749211 0.620616 0.746057 0.619554 0.744479 0.619554 0.742902 0.618491 0.741325 0.618491 0.738170 0.601488 0.738170 0.600425 0.739748 0.598300 0.739748 0.597237 0.738170
9 0.241201 0.566498 0.238225 0.564606 0.007906 0.983107 0.010489 0.985647
9 0.246567 0.566404 0.249649 0.567350 0.124219 0.995899 0.121371 0.993991
9 0.232125 0.208533 0.231838 0.203044 0.000319 0.328864 0.000425 0.336656
9 0.531775 0.000789 0.522529 0.001420 0.276387 0.174558 0.276387 0.180710
