1 0.396387 0.507886 0.395324 0.509464 0.382572 0.509464 0.380446 0.512618 0.380446 0.518927 0.379384 0.520505 0.379384 0.539432 0.378321 0.541009 0.378321 0.556782 0.380446 0.559937 0.381509 0.558360 0.411265 0.558360 0.411265 0.526814 0.410202 0.525237 0.410202 0.522082 0.409139 0.520505 0.409139 0.515773 0.408077 0.514196 0.408077 0.511041 0.407014 0.509464 0.403826 0.509464 0.402763 0.507886
1 0.427311 0.001893 0.430393 0.000000 0.427949 0.000000 0.431137 0.000000 0.455260 0.000473 0.456748 0.000473 0.456961 0.000000 0.461105 0.000000 0.461105 0.005678 0.461211 0.007886 0.461211 0.022082 0.461637 0.024921 0.461211 0.028391 0.429330 0.028391 0.428374 0.028549 0.427205 0.027129 0.426674 0.024290 0.427099 0.002839 0.426780 0.002208
7 0.451222 0.244148 0.451116 0.251562 0.629979 0.413565 0.630298 0.404890
7 0.440021 0.263580 0.443953 0.260852 0.532667 0.483880 0.528969 0.492524
7 0.047088 0.497035 0.047301 0.491672 0.007981 0.498139 0.008406 0.503344
6 0.077301 0.523943 0.070329 0.524574 0.108650 0.864511 0.114389 0.864511
6 0.098789 0.520552 0.099426 0.511546 0.271148 0.659937 0.270616 0.669401
7 0.091923 0.902997 0.092667 0.896372 0.000531 0.903785 0.000021 0.910158
4 0.646121 0.405363 0.645058 0.406940 0.638682 0.406940 0.637620 0.408517 0.637620 0.455836 0.636557 0.457413 0.636557 0.462145 0.637620 0.463722 0.648247 0.463722 0.649309 0.462145 0.675877 0.462145 0.675877 0.452681 0.674814 0.451104 0.674814 0.446372 0.675877 0.444795 0.675877 0.440063 0.674814 0.438486 0.674814 0.422713 0.673751 0.421136 0.673751 0.419558 0.674814 0.417981 0.674814 0.408517 0.673751 0.406940 0.664187 0.406940 0.663124 0.405363 0.660999 0.405363 0.659936 0.406940 0.653560 0.406940 0.652497 0.405363
0 0.079702 0.282334 0.078640 0.283912 0.074389 0.283912 0.072264 0.287066 0.072264 0.293375 0.071201 0.294953 0.071201 0.301262 0.070138 0.302839 0.070138 0.305994 0.071201 0.307571 0.071201 0.312303 0.070138 0.313880 0.070138 0.326498 0.069075 0.328076 0.070138 0.329653 0.070138 0.331230 0.071201 0.332808 0.100956 0.332808 0.102019 0.331230 0.103082 0.331230 0.103082 0.301262 0.102019 0.299685 0.102019 0.296530 0.100956 0.294953 0.100956 0.290221 0.099894 0.288644 0.099894 0.285489 0.098831 0.283912 0.095643 0.283912 0.094580 0.282334 0.093518 0.282334 0.092455 0.283912 0.083953 0.283912 0.082891 0.282334
1 0.641870 0.164038 0.640808 0.165615 0.639745 0.165615 0.638682 0.167192 0.632306 0.167192 0.630181 0.170347 0.629118 0.170347 0.629118 0.182965 0.628055 0.184543 0.628055 0.189274 0.626993 0.190852 0.626993 0.197161 0.628055 0.198738 0.628055 0.212934 0.629118 0.214511 0.629118 0.217666 0.662062 0.217666 0.663124 0.216088 0.663124 0.190852 0.664187 0.189274 0.664187 0.187697 0.663124 0.186120 0.663124 0.178233 0.662062 0.176656 0.662062 0.175079 0.660999 0.173502 0.660999 0.170347 0.662062 0.168770 0.665250 0.168770 0.665250 0.164038 0.658874 0.164038 0.657811 0.165615 0.646121 0.165615 0.645058 0.164038
3 0.445271 0.198738 0.444208 0.200315 0.441020 0.200315 0.439957 0.201893 0.433581 0.201893 0.432519 0.200315 0.425080 0.200315 0.424017 0.201893 0.413390 0.201893 0.412327 0.200315 0.411265 0.200315 0.411265 0.201893 0.412327 0.203470 0.412327 0.205047 0.411265 0.206625 0.411265 0.208202 0.410202 0.209779 0.410202 0.220820 0.409139 0.222397 0.409139 0.230284 0.410202 0.231861 0.410202 0.236593 0.409139 0.238170 0.409139 0.247634 0.410202 0.249211 0.410202 0.255521 0.411265 0.257098 0.415515 0.257098 0.416578 0.255521 0.442083 0.255521 0.443146 0.253943 0.445271 0.253943 0.446334 0.252366 0.446334 0.250789 0.447396 0.249211 0.447396 0.225552 0.448459 0.223975 0.448459 0.222397 0.447396 0.220820 0.447396 0.205047 0.448459 0.203470 0.448459 0.200315 0.447396 0.198738
1 0.235919 0.310726 0.234857 0.312303 0.234857 0.313880 0.233794 0.315457 0.233794 0.318612 0.232731 0.320189 0.232731 0.323344 0.231668 0.324921 0.231668 0.358044 0.232731 0.358044 0.233794 0.359621 0.262487 0.359621 0.264612 0.356467 0.264612 0.342271 0.263549 0.340694 0.263549 0.323344 0.262487 0.321767 0.262487 0.315457 0.261424 0.313880 0.261424 0.312303 0.260361 0.310726
3 0.086079 0.458991 0.085016 0.460568 0.076514 0.460568 0.075452 0.462145 0.074389 0.460568 0.063762 0.460568 0.062699 0.462145 0.055260 0.462145 0.054198 0.460568 0.052072 0.460568 0.051010 0.462145 0.051010 0.514196 0.052072 0.515773 0.052072 0.517350 0.053135 0.515773 0.055260 0.515773 0.056323 0.514196 0.087141 0.514196 0.087141 0.512618 0.088204 0.511041 0.088204 0.488959 0.087141 0.487382 0.087141 0.479495 0.088204 0.477918 0.088204 0.471609 0.087141 0.470032 0.087141 0.466877 0.088204 0.465300 0.088204 0.458991
3 0.306057 0.654574 0.304995 0.656151 0.297556 0.656151 0.296493 0.657729 0.275239 0.657729 0.274176 0.659306 0.277365 0.664038 0.277365 0.665615 0.276302 0.667192 0.276302 0.671924 0.275239 0.673502 0.275239 0.675079 0.274176 0.676656 0.274176 0.679811 0.273114 0.681388 0.273114 0.687697 0.274176 0.689274 0.274176 0.692429 0.275239 0.694006 0.275239 0.700315 0.274176 0.701893 0.274176 0.705047 0.273114 0.706625 0.273114 0.708202 0.272051 0.709779 0.272051 0.711356 0.273114 0.711356 0.274176 0.712934 0.310308 0.712934 0.311371 0.711356 0.312434 0.711356 0.312434 0.709779 0.311371 0.708202 0.311371 0.690852 0.312434 0.689274 0.312434 0.684543 0.311371 0.682965 0.311371 0.675079 0.312434 0.673502 0.312434 0.662461 0.313496 0.660883 0.313496 0.657729 0.311371 0.654574
3 0.110521 0.870662 0.109458 0.872240 0.098831 0.872240 0.097768 0.873817 0.096706 0.873817 0.097768 0.875394 0.097768 0.884858 0.096706 0.886435 0.096706 0.891167 0.095643 0.892744 0.095643 0.927445 0.097768 0.927445 0.098831 0.925868 0.102019 0.925868 0.103082 0.924290 0.104145 0.925868 0.133900 0.925868 0.133900 0.919558 0.131775 0.916404 0.131775 0.910095 0.132837 0.908517 0.132837 0.900631 0.133900 0.899054 0.133900 0.895899 0.132837 0.894322 0.132837 0.886435 0.131775 0.884858 0.131775 0.883281 0.129649 0.880126 0.129649 0.878549 0.132837 0.873817 0.131775 0.872240 0.131775 0.870662 0.127524 0.870662 0.126461 0.872240 0.125399 0.872240 0.124336 0.870662 0.121148 0.870662 0.120085 0.872240 0.116897 0.872240 0.115834 0.870662
4 0.532412 0.501577 0.531350 0.503155 0.531350 0.504732 0.530287 0.506309 0.530287 0.514196 0.529224 0.515773 0.529224 0.517350 0.528162 0.518927 0.528162 0.553628 0.529224 0.555205 0.530287 0.555205 0.531350 0.553628 0.547290 0.553628 0.548353 0.555205 0.563231 0.555205 0.564293 0.553628 0.564293 0.548896 0.563231 0.547319 0.563231 0.518927 0.562168 0.517350 0.562168 0.514196 0.561105 0.512618 0.561105 0.501577
6 0.428247 0.265095 0.424102 0.264937 0.397598 0.504448 0.402593 0.504448
6 0.452051 0.227618 0.452582 0.222571 0.623167 0.194479 0.623273 0.200631
9 0.225760 0.334732 0.226291 0.328265 0.109118 0.308517 0.109118 0.314826
9 0.231923 0.281309 0.229692 0.284937 0.171010 0.123722 0.176174 0.120615
9 0.183613 0.104369 0.182232 0.109101 0.406706 0.222603 0.407131 0.214874
9 0.406642 0.245647 0.406536 0.239811 0.268905 0.319148 0.271254 0.326088
9 0.254272 0.367366 0.250765 0.368155 0.286929 0.651230 0.291350 0.649590
9 0.443868 0.037161 0.439617 0.036530 0.431126 0.176309 0.435058 0.175836
6 0.271626 0.716246 0.271413 0.705363 0.136557 0.865142 0.142827 0.872397
