4 0.645058 0.406940 0.643996 0.408517 0.638682 0.408517 0.637620 0.410095 0.638682 0.411672 0.638682 0.430599 0.637620 0.432177 0.637620 0.460568 0.638682 0.462145 0.660999 0.462145 0.662062 0.460568 0.665250 0.460568 0.666312 0.462145 0.671626 0.462145 0.672689 0.460568 0.674814 0.460568 0.674814 0.458991 0.675877 0.457413 0.675877 0.452681 0.674814 0.451104 0.674814 0.421136 0.673751 0.419558 0.673751 0.417981 0.674814 0.416404 0.674814 0.408517 0.673751 0.408517 0.672689 0.406940 0.667375 0.406940 0.666312 0.408517 0.665250 0.408517 0.664187 0.406940
7 0.680659 0.433754 0.680340 0.439905 0.985654 0.484543 0.986610 0.477918
9 0.312434 0.661057 0.311775 0.655442 0.974230 0.579779 0.974453 0.585899
0 0.464400 0.518927 0.463337 0.520505 0.463337 0.522082 0.462274 0.523659 0.462274 0.529968 0.461211 0.531546 0.461211 0.534700 0.460149 0.536278 0.460149 0.539432 0.461211 0.541009 0.461211 0.544164 0.460149 0.545741 0.460149 0.566246 0.461211 0.567823 0.492030 0.567823 0.493092 0.566246 0.493092 0.541009 0.492030 0.539432 0.492030 0.531546 0.490967 0.529968 0.490967 0.526814 0.489904 0.525237 0.489904 0.520505 0.488842 0.518927
2 0.977683 0.000000 0.977683 0.001577 0.976621 0.003155 0.973433 0.003155 0.972370 0.004732 0.964931 0.004732 0.963868 0.003155 0.961743 0.003155 0.961743 0.004732 0.960680 0.006309 0.960680 0.025237 0.961743 0.026814 0.990436 0.026814 0.991498 0.025237 0.993624 0.025237 0.993624 0.020505 0.992561 0.018927 0.992561 0.003155 0.991498 0.001577 0.991498 0.000000 0.989373 0.000000 0.989373 0.001577 0.988310 0.003155 0.986185 0.003155 0.985122 0.004732 0.981934 0.004732 0.980871 0.003155 0.979809 0.003155 0.978746 0.001577 0.978746 0.000000
2 0.858661 0.902208 0.857598 0.903785 0.852285 0.903785 0.852285 0.905363 0.851222 0.906940 0.851222 0.911672 0.850159 0.913249 0.850159 0.917981 0.849097 0.919558 0.849097 0.927445 0.850159 0.929022 0.866100 0.929022 0.867163 0.930599 0.872476 0.930599 0.873539 0.929022 0.879915 0.929022 0.880978 0.927445 0.880978 0.925868 0.882040 0.924290 0.882040 0.919558 0.880978 0.917981 0.880978 0.913249 0.879915 0.911672 0.879915 0.906940 0.878852 0.905363 0.878852 0.903785 0.877790 0.903785 0.876727 0.902208 0.874601 0.902208 0.873539 0.903785 0.869288 0.903785 0.868225 0.902208
3 0.910733 0.072555 0.909671 0.074132 0.902232 0.074132 0.902232 0.075710 0.901169 0.077287 0.901169 0.083596 0.900106 0.085174 0.900106 0.088328 0.899044 0.089905 0.899044 0.096215 0.900106 0.097792 0.900106 0.100946 0.899044 0.102524 0.899044 0.121451 0.901169 0.121451 0.902232 0.123028 0.927736 0.123028 0.928799 0.121451 0.930925 0.121451 0.931987 0.119874 0.931987 0.102524 0.930925 0.100946 0.930925 0.099369 0.931987 0.097792 0.931987 0.094637 0.930925 0.093060 0.930925 0.083596 0.929862 0.082019 0.929862 0.078864 0.928799 0.077287 0.928799 0.075710 0.926674 0.072555 0.917109 0.072555 0.916047 0.074132 0.912859 0.074132 0.911796 0.072555
2 0.379384 0.000000 0.379384 0.001577 0.378321 0.003155 0.378321 0.006309 0.377258 0.007886 0.377258 0.014196 0.376196 0.015773 0.376196 0.023659 0.377258 0.025237 0.376196 0.026814 0.376196 0.047319 0.378321 0.047319 0.379384 0.048896 0.404888 0.048896 0.405951 0.047319 0.408077 0.047319 0.408077 0.045741 0.409139 0.044164 0.409139 0.026814 0.408077 0.025237 0.409139 0.023659 0.409139 0.017350 0.408077 0.015773 0.408077 0.009464 0.407014 0.007886 0.407014 0.004732 0.405951 0.003155 0.405951 0.000000
3 0.621679 0.014196 0.620616 0.015773 0.619554 0.015773 0.619554 0.017350 0.618491 0.018927 0.618491 0.025237 0.617428 0.026814 0.617428 0.029968 0.616366 0.031546 0.616366 0.061514 0.617428 0.063091 0.648247 0.063091 0.649309 0.061514 0.649734 0.045741 0.650053 0.038486 0.649628 0.030126 0.648565 0.026341 0.648990 0.022555 0.647396 0.017823 0.645696 0.013880 0.640383 0.013407 0.633156 0.012934
3 0.278427 0.637224 0.277365 0.638801 0.276302 0.638801 0.276302 0.640379 0.275239 0.641956 0.274495 0.646057 0.273433 0.652524 0.272264 0.659464 0.271413 0.669243 0.272157 0.686278 0.273645 0.689432 0.277577 0.689905 0.279171 0.689274 0.289054 0.687697 0.290861 0.688328 0.294580 0.687539 0.295430 0.687697 0.301807 0.687697 0.303613 0.687697 0.305313 0.686278 0.306057 0.684543 0.306057 0.657729 0.304995 0.656151 0.304995 0.651420 0.303932 0.649842 0.303932 0.645110 0.302869 0.643533 0.302869 0.638801 0.300744 0.638801 0.299681 0.637224 0.292242 0.637224 0.291392 0.636278 0.287991 0.636435 0.286929 0.636435 0.284803 0.637224 0.284060 0.636593 0.282784 0.636909 0.279915 0.635489
6 0.402742 0.060804 0.397535 0.061751 0.471095 0.513628 0.476089 0.513470
6 0.415399 0.024054 0.414910 0.028801 0.613390 0.042145 0.611690 0.034401
6 0.657790 0.051057 0.657258 0.062729 0.985569 0.284180 0.985462 0.275505
6 0.939129 0.116577 0.937322 0.123360 0.985080 0.171845 0.985186 0.162539
6 0.500032 0.541656 0.500032 0.547965 0.986047 0.544653 0.985834 0.539132
6 0.984782 0.838580 0.984251 0.832271 0.883124 0.908060 0.897577 0.908060
9 0.269469 0.691530 0.266599 0.687744 0.042072 0.978612 0.048342 0.978139
9 0.283156 0.695426 0.280393 0.694479 0.204261 0.978975 0.207450 0.978975
9 0.295802 0.693612 0.291658 0.694558 0.327960 0.980205 0.331148 0.979101
