6 0.836546 0.409243 0.848555 0.410505 0.791010 1.000000 0.778767 1.000000
6 0.325760 0.818580 0.320489 0.818580 0.332582 1.000000 0.338895 1.000000
17 0.329437 0.370662 0.329437 0.372240 0.328374 0.373817 0.328374 0.375394 0.329437 0.376972 0.329437 0.400631 0.330499 0.402208 0.330499 0.410095 0.347503 0.410095 0.348565 0.408517 0.356004 0.408517 0.357067 0.406940 0.358130 0.406940 0.358130 0.405363 0.359192 0.403785 0.359192 0.402208 0.358130 0.400631 0.358130 0.395899 0.359192 0.394322 0.359192 0.376972 0.360255 0.375394 0.360255 0.373817 0.358130 0.370662 0.353879 0.370662 0.352816 0.372240 0.350691 0.372240 0.349628 0.370662 0.344315 0.370662 0.343252 0.372240 0.332625 0.372240 0.331562 0.370662
14 0.645058 0.424290 0.643996 0.425868 0.641870 0.425868 0.640808 0.427445 0.640808 0.429022 0.639745 0.430599 0.639745 0.452681 0.640808 0.454259 0.640808 0.458991 0.639745 0.460568 0.639745 0.466877 0.642933 0.471609 0.648247 0.471609 0.649309 0.470032 0.650372 0.470032 0.651435 0.471609 0.657811 0.471609 0.658874 0.470032 0.663124 0.470032 0.664187 0.471609 0.667375 0.471609 0.668438 0.470032 0.670563 0.470032 0.672689 0.466877 0.671626 0.465300 0.671626 0.457413 0.672689 0.455836 0.672689 0.454259 0.671626 0.452681 0.671626 0.444795 0.672689 0.443218 0.672689 0.430599 0.671626 0.429022 0.671626 0.427445 0.670563 0.425868 0.667375 0.425868 0.666312 0.424290 0.663124 0.424290 0.662062 0.425868 0.660999 0.425868 0.659936 0.424290
13 0.336876 0.815457 0.336876 0.815457 0.335813 0.812303 0.335813 0.807571 0.334750 0.805994 0.334750 0.794953 0.335813 0.793375 0.335813 0.787066 0.334750 0.785489 0.334750 0.783912 0.332625 0.780757 0.332625 0.776025 0.333688 0.774448 0.334750 0.774448 0.335813 0.772871 0.336876 0.772871 0.336876 0.769716 0.306057 0.769716 0.307120 0.769716 0.308183 0.771293 0.309245 0.771293 0.310308 0.772871 0.310308 0.779180 0.309245 0.780757 0.309245 0.783912 0.308183 0.785489 0.308183 0.790221 0.307120 0.791798 0.307120 0.793375 0.308183 0.794953 0.308183 0.810726 0.309245 0.812303 0.335813 0.812303
15 0.843783 0.365931 0.842721 0.367508 0.838470 0.367508 0.837407 0.369085 0.835282 0.369085 0.833156 0.372240 0.833156 0.376972 0.832094 0.378549 0.832094 0.394322 0.835282 0.399054 0.836344 0.399054 0.837407 0.400631 0.840595 0.400631 0.841658 0.402208 0.850159 0.402208 0.851222 0.400631 0.853348 0.400631 0.854410 0.399054 0.855473 0.399054 0.856536 0.397476 0.856536 0.394322 0.857598 0.392744 0.857598 0.375394 0.856536 0.373817 0.856536 0.370662 0.855473 0.370662 0.854410 0.369085 0.853348 0.369085 0.852285 0.367508 0.849097 0.367508 0.848034 0.365931
6 0.363061 0.392524 0.363061 0.396924 0.827333 0.390536 0.828002 0.383360
6 0.338863 0.422413 0.343985 0.422413 0.325484 0.763754 0.322189 0.764243
6 0.826578 0.407035 0.830935 0.419968 0.436748 1.000000 0.420404 1.000000
8 0.362157 0.399921 0.362370 0.397397 0.639532 0.443959 0.639160 0.449054
