4 0.142402 0.165615 0.141339 0.167192 0.141339 0.168770 0.140276 0.170347 0.140276 0.176656 0.138151 0.179811 0.138151 0.203470 0.137088 0.205047 0.137088 0.211356 0.138151 0.212934 0.138151 0.216088 0.171095 0.216088 0.172157 0.214511 0.172157 0.205047 0.173220 0.203470 0.173220 0.198738 0.172157 0.197161 0.172157 0.182965 0.171095 0.181388 0.171095 0.178233 0.170032 0.176656 0.170032 0.175079 0.168969 0.173502 0.168969 0.168770 0.166844 0.165615
4 0.714134 0.873817 0.713071 0.875394 0.713071 0.880126 0.712009 0.881703 0.712009 0.883281 0.710946 0.884858 0.710946 0.889590 0.709883 0.891167 0.709883 0.897476 0.710946 0.899054 0.710946 0.905363 0.709883 0.906940 0.709883 0.924290 0.710946 0.925868 0.726886 0.925868 0.727949 0.924290 0.729012 0.925868 0.743889 0.925868 0.743889 0.924290 0.744952 0.922713 0.744952 0.906940 0.743889 0.905363 0.743889 0.899054 0.744952 0.897476 0.744952 0.895899 0.743889 0.894322 0.743889 0.888013 0.742827 0.886435 0.742827 0.884858 0.741764 0.883281 0.741764 0.881703 0.740701 0.880126 0.740701 0.875394 0.739639 0.873817
4 0.133900 0.421136 0.132837 0.422713 0.130712 0.422713 0.130712 0.425868 0.129649 0.427445 0.129649 0.432177 0.128587 0.433754 0.128587 0.436909 0.127524 0.438486 0.127524 0.452681 0.126461 0.454259 0.126461 0.463722 0.127524 0.465300 0.127524 0.470032 0.126461 0.471609 0.126461 0.473186 0.159405 0.473186 0.160468 0.471609 0.160468 0.468454 0.161530 0.466877 0.161530 0.441640 0.160468 0.440063 0.160468 0.435331 0.159405 0.433754 0.159405 0.430599 0.158342 0.429022 0.158342 0.424290 0.157279 0.422713 0.156217 0.422713 0.155154 0.421136 0.139214 0.421136 0.138151 0.422713 0.137088 0.422713 0.136026 0.421136
4 0.672689 0.433754 0.671626 0.435331 0.642933 0.435331 0.641870 0.436909 0.639745 0.436909 0.638682 0.435331 0.637620 0.436909 0.637620 0.440063 0.638682 0.441640 0.638682 0.457413 0.637620 0.458991 0.637620 0.488959 0.638682 0.488959 0.639745 0.490536 0.664187 0.490536 0.665250 0.492114 0.672689 0.492114 0.673751 0.490536 0.675877 0.490536 0.676939 0.488959 0.676939 0.460568 0.675877 0.458991 0.675877 0.451104 0.674814 0.449527 0.674814 0.447950 0.675877 0.446372 0.675877 0.440063 0.676939 0.438486 0.673751 0.433754
7 0.168597 0.451782 0.169777 0.445205 0.634857 0.458044 0.635441 0.464653
6 0.133422 0.193959 0.133953 0.188123 -0.000000 0.184574 0.000000 0.190394 0.000021 0.191041
6 0.157386 0.226009 0.152179 0.225363 0.145165 0.391199 0.150691 0.391514
6 0.122327 0.461593 0.122327 0.456467 0.006844 0.508959 0.001318 0.518738
6 0.122816 0.471767 0.122710 0.467035 0.000000 0.580915 0.000000 0.582429 0.000266 0.589795
6 0.168693 0.460915 0.167311 0.465804 0.704793 0.886404 0.704421 0.875095
9 0.122678 0.451924 0.122678 0.447271 0.009118 0.454763 0.008810 0.461861
9 0.128693 0.480252 0.124718 0.478628 -0.000000 0.714101 0.000000 0.724637
7 0.143539 0.480521 0.139607 0.480678 0.090191 0.972823 0.095505 0.973454
