4 0.876727 0.621451 0.875664 0.623028 0.868225 0.623028 0.866100 0.626183 0.866100 0.632492 0.865037 0.634069 0.865037 0.643533 0.863974 0.645110 0.863974 0.649842 0.865037 0.651420 0.865037 0.654574 0.863974 0.656151 0.863974 0.676656 0.865037 0.678233 0.866100 0.676656 0.895855 0.676656 0.896918 0.678233 0.900106 0.678233 0.901169 0.676656 0.901169 0.673502 0.900106 0.671924 0.900106 0.664038 0.901169 0.662461 0.901169 0.654574 0.900106 0.652997 0.900106 0.623028 0.877790 0.623028
1 0.931987 0.332808 0.931987 0.334385 0.930925 0.335962 0.930925 0.343849 0.929862 0.345426 0.929862 0.350158 0.928799 0.351735 0.929862 0.353312 0.929862 0.359621 0.928799 0.361199 0.928799 0.380126 0.929862 0.380126 0.930925 0.381703 0.959617 0.381703 0.960680 0.380126 0.961743 0.380126 0.961743 0.362776 0.960680 0.361199 0.960680 0.358044 0.959617 0.356467 0.960680 0.354890 0.960680 0.345426 0.959617 0.343849 0.959617 0.339117 0.958555 0.337539 0.958555 0.334385 0.957492 0.332808
1 0.964931 0.482650 0.963868 0.484227 0.963868 0.485804 0.962806 0.487382 0.962806 0.492114 0.961743 0.493691 0.961743 0.500000 0.960680 0.501577 0.960680 0.503155 0.961743 0.504732 0.961743 0.506309 0.962806 0.507886 0.961743 0.509464 0.961743 0.512618 0.960680 0.514196 0.960680 0.529968 0.961743 0.531546 0.984060 0.531546 0.984060 0.515773 0.985122 0.514196 0.985122 0.511041 0.984060 0.509464 0.984060 0.506309 0.985122 0.504732 0.985122 0.482650
2 0.825717 0.252366 0.824655 0.253943 0.822529 0.253943 0.822529 0.255521 0.821467 0.257098 0.821467 0.260252 0.820404 0.261830 0.820404 0.271293 0.819341 0.272871 0.819341 0.291798 0.818278 0.293375 0.818278 0.298107 0.819341 0.299685 0.819341 0.301262 0.820404 0.301262 0.821467 0.302839 0.849097 0.302839 0.850159 0.301262 0.852285 0.301262 0.852285 0.283912 0.851222 0.282334 0.851222 0.264984 0.850159 0.263407 0.850159 0.257098 0.849097 0.255521 0.849097 0.253943 0.846971 0.253943 0.845909 0.252366
3 0.274176 0.124606 0.273114 0.126183 0.266738 0.126183 0.266738 0.130915 0.265675 0.132492 0.265675 0.135647 0.264612 0.137224 0.264612 0.138801 0.263549 0.140379 0.263549 0.171924 0.264612 0.173502 0.265675 0.173502 0.266738 0.175079 0.268863 0.175079 0.269926 0.173502 0.280553 0.173502 0.281615 0.175079 0.284803 0.175079 0.285866 0.173502 0.291180 0.173502 0.292242 0.175079 0.294368 0.175079 0.296493 0.171924 0.296493 0.154574 0.295430 0.152997 0.295430 0.140379 0.294368 0.138801 0.294368 0.130915 0.293305 0.129338 0.293305 0.127760 0.291180 0.124606
1 0.298618 0.345426 0.297556 0.347003 0.297556 0.348580 0.296493 0.350158 0.296493 0.356467 0.295430 0.358044 0.295430 0.361199 0.294368 0.362776 0.294368 0.394322 0.295430 0.394322 0.296493 0.395899 0.326249 0.395899 0.327311 0.394322 0.327311 0.376972 0.326249 0.375394 0.326249 0.361199 0.325186 0.359621 0.325186 0.353312 0.324123 0.351735 0.324123 0.348580 0.321998 0.345426 0.307120 0.345426 0.306057 0.347003 0.299681 0.347003
9 0.450011 0.925915 0.447141 0.929858 0.510840 0.979606 0.517747 0.978975
9 0.487524 0.045678 0.483061 0.044416 0.435515 0.261751 0.439872 0.261120
7 0.512051 0.045363 0.515877 0.043470 0.861456 0.606688 0.860393 0.614416
2 0.230606 0.777603 0.229543 0.779180 0.226355 0.779180 0.225292 0.780757 0.224230 0.780757 0.224230 0.788644 0.223167 0.790221 0.223167 0.796530 0.222104 0.798107 0.223167 0.799685 0.223167 0.813880 0.222104 0.815457 0.222104 0.823344 0.223167 0.824921 0.223167 0.826498 0.224230 0.828076 0.228480 0.828076 0.229543 0.826498 0.240170 0.826498 0.241233 0.828076 0.244421 0.828076 0.245484 0.826498 0.248672 0.826498 0.249734 0.828076 0.251860 0.828076 0.252922 0.826498 0.253985 0.826498 0.253985 0.820189 0.255048 0.818612 0.255048 0.796530 0.253985 0.794953 0.253985 0.790221 0.252922 0.788644 0.252922 0.783912 0.251860 0.782334 0.251860 0.779180 0.247609 0.779180 0.246546 0.777603 0.240170 0.777603 0.239107 0.779180 0.238045 0.777603
9 0.506897 0.044322 0.503390 0.044322 0.636047 0.410315 0.639362 0.408123
20 0.000043 0.225599 0.000000 0.222618 0.000000 0.215883 0.234378 0.596688 0.232051 0.601751
9 0.516111 0.025442 0.514793 0.030820 0.814081 0.264700 0.814740 0.256640
6 0.469809 0.015063 0.469915 0.022476 0.000000 0.164243 0.000085 0.157808
6 0.000446 0.242823 0.000340 0.251025 0.225409 0.772492 0.230191 0.768233
6 0.025271 0.589227 0.019107 0.588596 0.000000 0.708991 0.000000 0.734274
6 0.000000 0.390773 0.000011 0.392492 0.018693 0.522382 0.025186 0.517997 0.000000 0.375836
3 0.192349 0.864353 0.191286 0.865931 0.176408 0.865931 0.175345 0.867508 0.174283 0.867508 0.174283 0.869085 0.173220 0.870662 0.173220 0.876972 0.172157 0.878549 0.172157 0.883281 0.171095 0.884858 0.171095 0.886435 0.172157 0.888013 0.172157 0.894322 0.171095 0.895899 0.171095 0.913249 0.172157 0.914826 0.202976 0.914826 0.204038 0.913249 0.204038 0.881703 0.202976 0.880126 0.202976 0.876972 0.201913 0.875394 0.201913 0.872240 0.200850 0.870662 0.200850 0.867508 0.199787 0.865931 0.195537 0.865931 0.194474 0.864353
3 0.472901 0.000000 0.472901 0.007886 0.471838 0.009464 0.471838 0.039432 0.472901 0.041009 0.475027 0.041009 0.476089 0.039432 0.484591 0.039432 0.485654 0.037855 0.512221 0.037855 0.513284 0.036278 0.512221 0.034700 0.512221 0.033123 0.511158 0.031546 0.511158 0.015773 0.512221 0.014196 0.512221 0.011041 0.513284 0.009464 0.513284 0.007886 0.512221 0.006309 0.512221 0.003155 0.511158 0.001577 0.511158 0.000000
1 0.313496 0.545741 0.311371 0.548896 0.311371 0.555205 0.310308 0.556782 0.310308 0.564669 0.309245 0.566246 0.310308 0.567823 0.310308 0.574132 0.309245 0.575710 0.309245 0.593060 0.310308 0.594637 0.341126 0.594637 0.341126 0.591483 0.342189 0.589905 0.342189 0.588328 0.341126 0.586751 0.341126 0.558360 0.340064 0.556782 0.340064 0.553628 0.339001 0.552050 0.339001 0.548896 0.336876 0.545741
1 0.248672 0.607256 0.247609 0.608833 0.239107 0.608833 0.239107 0.611987 0.238045 0.613565 0.238045 0.619874 0.236982 0.621451 0.236982 0.623028 0.235919 0.624606 0.235919 0.632492 0.236982 0.634069 0.236982 0.635647 0.235919 0.637224 0.235919 0.654574 0.236982 0.656151 0.238045 0.656151 0.239107 0.657729 0.242295 0.657729 0.243358 0.656151 0.253985 0.656151 0.255048 0.657729 0.256111 0.656151 0.267800 0.656151 0.268863 0.654574 0.268863 0.640379 0.267800 0.638801 0.267800 0.619874 0.266738 0.618297 0.266738 0.611987 0.263549 0.607256
3 0.024442 0.526814 0.023379 0.528391 0.012752 0.528391 0.011690 0.529968 0.011690 0.531546 0.010627 0.533123 0.010627 0.537855 0.009564 0.539432 0.009564 0.547319 0.008502 0.548896 0.008502 0.561514 0.009564 0.563091 0.009564 0.569401 0.008502 0.570978 0.008502 0.577287 0.009564 0.578864 0.010627 0.578864 0.011690 0.580442 0.043571 0.580442 0.044633 0.578864 0.044633 0.550473 0.043571 0.548896 0.043571 0.544164 0.042508 0.542587 0.042508 0.539432 0.041445 0.537855 0.041445 0.536278 0.040383 0.534700 0.040383 0.531546 0.039320 0.529968 0.039320 0.528391 0.032944 0.528391 0.031881 0.526814
1 0.414453 0.888013 0.413390 0.889590 0.412327 0.889590 0.412327 0.891167 0.411265 0.892744 0.411265 0.899054 0.410202 0.900631 0.410202 0.914826 0.409139 0.916404 0.409139 0.935331 0.410202 0.936909 0.441020 0.936909 0.442083 0.935331 0.442083 0.916404 0.441020 0.914826 0.442083 0.913249 0.442083 0.905363 0.441020 0.903785 0.441020 0.900631 0.439957 0.899054 0.439957 0.892744 0.438895 0.891167 0.438895 0.889590 0.437832 0.888013
3 0.414453 0.276814 0.413284 0.284543 0.412009 0.298738 0.412009 0.310883 0.412965 0.316404 0.416047 0.319874 0.424761 0.320505 0.434325 0.320347 0.443677 0.320505 0.447503 0.319085 0.448140 0.308675 0.447821 0.296530 0.447396 0.287539 0.446759 0.280915 0.445377 0.277129 0.443996 0.266877 0.417109 0.267350
9 0.258310 0.154117 0.258119 0.149353 0.000000 0.166341 0.000000 0.171262
9 0.288714 0.354669 0.288927 0.361924 0.000021 0.193927 0.000000 0.192571 0.000000 0.184495
9 0.306419 0.543438 0.303018 0.548959 0.000000 0.209227 -0.000000 0.203785
9 0.000000 0.283675 0.170287 0.836262 0.173486 0.831719 0.000000 0.269543
9 0.031095 0.589669 0.036823 0.586719 0.130903 1.000000 0.127216 1.000000
4 0.646121 0.435331 0.645058 0.436909 0.638682 0.436909 0.637620 0.438486 0.638682 0.440063 0.638682 0.471609 0.637620 0.473186 0.637620 0.487382 0.638682 0.488959 0.640808 0.488959 0.641870 0.490536 0.673751 0.490536 0.674814 0.488959 0.675877 0.488959 0.675877 0.487382 0.676939 0.485804 0.676939 0.481073 0.675877 0.479495 0.675877 0.474763 0.674814 0.473186 0.674814 0.470032 0.675877 0.468454 0.675877 0.460568 0.674814 0.458991 0.674814 0.443218 0.673751 0.441640 0.673751 0.438486 0.672689 0.436909 0.671626 0.436909 0.670563 0.435331 0.667375 0.435331 0.666312 0.436909 0.659936 0.436909 0.658874 0.435331 0.651435 0.435331 0.650372 0.436909 0.649309 0.436909 0.648247 0.435331
