8 0.096738 0.286467 0.096738 0.290410 0.456089 0.278044 0.456302 0.274401
13 0.841658 0.351735 0.841658 0.353312 0.840595 0.354890 0.840595 0.359621 0.841658 0.361199 0.841658 0.365931 0.840595 0.367508 0.840595 0.375394 0.841658 0.376972 0.841658 0.397476 0.870351 0.397476 0.870351 0.362776 0.871413 0.361199 0.871413 0.359621 0.872476 0.358044 0.872476 0.353312 0.871413 0.351735 0.867163 0.351735 0.865037 0.354890 0.861849 0.354890 0.860786 0.353312 0.850159 0.353312 0.849097 0.351735
13 0.463337 0.257098 0.462274 0.258675 0.462274 0.261830 0.461211 0.263407 0.461211 0.268139 0.460149 0.269716 0.460149 0.290221 0.462274 0.293375 0.482465 0.293375 0.484591 0.290221 0.484591 0.277603 0.483528 0.276025 0.483528 0.274448 0.484591 0.272871 0.484591 0.269716 0.483528 0.268139 0.483528 0.263407 0.482465 0.261830 0.482465 0.260252 0.480340 0.257098
12 0.259299 0.165615 0.259299 0.173502 0.260361 0.175079 0.260361 0.184543 0.259299 0.186120 0.259299 0.190852 0.260361 0.192429 0.260361 0.209779 0.259299 0.211356 0.260361 0.212934 0.286929 0.212934 0.287991 0.214511 0.290117 0.214511 0.290117 0.171924 0.291180 0.170347 0.290117 0.168770 0.290117 0.165615 0.289054 0.165615 0.287991 0.167192 0.281615 0.167192 0.280553 0.168770 0.276302 0.168770 0.275239 0.167192 0.273114 0.167192 0.272051 0.168770 0.269926 0.168770 0.268863 0.167192 0.261424 0.167192 0.260361 0.165615
16 0.199787 0.791798 0.198725 0.793375 0.192349 0.793375 0.192349 0.824921 0.193411 0.826498 0.193411 0.834385 0.194474 0.832808 0.200850 0.832808 0.201913 0.834385 0.204038 0.834385 0.205101 0.835962 0.216791 0.835962 0.217853 0.834385 0.218916 0.834385 0.218916 0.832808 0.219979 0.831230 0.221041 0.832808 0.221041 0.834385 0.222104 0.835962 0.224230 0.835962 0.224230 0.826498 0.222104 0.823344 0.222104 0.818612 0.223167 0.817035 0.223167 0.810726 0.222104 0.809148 0.222104 0.794953 0.221041 0.793375 0.206164 0.793375 0.205101 0.791798
16 0.829968 0.694006 0.829968 0.739748 0.831031 0.741325 0.851222 0.741325 0.852285 0.742902 0.859724 0.742902 0.861849 0.739748 0.861849 0.731861 0.860786 0.730284 0.860786 0.719243 0.861849 0.717666 0.861849 0.694006
6 0.226993 0.814984 0.226674 0.808991 0.812965 0.720978 0.812774 0.725852
6 0.859830 0.402681 0.855069 0.402603 0.845058 0.690063 0.849203 0.689432
6 0.839320 0.366719 0.839118 0.373896 0.491392 0.284543 0.492349 0.276656
8 0.086908 0.315363 0.083783 0.315158 0.200383 0.787461 0.203475 0.787918
14 0.065887 0.264984 0.064825 0.266562 0.063762 0.266562 0.062699 0.268139 0.062699 0.310726 0.064825 0.310726 0.065887 0.312303 0.083953 0.312303 0.085016 0.313880 0.088204 0.313880 0.089267 0.312303 0.091392 0.312303 0.092455 0.310726 0.093518 0.310726 0.093518 0.276025 0.094580 0.274448 0.093518 0.272871 0.093518 0.268139 0.091392 0.264984 0.075452 0.264984 0.074389 0.266562 0.071201 0.266562 0.070138 0.264984
