16 0.923486 0.383281 0.923486 0.405363 0.924548 0.406940 0.924548 0.416404 0.926674 0.419558 0.928799 0.419558 0.929862 0.421136 0.943677 0.421136 0.944740 0.419558 0.945802 0.419558 0.946865 0.417981 0.948990 0.417981 0.950053 0.416404 0.951116 0.416404 0.952179 0.414826 0.952179 0.413249 0.951116 0.411672 0.951116 0.408517 0.952179 0.406940 0.952179 0.384858 0.951116 0.384858 0.950053 0.383281 0.945802 0.383281 0.944740 0.384858 0.941552 0.384858 0.940489 0.383281 0.937301 0.383281 0.936238 0.384858 0.928799 0.384858 0.927736 0.386435 0.926674 0.386435 0.924548 0.383281
12 0.172157 0.055205 0.171095 0.056782 0.170032 0.056782 0.168969 0.058360 0.168969 0.061514 0.167906 0.063091 0.167906 0.086751 0.166844 0.088328 0.166844 0.089905 0.167906 0.091483 0.167906 0.094637 0.168969 0.096215 0.171095 0.096215 0.172157 0.094637 0.187035 0.094637 0.188098 0.096215 0.190223 0.096215 0.191286 0.094637 0.194474 0.094637 0.193411 0.093060 0.193411 0.083596 0.192349 0.082019 0.192349 0.080442 0.191286 0.078864 0.191286 0.075710 0.192349 0.074132 0.192349 0.067823 0.191286 0.066246 0.191286 0.063091 0.190223 0.061514 0.190223 0.056782 0.189160 0.055205 0.188098 0.056782 0.175345 0.056782 0.174283 0.055205
13 0.484591 0.386435 0.483528 0.388013 0.482465 0.388013 0.481403 0.389590 0.481403 0.391167 0.480340 0.392744 0.480340 0.422713 0.481403 0.424290 0.485654 0.424290 0.486716 0.425868 0.490967 0.425868 0.492030 0.424290 0.500531 0.424290 0.501594 0.425868 0.502657 0.424290 0.503719 0.424290 0.504782 0.422713 0.504782 0.397476 0.503719 0.395899 0.503719 0.394322 0.502657 0.392744 0.502657 0.389590 0.501594 0.388013 0.489904 0.388013 0.488842 0.386435
16 0.070138 0.905363 0.069075 0.906940 0.066950 0.906940 0.065887 0.908517 0.063762 0.908517 0.062699 0.910095 0.061637 0.910095 0.060574 0.911672 0.060574 0.921136 0.059511 0.922713 0.059511 0.930599 0.060574 0.932177 0.060574 0.936909 0.061637 0.938486 0.063762 0.938486 0.064825 0.940063 0.065887 0.940063 0.066950 0.941640 0.076514 0.941640 0.077577 0.940063 0.078640 0.940063 0.079702 0.938486 0.081828 0.938486 0.082891 0.936909 0.083953 0.936909 0.085016 0.935331 0.085016 0.933754 0.086079 0.932177 0.086079 0.927445 0.087141 0.925868 0.086079 0.924290 0.086079 0.916404 0.085016 0.914826 0.085016 0.913249 0.083953 0.911672 0.083953 0.910095 0.082891 0.910095 0.081828 0.908517 0.080765 0.908517 0.079702 0.906940 0.077577 0.906940 0.076514 0.905363
13 0.062699 0.400631 0.061637 0.402208 0.061637 0.405363 0.062699 0.406940 0.062699 0.443218 0.063762 0.444795 0.094580 0.444795 0.094580 0.441640 0.093518 0.440063 0.093518 0.419558 0.094580 0.417981 0.094580 0.402208 0.093518 0.400631
13 0.337938 0.417981 0.336876 0.417981 0.335813 0.416404 0.317747 0.416404 0.316684 0.417981 0.315622 0.417981 0.315622 0.424290 0.314559 0.425868 0.314559 0.435331 0.313496 0.436909 0.313496 0.457413 0.335813 0.457413 0.336876 0.458991 0.337938 0.458991 0.339001 0.457413 0.340064 0.457413 0.341126 0.455836 0.341126 0.454259 0.340064 0.452681 0.340064 0.430599 0.339001 0.429022 0.339001 0.424290 0.337938 0.422713 0.337938 0.417981 0.340064 0.414826 0.311371 0.414826 0.310308 0.414826 0.311371 0.414826 0.340064 0.414826 0.341126 0.414826 0.340064 0.414826
16 0.942614 0.883281 0.941552 0.884858 0.936238 0.884858 0.935175 0.886435 0.934113 0.884858 0.930925 0.884858 0.930925 0.916404 0.931987 0.917981 0.931987 0.919558 0.933050 0.921136 0.936238 0.921136 0.937301 0.922713 0.939426 0.922713 0.940489 0.924290 0.951116 0.924290 0.952179 0.922713 0.953241 0.922713 0.954304 0.921136 0.956429 0.921136 0.957492 0.919558 0.957492 0.917981 0.958555 0.916404 0.958555 0.914826 0.959617 0.913249 0.959617 0.900631 0.958555 0.899054 0.958555 0.894322 0.959617 0.892744 0.959617 0.889590 0.958555 0.888013 0.958555 0.886435 0.953241 0.886435 0.952179 0.884858 0.945802 0.884858 0.944740 0.883281
8 0.755292 0.404196 0.755664 0.409306 0.920638 0.408833 0.920882 0.402082
8 0.511158 0.404779 0.511265 0.409038 0.718629 0.409401 0.718842 0.404196
6 0.474973 0.406514 0.474973 0.415552 0.345515 0.439826 0.344942 0.430773
6 0.943666 0.876498 0.947290 0.876782 0.941722 0.429164 0.937588 0.429164
6 0.091254 0.912997 0.092168 0.930631 0.929787 0.913880 0.929097 0.899842
6 0.076429 0.453691 0.082115 0.454322 0.076716 0.896861 0.072731 0.895379
6 0.096589 0.422035 0.097301 0.427114 0.308587 0.440710 0.308980 0.433927
6 0.199277 0.093060 0.198895 0.100410 0.474506 0.392271 0.474060 0.381814
14 0.724761 0.386435 0.723698 0.388013 0.723698 0.397476 0.722635 0.399054 0.722635 0.419558 0.721573 0.421136 0.722635 0.422713 0.722742 0.425079 0.748140 0.424290 0.748990 0.423344 0.749203 0.399054 0.748140 0.397476 0.748140 0.386435
