9 0.443177 0.919574 0.443496 0.914054 0.064548 0.999543 0.100138 1.000000
6 0.490733 0.899338 0.490021 0.889621 0.769479 0.687650 0.770744 0.697744
6 0.635887 0.517271 0.643146 0.518328 0.486164 0.877303 0.480106 0.876830
6 0.000446 0.533580 0.000818 0.542918 0.322019 0.434227 0.322667 0.426025
6 0.348533 0.458328 0.356823 0.455331 0.456079 0.857539 0.449819 0.857114
1 0.811902 0.648265 0.811902 0.649842 0.809777 0.652997 0.808714 0.651420 0.807651 0.651420 0.806589 0.649842 0.788523 0.649842 0.787460 0.651420 0.785335 0.651420 0.784272 0.649842 0.782147 0.649842 0.781084 0.651420 0.780021 0.651420 0.780021 0.652997 0.778959 0.654574 0.778959 0.656151 0.777896 0.657729 0.777896 0.662461 0.776833 0.664038 0.776833 0.668770 0.775770 0.670347 0.775770 0.682965 0.776833 0.684543 0.776833 0.690852 0.775770 0.692429 0.775770 0.695584 0.776833 0.697161 0.776833 0.701893 0.778959 0.701893 0.780021 0.703470 0.791711 0.703470 0.792774 0.701893 0.794899 0.701893 0.795962 0.703470 0.811902 0.703470 0.812965 0.705047 0.812965 0.703470 0.811902 0.701893 0.811902 0.695584 0.812965 0.694006 0.812965 0.654574 0.814028 0.652997 0.814028 0.648265
1 0.485654 0.883281 0.483528 0.886435 0.484591 0.888013 0.484591 0.889590 0.485654 0.891167 0.485654 0.892744 0.484591 0.894322 0.484591 0.897476 0.483528 0.899054 0.482465 0.899054 0.481403 0.897476 0.481403 0.895899 0.480340 0.894322 0.480340 0.889590 0.479277 0.888013 0.478215 0.888013 0.477152 0.886435 0.467588 0.886435 0.466525 0.888013 0.464400 0.888013 0.463337 0.886435 0.454835 0.886435 0.451647 0.891167 0.451647 0.894322 0.450584 0.895899 0.450584 0.899054 0.449522 0.900631 0.449522 0.905363 0.448459 0.906940 0.448459 0.936909 0.451647 0.936909 0.452710 0.938486 0.458023 0.938486 0.459086 0.936909 0.468650 0.936909 0.469713 0.938486 0.472901 0.938486 0.473964 0.936909 0.482465 0.936909 0.483528 0.938486 0.484591 0.938486 0.485654 0.940063 0.485654 0.933754 0.484591 0.932177 0.484591 0.925868 0.485654 0.924290
1 0.646121 0.451104 0.645058 0.452681 0.643996 0.452681 0.641870 0.455836 0.640808 0.455836 0.638682 0.458991 0.638682 0.466877 0.637620 0.468454 0.637620 0.501577 0.638682 0.503155 0.670563 0.503155 0.671626 0.501577 0.673751 0.501577 0.673751 0.463722 0.672689 0.462145 0.672689 0.458991 0.671626 0.457413 0.671626 0.454259 0.670563 0.452681 0.667375 0.452681 0.666312 0.451104 0.658874 0.451104 0.657811 0.452681 0.656748 0.452681 0.655685 0.451104 0.653560 0.451104 0.652497 0.452681 0.647184 0.452681
3 0.333688 0.394322 0.332625 0.395899 0.331562 0.395899 0.330499 0.397476 0.329437 0.397476 0.328374 0.399054 0.328374 0.402208 0.327311 0.403785 0.327311 0.406940 0.326249 0.408517 0.326249 0.410095 0.325186 0.411672 0.325186 0.449527 0.326249 0.449527 0.327311 0.447950 0.358130 0.447950 0.359192 0.449527 0.363443 0.449527 0.362380 0.447950 0.362380 0.438486 0.363443 0.436909 0.363443 0.432177 0.362380 0.430599 0.362380 0.414826 0.361318 0.413249 0.361318 0.410095 0.359192 0.406940 0.359192 0.403785 0.358130 0.402208 0.358130 0.399054 0.357067 0.397476 0.357067 0.395899 0.356004 0.395899 0.354942 0.394322 0.342189 0.394322 0.341126 0.395899 0.335813 0.395899 0.334750 0.394322
9 0.469586 0.944937 0.476376 0.942744 0.482572 0.983454 0.475484 0.983028
