4 0.785335 0.569401 0.784272 0.570978 0.784272 0.572555 0.783209 0.574132 0.783209 0.580442 0.782147 0.582019 0.782147 0.586751 0.781084 0.588328 0.781084 0.593060 0.782147 0.594637 0.781084 0.596215 0.781084 0.618297 0.814028 0.618297 0.814028 0.585174 0.812965 0.583596 0.812965 0.580442 0.811902 0.578864 0.811902 0.575710 0.810840 0.574132 0.810840 0.570978 0.809777 0.569401
7 0.369787 0.059117 0.369787 0.063849 0.668757 0.041341 0.668863 0.036609
7 0.380914 0.406498 0.382189 0.401609 0.247279 0.403785 0.248236 0.411041
6 0.427290 0.403297 0.426121 0.407713 0.631073 0.433849 0.631286 0.428644
6 0.050361 0.553833 0.046961 0.552729 0.028820 0.663454 0.032752 0.663770
7 0.396695 0.347823 0.393188 0.345773 0.351541 0.097413 0.354952 0.096151
7 0.776514 0.563565 0.773964 0.571451 0.685547 0.469243 0.688523 0.458044
7 0.603826 0.594164 0.600425 0.602208 0.423486 0.426025 0.429330 0.416562
7 0.382997 0.397161 0.383847 0.388959 0.000000 0.228391 0.000000 0.237539
6 0.646589 0.620584 0.644527 0.611672 0.780234 0.593533 0.780128 0.599842
6 0.207439 0.424606 0.200531 0.418927 0.071201 0.500315 0.079702 0.509937
9 0.044687 0.692366 0.045005 0.698360 0.383326 0.421956 0.381732 0.416435
9 0.424612 0.386073 0.427163 0.392066 0.927524 0.089953 0.927311 0.084274
6 0.402274 0.436909 0.399617 0.436593 0.371180 0.767003 0.373730 0.767319
6 0.950372 0.107871 0.946971 0.107397 0.938874 0.497035 0.941530 0.496877
6 0.926376 0.068880 0.926376 0.073612 0.712391 0.042445 0.712816 0.037397
4 0.609989 0.594637 0.607864 0.597792 0.607864 0.604101 0.606801 0.605678 0.606801 0.610410 0.605739 0.611987 0.605739 0.616719 0.606801 0.618297 0.606801 0.623028 0.605739 0.624606 0.605739 0.643533 0.637620 0.643533 0.638682 0.641956 0.638682 0.621451 0.637620 0.619874 0.637620 0.618297 0.638682 0.616719 0.638682 0.611987 0.637620 0.610410 0.637620 0.607256 0.636557 0.605678 0.636557 0.602524 0.635494 0.600946 0.635494 0.597792 0.634431 0.596215 0.632306 0.596215 0.631243 0.594637
2 0.937301 0.048896 0.936238 0.050473 0.935175 0.050473 0.935175 0.052050 0.934113 0.053628 0.934113 0.058360 0.933050 0.059937 0.933050 0.069401 0.931987 0.070978 0.931987 0.096215 0.933050 0.097792 0.963868 0.097792 0.963868 0.096215 0.964931 0.094637 0.964931 0.091483 0.963868 0.089905 0.963868 0.063091 0.962806 0.061514 0.962806 0.053628 0.960680 0.050473 0.958555 0.050473 0.957492 0.048896
4 0.334750 0.037855 0.333688 0.039432 0.333688 0.042587 0.332625 0.044164 0.332625 0.048896 0.331562 0.050473 0.331562 0.053628 0.330499 0.055205 0.330499 0.059937 0.331562 0.061514 0.331562 0.066246 0.330499 0.067823 0.330499 0.085174 0.331562 0.086751 0.343252 0.086751 0.344315 0.088328 0.346440 0.088328 0.347503 0.086751 0.362380 0.086751 0.363443 0.085174 0.363443 0.067823 0.362380 0.066246 0.362380 0.064669 0.363443 0.063091 0.363443 0.058360 0.362380 0.056782 0.362380 0.050473 0.361318 0.048896 0.361318 0.042587 0.360255 0.041009 0.360255 0.039432 0.359192 0.037855
2 0.926674 0.504732 0.925611 0.506309 0.925611 0.507886 0.924548 0.509464 0.924548 0.514196 0.923486 0.515773 0.923486 0.545741 0.922423 0.547319 0.922423 0.548896 0.923486 0.550473 0.923486 0.553628 0.954304 0.553628 0.955367 0.552050 0.955367 0.533123 0.954304 0.531546 0.954304 0.515773 0.953241 0.514196 0.953241 0.509464 0.952179 0.507886 0.952179 0.506309 0.951116 0.504732
3 0.704570 0.007886 0.703507 0.009464 0.690755 0.009464 0.689692 0.011041 0.688629 0.011041 0.687566 0.009464 0.683316 0.009464 0.682253 0.011041 0.680128 0.011041 0.679065 0.009464 0.675877 0.009464 0.673751 0.012618 0.673751 0.014196 0.674814 0.015773 0.674814 0.020505 0.673751 0.022082 0.673751 0.023659 0.672689 0.025237 0.672689 0.028391 0.671626 0.029968 0.671626 0.033123 0.672689 0.034700 0.672689 0.041009 0.671626 0.042587 0.671626 0.056782 0.670563 0.058360 0.670563 0.059937 0.672689 0.063091 0.679065 0.063091 0.680128 0.061514 0.684378 0.061514 0.685441 0.063091 0.686504 0.061514 0.705632 0.061514 0.706695 0.059937 0.707758 0.059937 0.706695 0.058360 0.706695 0.036278 0.707758 0.034700 0.707758 0.029968 0.706695 0.028391 0.706695 0.023659 0.705632 0.022082 0.705632 0.015773 0.704570 0.014196
1 0.005313 0.684543 0.004251 0.686120 0.002125 0.686120 0.001063 0.687697 0.000000 0.687697 0.000000 0.703470 0.001063 0.703470 0.002125 0.705047 0.002125 0.706625 0.001063 0.708202 0.000000 0.708202 0.000000 0.746057 0.008502 0.746057 0.009564 0.744479 0.032944 0.744479 0.034006 0.746057 0.041445 0.746057 0.041445 0.742902 0.042508 0.741325 0.042508 0.731861 0.041445 0.730284 0.041445 0.686120 0.040383 0.684543 0.037194 0.684543 0.036132 0.686120 0.019129 0.686120 0.018066 0.687697 0.015940 0.687697 0.014878 0.686120 0.007439 0.686120 0.006376 0.684543
4 0.040383 0.495268 0.039320 0.496845 0.039320 0.498423 0.038257 0.500000 0.038257 0.504732 0.037194 0.506309 0.037194 0.509464 0.036132 0.511041 0.036132 0.542587 0.037194 0.544164 0.068013 0.544164 0.069075 0.542587 0.069075 0.522082 0.068013 0.520505 0.068013 0.518927 0.069075 0.517350 0.069075 0.511041 0.068013 0.509464 0.068013 0.506309 0.066950 0.504732 0.066950 0.501577 0.065887 0.500000 0.065887 0.496845 0.064825 0.495268
3 0.646121 0.406940 0.645058 0.408517 0.643996 0.408517 0.642933 0.410095 0.642933 0.414826 0.641870 0.416404 0.640808 0.416404 0.640808 0.417981 0.639745 0.419558 0.639745 0.425868 0.638682 0.427445 0.638682 0.435331 0.637620 0.436909 0.637620 0.440063 0.638682 0.441640 0.638682 0.446372 0.637620 0.447950 0.637620 0.451104 0.638682 0.452681 0.638682 0.455836 0.637620 0.457413 0.637620 0.462145 0.640808 0.462145 0.641870 0.463722 0.642933 0.462145 0.647184 0.462145 0.648247 0.460568 0.670563 0.460568 0.671626 0.458991 0.673751 0.458991 0.674814 0.457413 0.674814 0.451104 0.673751 0.449527 0.673751 0.424290 0.672689 0.422713 0.672689 0.419558 0.671626 0.417981 0.671626 0.413249 0.670563 0.411672 0.670563 0.410095 0.669501 0.408517 0.652497 0.408517 0.651435 0.406940
3 0.382572 0.793375 0.381509 0.794953 0.376196 0.794953 0.375133 0.796530 0.362380 0.796530 0.361318 0.794953 0.358130 0.794953 0.357067 0.796530 0.356004 0.794953 0.348565 0.794953 0.348565 0.796530 0.347503 0.798107 0.347503 0.799685 0.348565 0.801262 0.348565 0.812303 0.347503 0.813880 0.347503 0.851735 0.348565 0.853312 0.357067 0.853312 0.358130 0.851735 0.382572 0.851735 0.383634 0.853312 0.384697 0.853312 0.385760 0.851735 0.386823 0.851735 0.386823 0.848580 0.385760 0.847003 0.385760 0.834385 0.386823 0.832808 0.386823 0.824921 0.385760 0.823344 0.385760 0.793375
3 0.391073 0.378549 0.388948 0.381703 0.388948 0.386435 0.387885 0.388013 0.387885 0.395899 0.386823 0.397476 0.386823 0.399054 0.387885 0.400631 0.387885 0.403785 0.386823 0.405363 0.386823 0.425868 0.387885 0.425868 0.388948 0.427445 0.416578 0.427445 0.417641 0.425868 0.419766 0.425868 0.419766 0.397476 0.418704 0.395899 0.418704 0.391167 0.417641 0.389590 0.417641 0.384858 0.416578 0.383281 0.416578 0.380126 0.415515 0.378549
4 0.214665 0.381703 0.213603 0.383281 0.212540 0.383281 0.212540 0.386435 0.211477 0.388013 0.211477 0.392744 0.210414 0.394322 0.210414 0.399054 0.209352 0.400631 0.209352 0.406940 0.210414 0.408517 0.210414 0.410095 0.209352 0.411672 0.209352 0.430599 0.210414 0.432177 0.241233 0.432177 0.241233 0.430599 0.242295 0.429022 0.242295 0.411672 0.241233 0.410095 0.241233 0.405363 0.242295 0.403785 0.241233 0.402208 0.241233 0.395899 0.240170 0.394322 0.240170 0.389590 0.239107 0.388013 0.239107 0.384858 0.238045 0.383281 0.219979 0.383281 0.218916 0.381703
