6 0.014400 0.002019 0.012168 0.002334 0.012593 0.079464 0.015356 0.078360
6 0.637258 0.000599 0.631360 0.000158 0.654368 0.429132 0.660266 0.429953
9 0.496472 0.000536 0.492327 0.000063 0.365696 0.228785 0.369511 0.231719
1 0.350691 0.236593 0.349628 0.238170 0.336876 0.238170 0.334750 0.241325 0.334750 0.247634 0.333688 0.249211 0.333688 0.255521 0.332625 0.257098 0.332625 0.285489 0.333688 0.287066 0.363443 0.287066 0.365569 0.283912 0.365569 0.257098 0.364506 0.255521 0.364506 0.249211 0.363443 0.247634 0.363443 0.244479 0.362380 0.242902 0.362380 0.239748 0.361318 0.238170 0.358130 0.238170 0.357067 0.236593
2 0.000000 0.083596 0.000000 0.132492 0.028693 0.132492 0.028693 0.096215 0.027630 0.094637 0.027630 0.093060 0.026567 0.091483 0.026567 0.086751 0.025505 0.085174 0.025505 0.083596
2 0.989373 0.362776 0.988310 0.364353 0.979809 0.364353 0.979809 0.365931 0.978746 0.367508 0.978746 0.373817 0.977683 0.375394 0.977683 0.378549 0.976621 0.380126 0.976621 0.397476 0.975558 0.399054 0.975558 0.408517 0.976621 0.410095 0.976621 0.411672 0.980871 0.411672 0.981934 0.413249 0.982997 0.413249 0.984060 0.411672 0.998937 0.411672 0.998937 0.364353 0.996812 0.364353 0.995749 0.362776
3 0.703507 0.130915 0.702444 0.132492 0.702444 0.134069 0.701382 0.135647 0.701382 0.140379 0.700319 0.141956 0.700319 0.159306 0.699256 0.160883 0.699256 0.178233 0.700319 0.179811 0.731137 0.179811 0.732200 0.178233 0.732200 0.162461 0.731137 0.160883 0.731137 0.156151 0.732200 0.154574 0.732200 0.151420 0.731137 0.149842 0.731137 0.145110 0.730074 0.143533 0.730074 0.141956 0.729012 0.140379 0.729012 0.134069 0.726886 0.130915
4 0.672689 0.432177 0.671626 0.433754 0.670563 0.433754 0.669501 0.435331 0.658874 0.435331 0.657811 0.433754 0.651435 0.433754 0.650372 0.435331 0.637620 0.435331 0.637620 0.482650 0.636557 0.484227 0.637620 0.485804 0.637620 0.490536 0.675877 0.490536 0.676939 0.488959 0.676939 0.454259 0.675877 0.452681 0.675877 0.444795 0.676939 0.443218 0.676939 0.436909 0.673751 0.432177
6 0.682253 0.000000 0.676812 0.000221 0.706971 0.126104 0.712901 0.124148
2 0.970244 0.074132 0.970244 0.075710 0.969182 0.077287 0.969182 0.082019 0.968119 0.083596 0.968119 0.088328 0.967056 0.089905 0.967056 0.119874 0.968119 0.121451 0.998937 0.121451 0.998937 0.078864 0.997875 0.078864 0.996812 0.077287 0.996812 0.075710 0.995749 0.074132
