18 0.555825 0.331230 0.555825 0.347003 0.556634 0.348580 0.556634 0.372240 0.557443 0.370662 0.578479 0.370662 0.579288 0.372240 0.579288 0.356467 0.580097 0.354890 0.580097 0.334385 0.580906 0.332808 0.580906 0.331230
6 0.834547 0.232492 0.834547 0.239905 0.920065 0.336593 0.920712 0.329022
6 0.714838 0.139101 0.714725 0.129180 0.804288 0.203470 0.803883 0.212618
6 0.688835 0.143060 0.582443 0.327287 0.583495 0.336593 0.692071 0.149369
6 0.475000 0.358833 0.473625 0.352208 0.556311 0.351577 0.555825 0.357729
6 0.335841 0.574290 0.334951 0.565773 0.444903 0.376656 0.451456 0.376183
6 0.936570 0.375552 0.933333 0.375710 0.931796 0.933281 0.935599 0.933281
17 0.328155 0.575237 0.324838 0.574606 0.317880 0.575710 0.316181 0.575237 0.314320 0.578864 0.312702 0.585331 0.312055 0.607886 0.314401 0.610410 0.313188 0.610568 0.316019 0.610883 0.317152 0.610410 0.319579 0.610410 0.321278 0.609937 0.323867 0.609779 0.327751 0.610410 0.329450 0.608833 0.330583 0.606940 0.331796 0.604101 0.331634 0.598896 0.331553 0.590536 0.329854 0.581230 0.329693 0.576972
20 0.629684 0.822965 0.626982 0.809385 0.353657 0.967587 0.359474 0.978975
6 0.656270 0.851073 0.646392 0.850189 0.646950 0.957287 0.656926 0.957287
6 0.919061 0.972366 0.918738 0.987997 0.666472 0.990915 0.666472 0.977902
6 0.638390 0.992792 0.638762 0.978612 0.355194 0.979274 0.356545 0.997208
13 0.454693 0.334385 0.452265 0.339117 0.452265 0.343849 0.451456 0.345426 0.451456 0.353312 0.450647 0.354890 0.450647 0.370662 0.451456 0.372240 0.457120 0.372240 0.457929 0.373817 0.458738 0.373817 0.459547 0.372240 0.470065 0.372240 0.470065 0.370662 0.470874 0.369085 0.470874 0.356467 0.470065 0.354890 0.470065 0.343849 0.469256 0.342271 0.469256 0.339117 0.468447 0.337539 0.468447 0.335962 0.467638 0.335962 0.466828 0.334385
16 0.328479 0.947950 0.327670 0.949527 0.324434 0.949527 0.323625 0.951104 0.320388 0.951104 0.319579 0.952681 0.318770 0.952681 0.317152 0.955836 0.316343 0.955836 0.314725 0.958991 0.313107 0.958991 0.311489 0.962145 0.311489 0.976341 0.310680 0.977918 0.310680 0.982650 0.311489 0.984227 0.311489 0.990536 0.310680 0.992114 0.310680 0.998423 0.353560 0.998423 0.353560 0.982650 0.354369 0.981073 0.354369 0.979495 0.353560 0.977918 0.353560 0.976341 0.352751 0.974763 0.352751 0.963722 0.351942 0.962145 0.351942 0.960568 0.351133 0.960568 0.350324 0.958991 0.349515 0.958991 0.347896 0.955836 0.347087 0.955836 0.346278 0.954259 0.345469 0.954259 0.344660 0.952681 0.343851 0.952681 0.343042 0.951104 0.342233 0.951104 0.341424 0.949527 0.337379 0.949527 0.336570 0.947950
16 0.923139 0.973186 0.922330 0.974763 0.922330 0.976341 0.921521 0.977918 0.921521 0.992114 0.922330 0.993691 0.922330 0.998423 0.941748 0.998423 0.941748 0.993691 0.942557 0.992114 0.942557 0.987382 0.943366 0.985804 0.943366 0.977918 0.942557 0.976341 0.941748 0.976341 0.940939 0.974763 0.930421 0.974763 0.929612 0.973186
16 0.641586 0.962145 0.639968 0.965300 0.639968 0.966877 0.639159 0.968454 0.639159 0.971609 0.638350 0.973186 0.639159 0.974763 0.639159 0.979495 0.639968 0.981073 0.639968 0.985804 0.640777 0.987382 0.640777 0.988959 0.639968 0.990536 0.639968 0.998423 0.665049 0.998423 0.665049 0.985804 0.665858 0.984227 0.665858 0.962145
16 0.631068 0.758675 0.630259 0.760252 0.630259 0.802839 0.631068 0.804416 0.631068 0.809148 0.630259 0.810726 0.630259 0.812303 0.631068 0.813880 0.631068 0.818612 0.631877 0.820189 0.631877 0.823344 0.632686 0.824921 0.632686 0.826498 0.635113 0.831230 0.635922 0.831230 0.636731 0.832808 0.638350 0.832808 0.639159 0.834385 0.639968 0.834385 0.640777 0.835962 0.642395 0.835962 0.643204 0.837539 0.644822 0.837539 0.645631 0.839117 0.648058 0.839117 0.648867 0.840694 0.651294 0.840694 0.652104 0.839117 0.660194 0.839117 0.661003 0.837539 0.663430 0.837539 0.664239 0.835962 0.665049 0.835962 0.665858 0.834385 0.669094 0.834385 0.670712 0.837539 0.670712 0.839117 0.671521 0.840694 0.671521 0.842271 0.672330 0.843849 0.673948 0.843849 0.673948 0.837539 0.673139 0.835962 0.673139 0.823344 0.673948 0.821767 0.673948 0.760252 0.673139 0.758675 0.672330 0.760252 0.671521 0.760252 0.670712 0.761830 0.670712 0.763407 0.669094 0.766562 0.668285 0.766562 0.667476 0.764984 0.666667 0.764984 0.665858 0.763407 0.663430 0.763407 0.662621 0.761830 0.648058 0.761830 0.647249 0.760252 0.634304 0.760252 0.633495 0.758675
16 0.921521 0.323344 0.921521 0.335962 0.922330 0.337539 0.922330 0.343849 0.921521 0.345426 0.921521 0.347003 0.922330 0.348580 0.922330 0.369085 0.923139 0.370662 0.932848 0.370662 0.933657 0.372240 0.936084 0.372240 0.936893 0.370662 0.946602 0.370662 0.946602 0.323344
12 0.808252 0.197161 0.807443 0.198738 0.806634 0.198738 0.805825 0.200315 0.805825 0.206625 0.805016 0.208202 0.805016 0.211356 0.805825 0.212934 0.805825 0.239748 0.807443 0.242902 0.809061 0.242902 0.809871 0.244479 0.811489 0.244479 0.812298 0.242902 0.829288 0.242902 0.830097 0.241325 0.830097 0.239748 0.830906 0.238170 0.830906 0.200315 0.829288 0.197161 0.826861 0.197161 0.826052 0.198738 0.822006 0.198738 0.821197 0.197161
13 0.693366 0.104101 0.692557 0.105678 0.692557 0.108833 0.691748 0.110410 0.691748 0.127760 0.690939 0.129338 0.690939 0.140379 0.692557 0.140379 0.693366 0.141956 0.694175 0.141956 0.694984 0.140379 0.699838 0.140379 0.700647 0.141956 0.701456 0.140379 0.709547 0.140379 0.709547 0.135647 0.710356 0.134069 0.710356 0.132492 0.709547 0.130915 0.709547 0.126183 0.708738 0.124606 0.708738 0.108833 0.707929 0.107256 0.707929 0.105678 0.707120 0.105678 0.706311 0.104101
