9 0.301881 0.190268 0.295186 0.190063 0.348884 0.470662 0.354198 0.468155
9 0.315569 0.180710 0.313762 0.186073 0.489416 0.394716 0.490372 0.386215
9 0.314612 0.156577 0.314400 0.161782 0.504708 0.177019 0.504389 0.169448
9 0.432497 0.001120 0.423996 0.000489 0.312253 0.129558 0.314910 0.137918
4 0.342189 0.476341 0.341126 0.477918 0.341126 0.485804 0.340064 0.487382 0.340064 0.492114 0.339001 0.493691 0.339001 0.498423 0.340064 0.500000 0.340064 0.503155 0.339001 0.504732 0.339001 0.523659 0.340064 0.525237 0.370882 0.525237 0.371945 0.523659 0.371945 0.495268 0.370882 0.493691 0.370882 0.488959 0.369819 0.487382 0.369819 0.484227 0.368757 0.482650 0.368757 0.477918 0.367694 0.476341
4 0.497343 0.392744 0.497343 0.394322 0.496281 0.395899 0.496281 0.402208 0.495218 0.403785 0.495218 0.406940 0.494155 0.408517 0.494155 0.440063 0.495218 0.441640 0.526036 0.441640 0.527099 0.440063 0.527099 0.410095 0.526036 0.408517 0.526036 0.405363 0.524973 0.403785 0.524973 0.395899 0.522848 0.392744
7 0.273294 0.163423 0.272444 0.155820 0.016971 0.181972 0.016695 0.190852
4 0.279490 0.132492 0.278427 0.134069 0.278427 0.135647 0.277365 0.137224 0.277365 0.141956 0.276302 0.143533 0.276302 0.148265 0.275239 0.149842 0.274814 0.183912 0.281722 0.183438 0.282678 0.182965 0.284803 0.182965 0.286079 0.183754 0.292242 0.183438 0.293305 0.183281 0.302976 0.183912 0.304995 0.183281 0.308395 0.183754 0.309671 0.179811 0.309671 0.168927 0.309671 0.160883 0.309989 0.157729 0.309564 0.149842 0.309139 0.147319 0.308502 0.144322 0.308183 0.142587 0.307439 0.138644 0.306589 0.136751 0.306270 0.133438 0.304995 0.132965 0.302869 0.132492
4 0.515409 0.148265 0.514346 0.149842 0.512221 0.149842 0.512221 0.151420 0.511158 0.152997 0.511158 0.157729 0.510096 0.159306 0.510096 0.160883 0.509033 0.162461 0.509033 0.186120 0.507970 0.187697 0.507970 0.200315 0.509033 0.201893 0.522848 0.201893 0.523911 0.200315 0.529224 0.200315 0.530287 0.201893 0.544102 0.201893 0.545165 0.200315 0.545165 0.194006 0.544102 0.192429 0.544102 0.162461 0.543039 0.160883 0.543039 0.156151 0.541977 0.154574 0.541977 0.148265
3 0.007439 0.159306 0.006376 0.160883 0.000000 0.160883 0.000000 0.216088 0.007439 0.216088 0.008502 0.217666 0.010627 0.217666 0.012752 0.214511 0.012752 0.159306
