7 0.923437 0.67258 0.923437 0.683039 0.921875 0.685654 0.920312 0.685654 0.91875 0.688269 0.914062 0.688269 0.9125 0.690884 0.910937 0.690884 0.910937 0.693499 0.909375 0.696114 0.907812 0.696114 0.90625 0.698729 0.901563 0.698729 0.9 0.701343 0.898438 0.701343 0.898438 0.703958 0.895312 0.709188 0.889062 0.709188 0.8875 0.711803 0.885938 0.711803 0.88125 0.719647 0.876562 0.719647 0.875 0.722262 0.873437 0.722262 0.86875 0.730107 0.864062 0.730107 0.8625 0.732722 0.860937 0.732722 0.85625 0.740566 0.851562 0.740566 0.85 0.743181 0.848437 0.743181 0.84375 0.751026 0.8375 0.751026 0.835938 0.75364 0.834375 0.75364 0.829687 0.761485 0.821875 0.761485 0.821875 0.76933 0.829687 0.76933 0.83125 0.766715 0.832812 0.766715 0.8375 0.75887 0.842187 0.75887 0.84375 0.756255 0.845312 0.756255 0.848437 0.751026 0.851562 0.751026 0.853125 0.748411 0.85625 0.748411 0.857812 0.745796 0.859375 0.745796 0.8625 0.740566 0.864062 0.740566 0.865625 0.737951 0.86875 0.737951 0.870313 0.735336 0.871875 0.735336 0.875 0.730107 0.876562 0.730107 0.878125 0.727492 0.88125 0.727492 0.882812 0.724877 0.884375 0.724877 0.8875 0.719647 0.889062 0.719647 0.890625 0.717033 0.89375 0.717033 0.895312 0.714418 0.896875 0.714418 0.9 0.709188 0.901563 0.709188 0.903125 0.706573 0.90625 0.706573 0.907812 0.703958 0.910937 0.703958 0.910937 0.701343 0.9125 0.698729 0.914062 0.698729 0.915625 0.696114 0.91875 0.696114 0.920312 0.693499 0.923437 0.693499 0.923437 0.690884 0.925 0.688269 0.926562 0.688269 0.928125 0.685654 0.929688 0.685654 0.93125 0.683039 0.934375 0.683039 0.935937 0.680425 0.935937 0.67258
13 0.178125 0.484311 0.178125 0.533993 0.2 0.533993 0.2 0.484311
6 0.878125 0.515689 0.878125 0.526148 0.884375 0.526148 0.8875 0.531378 0.8875 0.533993 0.890625 0.539223 0.892187 0.539223 0.89375 0.541838 0.89375 0.544452 0.896875 0.549682 0.898438 0.549682 0.9 0.552297 0.9 0.554912 0.903125 0.560142 0.904687 0.560142 0.90625 0.562756 0.90625 0.565371 0.907812 0.567986 0.907812 0.570601 0.909375 0.570601 0.9125 0.575831 0.9125 0.578445 0.914062 0.58106 0.915625 0.58106 0.91875 0.58629 0.91875 0.588905 0.940625 0.625513 0.942187 0.625513 0.94375 0.628128 0.94375 0.638587 0.951562 0.638587 0.951562 0.625513 0.945312 0.625513 0.942187 0.620283 0.942187 0.617668 0.940625 0.615053 0.939062 0.615053 0.935937 0.609824 0.935937 0.607209 0.934375 0.604594 0.932813 0.604594 0.929688 0.599364 0.929688 0.596749 0.926562 0.59152 0.925 0.59152 0.923437 0.588905 0.923437 0.58629 0.896875 0.541838 0.896875 0.539223 0.895312 0.539223 0.892187 0.533993 0.892187 0.531378 0.8875 0.523534 0.8875 0.515689
13 0.040625 0.526148 0.040625 0.575831 0.06875 0.575831 0.06875 0.526148
13 0.315625 0.369257 0.315625 0.405865 0.339062 0.405865 0.340625 0.403251 0.345313 0.403251 0.345313 0.369257
13 0.853125 0.463392 0.853125 0.513074 0.875 0.513074 0.875 0.463392
13 0.946875 0.630743 0.946875 0.680425 0.971875 0.680425 0.975 0.675195 0.975 0.630743
12 0.546875 0.452933 0.546875 0.502615 0.576562 0.502615 0.576562 0.452933
16 0.796875 0.756255 0.796875 0.805937 0.81875 0.805937 0.81875 0.798093 0.821875 0.792863 0.826562 0.792863 0.826562 0.756255
12 0.328125 0.473852 0.328125 0.523534 0.357812 0.523534 0.357812 0.492155 0.353125 0.492155 0.351562 0.489541 0.351562 0.486926 0.35 0.484311 0.35 0.473852
13 0.709375 0.201907 0.709375 0.251589 0.739062 0.251589 0.739062 0.201907
12 0.690625 0.484311 0.690625 0.533993 0.720312 0.533993 0.720312 0.484311
7 0.078125 0.544452 0.071875 0.544452 0.071875 0.554912 0.078125 0.554912 0.078125 0.544452 0.0828125 0.536608 0.084375 0.536608 0.0859375 0.539223 0.1 0.539223 0.101562 0.536608 0.109375 0.536608 0.110937 0.533993 0.1125 0.533993 0.115625 0.526148 0.117188 0.528763 0.129687 0.528763 0.13125 0.526148 0.1375 0.526148 0.139062 0.523534 0.140625 0.523534 0.14375 0.518304 0.160938 0.518304 0.1625 0.515689 0.16875 0.515689 0.170312 0.513074 0.176563 0.513074 0.176563 0.50523 0.142187 0.50523 0.142187 0.515689 0.14375 0.518304 0.140625 0.523534 0.139062 0.523534 0.1375 0.520919 0.128125 0.520919 0.126562 0.523534 0.11875 0.523534 0.117188 0.526148 0.115625 0.526148 0.1125 0.533993 0.110937 0.531378 0.09375 0.531378 0.0921875 0.533993 0.0859375 0.533993 0.084375 0.536608 0.0828125 0.536608
6 0.679688 0.502615 0.678125 0.50523 0.678125 0.513074 0.689062 0.513074 0.689062 0.5 0.684375 0.5 0.682813 0.502615 0.679688 0.502615 0.6625 0.492155 0.670312 0.492155 0.671875 0.49477 0.673437 0.49477 0.671875 0.49477 0.670312 0.497385 0.645312 0.497385 0.628125 0.484311 0.628125 0.473852 0.585938 0.473852 0.585938 0.481696 0.5875 0.481696 0.589063 0.484311 0.595312 0.484311 0.596875 0.486926 0.626562 0.486926 0.628125 0.484311 0.645312 0.497385 0.64375 0.49477 0.634375 0.49477 0.632812 0.492155 0.634375 0.489541 0.660937 0.489541 0.6625 0.492155
16 0.046875 0.756255 0.046875 0.805937 0.0765625 0.805937 0.0765625 0.756255
6 0.404687 0.473852 0.404687 0.481696 0.403125 0.484311 0.401562 0.484311 0.4 0.486926 0.359375 0.486926 0.359375 0.502615 0.417187 0.502615 0.417187 0.49477 0.41875 0.492155 0.421875 0.492155 0.423438 0.489541 0.446875 0.489541 0.448437 0.486926 0.489062 0.486926 0.490625 0.484311 0.507812 0.484311 0.509375 0.481696 0.515625 0.481696 0.515625 0.473852
6 0.759375 0.50523 0.757812 0.502615 0.753125 0.502615 0.751562 0.5 0.728125 0.5 0.728125 0.513074 0.759375 0.513074 0.759375 0.50523 0.771875 0.492155 0.773438 0.49477 0.776563 0.49477 0.778125 0.497385 0.820312 0.497385 0.821875 0.49477 0.84375 0.49477 0.845312 0.492155 0.851562 0.492155 0.851562 0.484311 0.771875 0.484311 0.771875 0.492155
6 0.053125 0.578445 0.053125 0.748411 0.0640625 0.748411 0.0640625 0.578445
20 0.559375 0.777174 0.559375 0.795478 0.792188 0.795478 0.792188 0.777174
20 0.478125 0.777174 0.478125 0.795478 0.795312 0.795478 0.795312 0.777174
