6 0.850329 0.540678 0.850329 0.536735 0.998470 0.531530 0.999851 0.540836
6 0.415537 0.834858 0.409511 0.834306 0.411849 1.000000 0.414857 1.000000
6 0.433592 0.800268 0.433379 0.805946 0.655377 0.807366 0.655696 0.801530
6 0.681020 0.833360 0.677088 0.832886 0.679373 1.000000 0.683730 1.000000
6 0.697269 0.798233 0.696525 0.802019 1.000000 0.762524 1.000000 0.756514
6 0.973177 0.579479 0.973071 0.572697 0.849692 0.542098 0.850011 0.548249
2 0.706695 0.000000 0.706695 0.006309 0.705632 0.007886 0.705632 0.029968 0.706695 0.031546 0.737513 0.031546 0.738576 0.029968 0.738576 0.004732 0.737513 0.003155 0.737513 0.000000
3 0.817216 0.512618 0.815090 0.515773 0.815090 0.517350 0.814028 0.518927 0.814028 0.520505 0.812965 0.522082 0.812965 0.525237 0.811902 0.526814 0.811902 0.528391 0.810840 0.529968 0.810840 0.561514 0.811902 0.563091 0.844846 0.563091 0.844846 0.561514 0.845909 0.559937 0.845909 0.544164 0.844846 0.542587 0.844846 0.536278 0.845909 0.534700 0.845909 0.531546 0.844846 0.529968 0.844846 0.525237 0.842721 0.522082 0.842721 0.518927 0.841658 0.517350 0.841658 0.515773 0.839532 0.512618
1 0.860786 0.378549 0.859724 0.380126 0.853348 0.380126 0.855473 0.383281 0.855473 0.389590 0.854410 0.391167 0.854410 0.395899 0.853348 0.397476 0.853348 0.400631 0.852285 0.402208 0.852285 0.403785 0.853348 0.405363 0.853348 0.406940 0.854410 0.408517 0.854410 0.422713 0.853348 0.424290 0.853348 0.430599 0.854410 0.432177 0.865037 0.432177 0.866100 0.430599 0.874601 0.430599 0.875664 0.432177 0.877790 0.432177 0.878852 0.430599 0.882040 0.430599 0.883103 0.432177 0.888417 0.432177 0.889479 0.430599 0.889479 0.400631 0.888417 0.399054 0.888417 0.395899 0.887354 0.394322 0.887354 0.383281 0.888417 0.381703 0.888417 0.380126 0.885228 0.380126 0.884166 0.378549 0.883103 0.378549 0.882040 0.380126 0.878852 0.380126 0.877790 0.378549 0.875664 0.378549 0.874601 0.380126 0.862912 0.380126 0.861849 0.378549
2 0.400638 0.779180 0.399575 0.780757 0.398512 0.780757 0.396387 0.783912 0.396387 0.788644 0.395324 0.790221 0.395324 0.805994 0.394261 0.807571 0.394261 0.828076 0.395324 0.828076 0.396387 0.829653 0.397450 0.828076 0.408077 0.828076 0.409139 0.829653 0.415515 0.829653 0.416578 0.828076 0.427205 0.828076 0.427205 0.798107 0.426142 0.796530 0.426142 0.791798 0.425080 0.790221 0.425080 0.785489 0.424017 0.783912 0.424017 0.782334 0.422954 0.780757 0.412327 0.780757 0.411265 0.779180 0.410202 0.780757 0.403826 0.780757 0.402763 0.779180
2 0.665250 0.779180 0.664187 0.780757 0.664187 0.782334 0.663124 0.783912 0.663124 0.787066 0.662062 0.788644 0.662062 0.796530 0.660999 0.798107 0.660999 0.799685 0.662062 0.801262 0.662062 0.809148 0.660999 0.810726 0.660999 0.828076 0.671626 0.828076 0.672689 0.829653 0.682253 0.829653 0.683316 0.828076 0.687566 0.828076 0.688629 0.829653 0.689692 0.829653 0.690755 0.828076 0.693943 0.828076 0.693943 0.810726 0.692880 0.809148 0.692880 0.802839 0.693943 0.801262 0.693943 0.798107 0.692880 0.796530 0.692880 0.790221 0.691817 0.788644 0.691817 0.785489 0.690755 0.783912 0.690755 0.782334 0.689692 0.780757 0.680128 0.780757 0.679065 0.779180 0.674814 0.779180 0.673751 0.780757 0.672689 0.780757 0.671626 0.779180
2 0.454835 0.066246 0.454835 0.070978 0.453773 0.072555 0.453773 0.075710 0.452710 0.077287 0.452710 0.082019 0.451647 0.083596 0.451647 0.113565 0.452710 0.115142 0.453773 0.115142 0.454835 0.116719 0.455898 0.116719 0.456961 0.115142 0.480340 0.115142 0.481403 0.116719 0.482465 0.115142 0.483528 0.115142 0.484591 0.113565 0.484591 0.097792 0.483528 0.096215 0.483528 0.093060 0.484591 0.091483 0.484591 0.083596 0.483528 0.082019 0.483528 0.077287 0.482465 0.075710 0.482465 0.072555 0.481403 0.070978 0.481403 0.067823 0.480340 0.066246
2 0.612115 0.214511 0.611052 0.216088 0.599362 0.216088 0.598300 0.217666 0.598300 0.222397 0.597237 0.223975 0.597237 0.235016 0.596174 0.236593 0.596174 0.263407 0.597237 0.263407 0.598300 0.264984 0.601488 0.264984 0.602550 0.263407 0.604676 0.263407 0.605739 0.264984 0.625930 0.264984 0.626993 0.263407 0.629118 0.263407 0.629118 0.253943 0.630181 0.252366 0.630181 0.250789 0.629118 0.249211 0.629118 0.231861 0.628055 0.230284 0.628055 0.225552 0.626993 0.223975 0.626993 0.217666 0.625930 0.216088 0.624867 0.216088 0.623804 0.214511
4 0.638682 0.421136 0.638682 0.422713 0.637620 0.424290 0.637620 0.429022 0.638682 0.430599 0.638682 0.433754 0.637620 0.435331 0.637620 0.476341 0.648247 0.476341 0.649309 0.474763 0.673751 0.474763 0.674814 0.473186 0.674814 0.452681 0.673751 0.451104 0.673751 0.449527 0.674814 0.447950 0.674814 0.440063 0.673751 0.438486 0.673751 0.433754 0.672689 0.432177 0.672689 0.427445 0.671626 0.425868 0.671626 0.424290 0.670563 0.424290 0.669501 0.422713 0.659936 0.422713 0.658874 0.421136 0.656748 0.421136 0.655685 0.422713 0.648247 0.422713 0.647184 0.421136
6 0.881063 0.370489 0.874687 0.370331 0.937279 0.000757 0.942593 0.000284
6 0.711573 0.041025 0.703709 0.039921 0.627056 0.206120 0.630244 0.215110
6 0.492147 0.112287 0.491498 0.123170 0.590956 0.224653 0.590956 0.211088
6 0.518459 0.001073 0.509639 0.000442 0.483921 0.052650 0.487109 0.062902
9 0.898289 0.000237 0.891498 0.000000 0.890978 0.000000 0.676004 0.409290 0.679915 0.410300
