6 0.255707 0.293565 0.263613 0.293170 0.234325 0.624874 0.229649 0.625252
7 0.540436 0.306688 0.539989 0.323044 0.635632 0.432287 0.634973 0.415268
7 0.458183 0.455205 0.460202 0.445110 0.287832 0.272129 0.284761 0.282256
7 0.238172 0.262981 0.237598 0.254211 0.108661 0.257603 0.109607 0.265521
7 0.216971 0.003644 0.224357 0.002177 0.256249 0.204748 0.250319 0.204748
7 0.000000 0.145063 0.000499 0.148644 0.240266 0.253060 0.239617 0.242571 0.000000 0.142019
6 0.820999 0.377177 0.820393 0.367319 0.985143 0.289353 0.985898 0.297571
6 0.804017 0.000615 0.808565 0.000615 0.803379 0.352303 0.795484 0.356420
6 0.502561 0.467429 0.503305 0.473738 0.635749 0.454385 0.634995 0.447319
6 0.283773 0.257886 0.282784 0.263991 0.493475 0.288486 0.493836 0.282997
9 0.285887 0.245915 0.284463 0.240852 0.682912 0.000095 0.693103 0.000473
3 0.503719 0.263407 0.502657 0.264984 0.501594 0.264984 0.501594 0.266562 0.500531 0.268139 0.500531 0.271293 0.499469 0.272871 0.499469 0.274448 0.498406 0.276025 0.498406 0.285489 0.497343 0.287066 0.497343 0.313880 0.496281 0.315457 0.497343 0.317035 0.498406 0.317035 0.499469 0.315457 0.504782 0.315457 0.505845 0.313880 0.512221 0.313880 0.513284 0.315457 0.514346 0.313880 0.532412 0.313880 0.533475 0.312303 0.533475 0.307571 0.534538 0.305994 0.534538 0.299685 0.533475 0.298107 0.533475 0.287066 0.532412 0.285489 0.532412 0.279180 0.531350 0.277603 0.531350 0.274448 0.530287 0.272871 0.530287 0.268139 0.529224 0.266562 0.529224 0.264984 0.527099 0.264984 0.526036 0.263407 0.517535 0.263407 0.516472 0.264984 0.515409 0.264984 0.514346 0.263407 0.512221 0.263407 0.511158 0.264984 0.509033 0.264984 0.507970 0.263407
4 0.467588 0.449527 0.467588 0.451104 0.466525 0.452681 0.466525 0.457413 0.465462 0.458991 0.465462 0.465300 0.464400 0.466877 0.464400 0.471609 0.465462 0.473186 0.464400 0.474763 0.464400 0.496845 0.465462 0.498423 0.496281 0.498423 0.497343 0.496845 0.497343 0.466877 0.496281 0.465300 0.496281 0.462145 0.495218 0.460568 0.495218 0.457413 0.494155 0.455836 0.494155 0.451104 0.493092 0.449527
4 0.407014 0.831230 0.405951 0.832808 0.403826 0.832808 0.403826 0.834385 0.402763 0.835962 0.402763 0.842271 0.401700 0.843849 0.401700 0.848580 0.400638 0.850158 0.400638 0.854890 0.401700 0.856467 0.400638 0.858044 0.400638 0.880126 0.401700 0.880126 0.402763 0.881703 0.407014 0.881703 0.408077 0.880126 0.409139 0.880126 0.410202 0.881703 0.412327 0.881703 0.413390 0.880126 0.416578 0.880126 0.417641 0.881703 0.421892 0.881703 0.422954 0.880126 0.428268 0.880126 0.429330 0.881703 0.430393 0.881703 0.431456 0.880126 0.432519 0.880126 0.433581 0.878549 0.433581 0.859621 0.432519 0.858044 0.432519 0.856467 0.433581 0.854890 0.433581 0.850158 0.432519 0.848580 0.432519 0.845426 0.431456 0.843849 0.431456 0.837539 0.430393 0.835962 0.430393 0.832808 0.429330 0.832808 0.428268 0.831230
4 0.656748 0.421136 0.655685 0.422713 0.640808 0.422713 0.640808 0.424290 0.639745 0.425868 0.639745 0.430599 0.638682 0.432177 0.638682 0.443218 0.637620 0.444795 0.637620 0.473186 0.639745 0.476341 0.646121 0.476341 0.647184 0.474763 0.673751 0.474763 0.674814 0.473186 0.674814 0.470032 0.673751 0.468454 0.673751 0.427445 0.672689 0.425868 0.672689 0.421136 0.671626 0.422713 0.666312 0.422713 0.665250 0.421136 0.664187 0.422713 0.658874 0.422713 0.657811 0.421136
3 0.242295 0.648265 0.242295 0.649842 0.240170 0.652997 0.239107 0.651420 0.238045 0.651420 0.236982 0.649842 0.233794 0.649842 0.232731 0.651420 0.210414 0.651420 0.209352 0.649842 0.208289 0.649842 0.207226 0.651420 0.207226 0.695584 0.206164 0.697161 0.206164 0.700315 0.207226 0.701893 0.207226 0.705047 0.209352 0.705047 0.210414 0.703470 0.239107 0.703470 0.240170 0.705047 0.242295 0.705047 0.243358 0.706625 0.244421 0.706625 0.245484 0.705047 0.244421 0.703470 0.244421 0.701893 0.243358 0.700315 0.243358 0.697161 0.244421 0.695584 0.244421 0.690852 0.245484 0.689274 0.245484 0.682965 0.244421 0.681388 0.244421 0.667192 0.243358 0.665615 0.244421 0.664038 0.244421 0.649842 0.245484 0.648265
4 0.077577 0.236593 0.076514 0.238170 0.071201 0.238170 0.071201 0.241325 0.070138 0.242902 0.070138 0.247634 0.069075 0.249211 0.069075 0.253943 0.068013 0.255521 0.068013 0.287066 0.099894 0.287066 0.100956 0.285489 0.100956 0.264984 0.099894 0.263407 0.100956 0.261830 0.100956 0.255521 0.099894 0.253943 0.099894 0.249211 0.098831 0.247634 0.098831 0.242902 0.097768 0.241325 0.097768 0.239748 0.096706 0.238170 0.082891 0.238170 0.081828 0.236593
3 0.250797 0.231861 0.249734 0.233438 0.248672 0.233438 0.248672 0.235016 0.247609 0.236593 0.247609 0.242902 0.246546 0.244479 0.246546 0.247634 0.245484 0.249211 0.245484 0.255521 0.246546 0.257098 0.246546 0.258675 0.245484 0.260252 0.245484 0.280757 0.246546 0.280757 0.247609 0.282334 0.265675 0.282334 0.266738 0.280757 0.277365 0.280757 0.277365 0.279180 0.278427 0.277603 0.278427 0.250789 0.277365 0.249211 0.277365 0.246057 0.276302 0.244479 0.276302 0.239748 0.275239 0.238170 0.275239 0.235016 0.274176 0.233438 0.269926 0.233438 0.268863 0.231861 0.265675 0.231861 0.264612 0.233438 0.253985 0.233438 0.252922 0.231861
0 0.030818 0.878549 0.029756 0.880126 0.027630 0.880126 0.027630 0.881703 0.026567 0.883281 0.026567 0.888013 0.025505 0.889590 0.025505 0.894322 0.024442 0.895899 0.024442 0.925868 0.026567 0.929022 0.038257 0.929022 0.039320 0.927445 0.041445 0.927445 0.042508 0.929022 0.055260 0.929022 0.057386 0.925868 0.057386 0.897476 0.056323 0.895899 0.056323 0.891167 0.055260 0.889590 0.055260 0.884858 0.054198 0.883281 0.054198 0.880126 0.049947 0.880126 0.048884 0.878549 0.041445 0.878549 0.040383 0.880126 0.035069 0.880126 0.034006 0.878549
6 0.064208 0.279401 0.062125 0.273565 0.000000 0.311625 0.000531 0.325221
9 0.241605 0.279211 0.240064 0.272697 0.007843 0.462965 0.008544 0.467177
2 0.792774 0.358044 0.791711 0.359621 0.785335 0.359621 0.783209 0.362776 0.783209 0.369085 0.782147 0.370662 0.782147 0.378549 0.781084 0.380126 0.781084 0.406940 0.782147 0.408517 0.812965 0.408517 0.814028 0.406940 0.814028 0.403785 0.815090 0.402208 0.815090 0.399054 0.814028 0.397476 0.814028 0.375394 0.812965 0.373817 0.812965 0.370662 0.811902 0.369085 0.811902 0.364353 0.810840 0.362776 0.810840 0.361199 0.809777 0.359621 0.798087 0.359621 0.797024 0.358044
