12 0.797024 0.080442 0.795962 0.082019 0.792774 0.082019 0.791711 0.083596 0.791711 0.086751 0.790648 0.088328 0.790648 0.091483 0.789586 0.093060 0.789586 0.118297 0.790648 0.119874 0.815090 0.119874 0.816153 0.118297 0.817216 0.118297 0.816153 0.116719 0.816153 0.108833 0.817216 0.107256 0.816153 0.105678 0.816153 0.102524 0.815090 0.100946 0.815090 0.091483 0.814028 0.089905 0.814028 0.083596 0.812965 0.082019 0.801275 0.082019 0.800213 0.080442
13 0.477152 0.380126 0.476089 0.381703 0.469713 0.381703 0.467588 0.384858 0.467588 0.388013 0.466525 0.389590 0.466525 0.394322 0.465462 0.395899 0.465462 0.421136 0.466525 0.422713 0.476089 0.422713 0.477152 0.421136 0.490967 0.421136 0.490967 0.392744 0.489904 0.391167 0.489904 0.388013 0.488842 0.386435 0.488842 0.381703 0.485654 0.381703 0.484591 0.380126
16 0.501594 0.701893 0.500531 0.703470 0.448459 0.703470 0.448459 0.709779 0.449522 0.711356 0.449522 0.723975 0.448459 0.725552 0.448459 0.738170 0.449522 0.739748 0.448459 0.741325 0.448459 0.780757 0.449522 0.782334 0.449522 0.783912 0.450584 0.785489 0.471838 0.785489 0.472901 0.783912 0.473964 0.783912 0.475027 0.785489 0.484591 0.785489 0.485654 0.787066 0.504782 0.787066 0.505845 0.785489 0.505845 0.768139 0.504782 0.766562 0.504782 0.761830 0.505845 0.760252 0.505845 0.755521 0.504782 0.753943 0.504782 0.749211 0.505845 0.747634 0.505845 0.746057 0.504782 0.744479 0.504782 0.719243 0.503719 0.717666 0.504782 0.716088 0.504782 0.708202 0.505845 0.706625 0.505845 0.705047 0.504782 0.703470 0.502657 0.703470
12 0.551541 0.086751 0.550478 0.088328 0.549416 0.088328 0.548353 0.089905 0.548353 0.093060 0.547290 0.094637 0.547290 0.097792 0.546227 0.099369 0.546227 0.115142 0.545165 0.116719 0.545165 0.119874 0.546227 0.121451 0.546227 0.123028 0.558980 0.123028 0.560043 0.124606 0.561105 0.123028 0.569607 0.123028 0.570670 0.121451 0.570670 0.108833 0.569607 0.107256 0.569607 0.105678 0.570670 0.104101 0.570670 0.100946 0.569607 0.099369 0.569607 0.094637 0.568544 0.093060 0.568544 0.088328 0.567481 0.086751
6 0.821966 0.098612 0.821530 0.106451 0.987460 0.111199 0.988629 0.104164
6 0.577694 0.103454 0.577906 0.108344 0.785951 0.106514 0.785526 0.099558
6 0.852285 0.631246 0.850372 0.646861 0.999607 0.709432 0.999362 0.690268
6 0.509543 0.747713 0.509118 0.742666 0.999532 0.751341 1.000000 0.755489 1.000000 0.758880
6 0.507938 0.723754 0.508257 0.740158 0.807481 0.646230 0.806865 0.629259
6 0.477131 0.431104 0.481403 0.430252 0.479192 0.696514 0.475622 0.695883
6 0.548140 0.132334 0.557184 0.133328 0.490616 0.373927 0.482710 0.374432
16 0.822529 0.604101 0.821467 0.605678 0.819341 0.605678 0.817216 0.608833 0.816153 0.608833 0.815090 0.610410 0.814028 0.610410 0.812965 0.611987 0.811902 0.611987 0.811902 0.615142 0.810840 0.616719 0.810840 0.634069 0.809777 0.635647 0.810840 0.637224 0.810840 0.645110 0.812965 0.648265 0.815090 0.648265 0.816153 0.649842 0.817216 0.649842 0.818278 0.651420 0.820404 0.651420 0.821467 0.652997 0.824655 0.652997 0.825717 0.654574 0.831031 0.654574 0.832094 0.652997 0.836344 0.652997 0.838470 0.649842 0.840595 0.649842 0.841658 0.648265 0.843783 0.648265 0.845909 0.645110 0.845909 0.643533 0.846971 0.641956 0.845909 0.640379 0.845909 0.615142 0.842721 0.610410 0.841658 0.610410 0.840595 0.608833 0.839532 0.608833 0.837407 0.605678 0.833156 0.605678 0.832094 0.604101
