13 0.554729 0.104101 0.553666 0.105678 0.553666 0.110410 0.552604 0.111987 0.552604 0.129338 0.551541 0.130915 0.551541 0.135647 0.552604 0.137224 0.552604 0.141956 0.577046 0.141956 0.578108 0.143533 0.579171 0.143533 0.579171 0.134069 0.580234 0.132492 0.580234 0.127760 0.579171 0.126183 0.579171 0.118297 0.578108 0.116719 0.578108 0.111987 0.577046 0.110410 0.577046 0.107256 0.575983 0.107256 0.573858 0.104101
16 0.751328 0.826498 0.751328 0.867508 0.752391 0.869085 0.752391 0.878549 0.756642 0.878549 0.757705 0.876972 0.759830 0.876972 0.760893 0.878549 0.763018 0.878549 0.766206 0.883281 0.769394 0.883281 0.770457 0.881703 0.778959 0.881703 0.782147 0.876972 0.783209 0.876972 0.784272 0.875394 0.785335 0.875394 0.786397 0.873817 0.787460 0.873817 0.790648 0.878549 0.790648 0.883281 0.789586 0.884858 0.790648 0.884858 0.790648 0.869085 0.789586 0.867508 0.790648 0.865931 0.790648 0.834385 0.791711 0.832808 0.791711 0.828076 0.790648 0.826498 0.764081 0.826498 0.763018 0.828076 0.758767 0.828076 0.757705 0.826498
6 0.814368 0.182697 0.814474 0.186798 0.999628 0.175363 0.999416 0.169685
6 0.534166 0.606372 0.530765 0.621672 0.744920 0.839290 0.750468 0.825347
6 0.794187 0.854811 0.794293 0.859069 0.999671 0.862871 0.999777 0.858297
16 0.568544 0.228707 0.567481 0.230284 0.563231 0.230284 0.562168 0.231861 0.561105 0.231861 0.558980 0.235016 0.558980 0.258675 0.561105 0.261830 0.563231 0.261830 0.564293 0.263407 0.566419 0.263407 0.567481 0.264984 0.572795 0.264984 0.573858 0.263407 0.579171 0.263407 0.581296 0.260252 0.582359 0.260252 0.582359 0.258675 0.583422 0.257098 0.583422 0.235016 0.581296 0.231861 0.580234 0.231861 0.579171 0.230284 0.575983 0.230284 0.574920 0.228707
12 0.780021 0.162461 0.778959 0.164038 0.778959 0.194006 0.780021 0.195584 0.780021 0.200315 0.778959 0.201893 0.778959 0.211356 0.797024 0.211356 0.798087 0.209779 0.805526 0.209779 0.806589 0.211356 0.809777 0.211356 0.810840 0.209779 0.810840 0.164038 0.809777 0.162461 0.804463 0.162461 0.803401 0.164038 0.799150 0.164038 0.798087 0.162461 0.797024 0.164038 0.788523 0.164038 0.787460 0.162461
16 0.489904 0.559937 0.488842 0.561514 0.488842 0.564669 0.487779 0.566246 0.488842 0.567823 0.488842 0.604101 0.489904 0.605678 0.489904 0.619874 0.496281 0.619874 0.497343 0.618297 0.504782 0.618297 0.505845 0.619874 0.511158 0.619874 0.512221 0.618297 0.513284 0.618297 0.514346 0.619874 0.527099 0.619874 0.528162 0.618297 0.528162 0.615142 0.529224 0.613565 0.529224 0.610410 0.528162 0.608833 0.528162 0.561514 0.527099 0.561514 0.526036 0.559937 0.523911 0.559937 0.522848 0.561514 0.502657 0.561514 0.501594 0.559937 0.499469 0.559937 0.498406 0.561514 0.497343 0.561514 0.496281 0.559937
6 0.589798 0.240552 0.590648 0.245284 0.777726 0.196199 0.777832 0.189574
6 0.568661 0.276278 0.564835 0.274858 0.513273 0.558328 0.517524 0.557697
