6 0.548470 0.173549 0.544166 0.177382 0.636259 0.403454 0.639532 0.393328
6 0.940871 0.502177 0.937790 0.508391 0.985388 0.539464 0.987588 0.529653
6 0.984803 0.678880 0.985122 0.670363 0.925717 0.686767 0.926142 0.692918
9 0.379639 0.211735 0.386057 0.211483 0.383475 0.422177 0.378799 0.421230
3 0.892667 0.670347 0.891605 0.671924 0.891605 0.675079 0.890542 0.676656 0.890542 0.681388 0.889479 0.682965 0.889479 0.686120 0.888417 0.687697 0.888417 0.717666 0.889479 0.719243 0.890542 0.719243 0.891605 0.720820 0.894793 0.720820 0.895855 0.719243 0.906482 0.719243 0.907545 0.720820 0.910733 0.720820 0.911796 0.719243 0.918172 0.719243 0.919235 0.720820 0.921360 0.717666 0.921360 0.700315 0.920298 0.698738 0.921360 0.697161 0.921360 0.687697 0.919235 0.684543 0.919235 0.678233 0.918172 0.676656 0.918172 0.673502 0.916047 0.670347
4 0.637620 0.421136 0.637620 0.476341 0.657811 0.476341 0.658874 0.474763 0.673751 0.474763 0.674814 0.473186 0.674814 0.436909 0.673751 0.435331 0.673751 0.427445 0.672689 0.425868 0.672689 0.424290 0.671626 0.422713 0.666312 0.422713 0.665250 0.421136 0.655685 0.421136 0.654623 0.422713 0.651435 0.422713 0.650372 0.421136
4 0.369819 0.152997 0.368757 0.154574 0.368757 0.156151 0.367694 0.157729 0.367694 0.164038 0.366631 0.165615 0.366631 0.168770 0.365569 0.170347 0.365569 0.201893 0.366631 0.201893 0.367694 0.203470 0.396387 0.203470 0.398512 0.200315 0.398512 0.184543 0.397450 0.182965 0.397450 0.175079 0.398512 0.173502 0.398512 0.171924 0.397450 0.170347 0.397450 0.167192 0.396387 0.165615 0.396387 0.160883 0.395324 0.159306 0.395324 0.154574 0.394261 0.154574 0.393199 0.152997
4 0.367694 0.449527 0.367694 0.452681 0.366631 0.454259 0.366631 0.458991 0.365569 0.460568 0.365569 0.463722 0.364506 0.465300 0.364506 0.496845 0.365569 0.498423 0.396387 0.498423 0.397450 0.496845 0.397450 0.479495 0.396387 0.477918 0.396387 0.471609 0.397450 0.470032 0.397450 0.466877 0.396387 0.465300 0.396387 0.462145 0.395324 0.460568 0.395324 0.455836 0.394261 0.454259 0.394261 0.451104 0.393199 0.449527
1 0.904357 0.468454 0.903294 0.470032 0.903294 0.471609 0.902232 0.473186 0.902232 0.477918 0.901169 0.479495 0.901169 0.482650 0.900106 0.484227 0.900106 0.517350 0.931987 0.517350 0.933050 0.515773 0.933050 0.500000 0.931987 0.498423 0.931987 0.492114 0.933050 0.490536 0.933050 0.488959 0.931987 0.487382 0.931987 0.481073 0.930925 0.479495 0.930925 0.473186 0.929862 0.471609 0.929862 0.470032 0.928799 0.468454
4 0.520723 0.116719 0.519660 0.118297 0.518597 0.118297 0.518597 0.119874 0.517535 0.121451 0.517535 0.127760 0.516472 0.129338 0.516472 0.132492 0.515409 0.134069 0.515409 0.138801 0.516472 0.140379 0.516472 0.143533 0.515409 0.145110 0.515409 0.164038 0.516472 0.165615 0.518597 0.165615 0.519660 0.167192 0.526036 0.167192 0.527099 0.165615 0.539851 0.165615 0.540914 0.167192 0.545165 0.167192 0.546227 0.165615 0.548353 0.165615 0.548353 0.132492 0.547290 0.130915 0.547290 0.129338 0.546227 0.127760 0.546227 0.123028 0.545165 0.121451 0.545165 0.119874 0.544102 0.118297 0.539851 0.118297 0.538789 0.116719
7 0.555983 0.128912 0.555983 0.120694 0.726525 0.000000 0.735016 0.000000
6 0.526504 0.000962 0.531498 0.000804 0.533656 0.087539 0.526961 0.087382
6 0.510223 0.151199 0.510223 0.146151 0.403156 0.170773 0.403262 0.178186
