16 0.681190 0.018927 0.681190 0.018927 0.678002 0.012618 0.679065 0.011041 0.680128 0.011041 0.680128 0.007886 0.681190 0.006309 0.681190 0.004732 0.682253 0.003155 0.682253 0.000000 0.656748 0.000000 0.656748 0.001577 0.655685 0.003155 0.655685 0.009464 0.656748 0.011041 0.656748 0.012618 0.657811 0.014196 0.657811 0.015773 0.658874 0.015773 0.659936 0.014196 0.666312 0.014196 0.667375 0.012618 0.671626 0.012618 0.672689 0.014196 0.673751 0.012618 0.678002 0.012618
6 0.020106 0.252776 0.019979 0.244637 0.383953 0.358833 0.382997 0.369243
6 0.169288 0.000315 0.158236 0.000473 0.383528 0.346057 0.386079 0.341009
6 0.057811 0.000000 0.052072 0.000631 0.004676 0.216088 0.010308 0.216562
6 0.655048 0.026341 0.650797 0.022555 0.416897 0.341798 0.421148 0.348896
6 0.973326 0.560568 0.973645 0.552208 0.738576 0.597950 0.738576 0.607571
13 0.004251 0.220820 0.003188 0.222397 0.000000 0.222397 0.000000 0.264984 0.009564 0.264984 0.010627 0.266562 0.013815 0.266562 0.015940 0.263407 0.015940 0.233438 0.014878 0.231861 0.014878 0.225552 0.012752 0.222397 0.011690 0.222397 0.010627 0.220820
13 0.410202 0.345426 0.409139 0.347003 0.405951 0.347003 0.404888 0.348580 0.396387 0.348580 0.395324 0.347003 0.387885 0.347003 0.386823 0.348580 0.385760 0.348580 0.384697 0.350158 0.384697 0.351735 0.385760 0.353312 0.385760 0.370662 0.384697 0.372240 0.384697 0.391167 0.415515 0.391167 0.415515 0.384858 0.414453 0.383281 0.414453 0.353312 0.415515 0.351735 0.415515 0.350158 0.413390 0.347003 0.412327 0.347003 0.411265 0.345426
16 0.707758 0.586751 0.706695 0.588328 0.705632 0.588328 0.705632 0.604101 0.704570 0.605678 0.704570 0.607256 0.705632 0.608833 0.705632 0.618297 0.706695 0.619874 0.706695 0.621451 0.707758 0.621451 0.708820 0.623028 0.713071 0.623028 0.714134 0.624606 0.721573 0.624606 0.722635 0.626183 0.725824 0.626183 0.727949 0.623028 0.729012 0.624606 0.730074 0.624606 0.731137 0.626183 0.732200 0.624606 0.732200 0.616719 0.733262 0.615142 0.733262 0.600946 0.732200 0.599369 0.732200 0.593060 0.733262 0.591483 0.733262 0.588328 0.732200 0.586751
6 0.675770 0.024763 0.670244 0.026183 0.715197 0.580126 0.720616 0.579022
