9 0.608172 0.250268 0.604665 0.249795 0.483337 0.481640 0.489075 0.481640
9 0.396971 0.000615 0.389702 0.000442 0.178820 0.225016 0.181796 0.230994
7 0.840383 0.000284 0.835069 0.000284 0.999713 0.353170 0.999819 0.338975
2 0.875664 0.206625 0.874601 0.208202 0.873539 0.208202 0.872476 0.209779 0.872476 0.216088 0.871413 0.217666 0.871413 0.222397 0.870351 0.223975 0.870351 0.225552 0.871413 0.227129 0.871413 0.231861 0.870351 0.233438 0.870351 0.249211 0.869288 0.250789 0.869288 0.252366 0.870351 0.253943 0.870351 0.255521 0.871413 0.255521 0.872476 0.257098 0.895855 0.257098 0.896918 0.255521 0.903294 0.255521 0.903294 0.238170 0.902232 0.236593 0.902232 0.230284 0.903294 0.228707 0.902232 0.227129 0.902232 0.220820 0.901169 0.219243 0.901169 0.211356 0.900106 0.209779 0.900106 0.208202 0.895855 0.208202 0.894793 0.206625
2 0.758767 0.111987 0.757705 0.113565 0.756642 0.113565 0.755579 0.115142 0.755579 0.118297 0.754516 0.119874 0.754516 0.126183 0.753454 0.127760 0.753454 0.132492 0.754516 0.134069 0.754516 0.156151 0.753454 0.157729 0.753454 0.159306 0.754516 0.160883 0.777896 0.160883 0.778959 0.162461 0.780021 0.162461 0.781084 0.160883 0.785335 0.160883 0.786397 0.159306 0.786397 0.145110 0.785335 0.143533 0.785335 0.134069 0.786397 0.132492 0.786397 0.129338 0.785335 0.127760 0.785335 0.124606 0.784272 0.123028 0.784272 0.116719 0.783209 0.115142 0.783209 0.113565 0.782147 0.111987
9 0.803050 0.000536 0.797205 0.000221 0.873528 0.202855 0.878693 0.199022
2 0.149841 0.225552 0.148778 0.227129 0.145590 0.227129 0.145590 0.228707 0.144527 0.230284 0.144527 0.236593 0.143464 0.238170 0.143464 0.258675 0.142402 0.260252 0.142402 0.266562 0.143464 0.268139 0.143464 0.274448 0.144527 0.274448 0.145590 0.276025 0.148778 0.276025 0.149841 0.274448 0.150903 0.276025 0.156217 0.276025 0.157279 0.274448 0.158342 0.276025 0.171095 0.276025 0.172157 0.274448 0.174283 0.274448 0.175345 0.272871 0.175345 0.261830 0.174283 0.260252 0.174283 0.238170 0.173220 0.236593 0.173220 0.230284 0.172157 0.228707 0.172157 0.227129 0.170032 0.227129 0.168969 0.225552 0.154091 0.225552 0.153029 0.227129 0.151966 0.225552
3 0.641870 0.187697 0.640808 0.189274 0.639745 0.189274 0.638682 0.190852 0.616366 0.190852 0.615303 0.192429 0.608927 0.192429 0.607864 0.194006 0.607864 0.197161 0.606801 0.198738 0.606801 0.201893 0.605739 0.203470 0.605739 0.209779 0.604676 0.211356 0.604676 0.223975 0.605739 0.225552 0.605739 0.233438 0.604676 0.235016 0.605739 0.236593 0.605739 0.242902 0.639745 0.242902 0.641870 0.246057 0.642933 0.246057 0.642933 0.238170 0.641870 0.236593 0.641870 0.233438 0.642933 0.231861 0.642933 0.216088 0.641870 0.214511 0.641870 0.201893 0.642933 0.200315 0.642933 0.189274
2 0.769394 0.329653 0.768332 0.331230 0.755579 0.331230 0.753454 0.334385 0.753454 0.342271 0.752391 0.343849 0.752391 0.348580 0.751328 0.350158 0.751328 0.378549 0.752391 0.380126 0.782147 0.380126 0.783209 0.378549 0.783209 0.342271 0.782147 0.340694 0.782147 0.335962 0.781084 0.334385 0.781084 0.332808 0.780021 0.331230 0.773645 0.331230 0.772582 0.329653
9 0.772221 0.168801 0.766961 0.169432 0.766408 0.322792 0.770967 0.322792
1 0.458023 0.488959 0.456961 0.490536 0.454835 0.490536 0.454835 0.495268 0.453773 0.496845 0.453773 0.500000 0.452710 0.501577 0.452710 0.504732 0.450584 0.507886 0.450584 0.517350 0.451647 0.518927 0.450584 0.520505 0.450584 0.537855 0.451647 0.539432 0.482465 0.539432 0.484591 0.536278 0.484591 0.533123 0.485654 0.531546 0.485654 0.522082 0.483528 0.518927 0.484591 0.517350 0.484591 0.512618 0.485654 0.511041 0.485654 0.507886 0.484591 0.506309 0.484591 0.504732 0.483528 0.503155 0.483528 0.500000 0.482465 0.498423 0.482465 0.493691 0.480340 0.490536 0.478215 0.490536 0.477152 0.488959 0.468650 0.488959 0.467588 0.490536 0.461211 0.490536 0.460149 0.488959
9 0.743273 0.000536 0.736684 0.000063 0.763082 0.111025 0.767843 0.106498
