9 0.768704 0.497950 0.764559 0.498738 0.783932 0.881356 0.787864 0.879464
6 0.052285 0.447634 0.052487 0.455268 0.369532 0.455584 0.369713 0.449685
3 0.379384 0.427445 0.378321 0.429022 0.377258 0.429022 0.377258 0.432177 0.376196 0.433754 0.376196 0.438486 0.375133 0.440063 0.375133 0.443218 0.374070 0.444795 0.374070 0.474763 0.375133 0.476341 0.388948 0.476341 0.390011 0.477918 0.393199 0.477918 0.394261 0.476341 0.405951 0.476341 0.408077 0.473186 0.408077 0.471609 0.407014 0.470032 0.407014 0.463722 0.408077 0.462145 0.408077 0.460568 0.407014 0.458991 0.407014 0.443218 0.405951 0.441640 0.405951 0.438486 0.404888 0.436909 0.404888 0.433754 0.403826 0.432177 0.403826 0.429022 0.402763 0.429022 0.401700 0.427445
2 0.774708 0.889590 0.772582 0.892744 0.772582 0.897476 0.771520 0.899054 0.771520 0.903785 0.770457 0.905363 0.770457 0.936909 0.792774 0.936909 0.793836 0.935331 0.801275 0.935331 0.803401 0.932177 0.803401 0.927445 0.802338 0.925868 0.802338 0.913249 0.803401 0.911672 0.803401 0.908517 0.802338 0.906940 0.802338 0.900631 0.801275 0.899054 0.801275 0.892744 0.799150 0.889590
1 0.753454 0.441640 0.752391 0.443218 0.751328 0.443218 0.751328 0.446372 0.750266 0.447950 0.750266 0.452681 0.749203 0.454259 0.749203 0.457413 0.748140 0.458991 0.748140 0.465300 0.749203 0.466877 0.749203 0.468454 0.748140 0.470032 0.748140 0.488959 0.749203 0.490536 0.780021 0.490536 0.781084 0.488959 0.781084 0.471609 0.780021 0.470032 0.780021 0.465300 0.781084 0.463722 0.781084 0.460568 0.780021 0.458991 0.780021 0.455836 0.778959 0.454259 0.778959 0.446372 0.777896 0.444795 0.777896 0.443218 0.776833 0.443218 0.775770 0.441640
4 0.638682 0.421136 0.638682 0.422713 0.637620 0.424290 0.637620 0.429022 0.638682 0.430599 0.638682 0.432177 0.637620 0.433754 0.637620 0.476341 0.659936 0.476341 0.660999 0.474763 0.663124 0.474763 0.664187 0.476341 0.666312 0.476341 0.667375 0.474763 0.673751 0.474763 0.674814 0.473186 0.674814 0.436909 0.673751 0.435331 0.673751 0.427445 0.672689 0.425868 0.672689 0.424290 0.671626 0.422713 0.667375 0.422713 0.666312 0.421136 0.654623 0.421136 0.653560 0.422713 0.651435 0.422713 0.650372 0.421136
3 0.394261 0.854890 0.393199 0.856467 0.383634 0.856467 0.383634 0.858044 0.382572 0.859621 0.382572 0.865931 0.381509 0.867508 0.381509 0.870662 0.380446 0.872240 0.380446 0.876972 0.381509 0.878549 0.381509 0.881703 0.380446 0.883281 0.380446 0.902208 0.381509 0.903785 0.412327 0.903785 0.413390 0.902208 0.413390 0.884858 0.412327 0.883281 0.412327 0.876972 0.413390 0.875394 0.413390 0.873817 0.412327 0.872240 0.412327 0.869085 0.411265 0.867508 0.411265 0.862776 0.410202 0.861199 0.410202 0.856467 0.408077 0.856467 0.407014 0.854890
1 0.040383 0.424290 0.039320 0.425868 0.029756 0.425868 0.028693 0.427445 0.019129 0.427445 0.018066 0.425868 0.009564 0.425868 0.009564 0.427445 0.011690 0.427445 0.013815 0.430599 0.013815 0.433754 0.012752 0.435331 0.012752 0.440063 0.011690 0.441640 0.011690 0.465300 0.010627 0.466877 0.010627 0.476341 0.009564 0.477918 0.009564 0.481073 0.031881 0.481073 0.032944 0.482650 0.045696 0.482650 0.046759 0.481073 0.048884 0.481073 0.049947 0.479495 0.049947 0.451104 0.048884 0.449527 0.048884 0.440063 0.049947 0.438486 0.049947 0.425868 0.048884 0.424290
7 0.413316 0.447145 0.413209 0.454243 0.631594 0.452650 0.631594 0.444606
9 0.394261 0.483896 0.389320 0.484180 0.394878 0.847050 0.398587 0.845647
9 0.045313 0.486230 0.041700 0.486861 0.256812 1.000000 0.260436 1.000000
9 0.035282 0.486420 0.031987 0.486735 0.092285 1.000000 0.096164 1.000000
9 0.030372 0.486341 0.026865 0.486656 0.014463 0.978975 0.017864 0.978975
9 0.022944 0.486830 0.019968 0.485883 0.000000 0.571672 0.000000 0.575489 0.000489 0.585883
