3 0.538789 0.070978 0.537726 0.072555 0.536663 0.072555 0.536663 0.075710 0.535600 0.077287 0.535600 0.082019 0.534538 0.083596 0.534538 0.088328 0.533475 0.089905 0.533475 0.093060 0.534538 0.094637 0.534538 0.102524 0.533475 0.104101 0.533475 0.118297 0.534538 0.119874 0.565356 0.119874 0.566419 0.118297 0.566419 0.102524 0.565356 0.100946 0.565356 0.099369 0.566419 0.097792 0.566419 0.089905 0.565356 0.088328 0.565356 0.085174 0.564293 0.083596 0.564293 0.077287 0.563231 0.075710 0.563231 0.074132 0.562168 0.072555 0.561105 0.072555 0.560043 0.070978
1 0.289054 0.309148 0.287991 0.310726 0.277365 0.310726 0.276302 0.312303 0.274176 0.312303 0.273114 0.310726 0.268863 0.310726 0.267800 0.312303 0.258236 0.312303 0.257173 0.310726 0.255048 0.310726 0.255048 0.318612 0.256111 0.320189 0.256111 0.321767 0.255048 0.323344 0.255048 0.329653 0.253985 0.331230 0.253985 0.345426 0.255048 0.347003 0.255048 0.353312 0.253985 0.354890 0.253985 0.364353 0.255048 0.365931 0.258236 0.365931 0.259299 0.364353 0.289054 0.364353 0.290117 0.365931 0.292242 0.362776 0.292242 0.361199 0.291180 0.359621 0.291180 0.328076 0.290117 0.326498 0.290117 0.318612 0.291180 0.317035 0.291180 0.309148
2 0.851222 0.451104 0.850159 0.452681 0.849097 0.452681 0.849097 0.460568 0.848034 0.462145 0.848034 0.471609 0.846971 0.473186 0.848034 0.474763 0.848034 0.482650 0.846971 0.484227 0.846971 0.496845 0.848034 0.498423 0.848034 0.500000 0.877790 0.500000 0.879915 0.496845 0.879915 0.470032 0.878852 0.468454 0.878852 0.462145 0.877790 0.460568 0.877790 0.457413 0.876727 0.455836 0.876727 0.452681 0.875664 0.451104 0.866100 0.451104 0.865037 0.452681 0.863974 0.451104
6 0.862774 0.000726 0.860117 0.000568 0.860542 0.062555 0.863092 0.061924
4 0.532412 0.465300 0.531350 0.466877 0.522848 0.466877 0.521785 0.468454 0.521785 0.471609 0.520723 0.473186 0.521785 0.474763 0.521785 0.487382 0.520723 0.488959 0.520723 0.520505 0.521785 0.522082 0.538789 0.522082 0.539851 0.520505 0.543039 0.520505 0.544102 0.522082 0.545165 0.520505 0.552604 0.520505 0.553666 0.522082 0.556854 0.522082 0.558980 0.518927 0.558980 0.466877 0.557917 0.466877 0.556854 0.465300 0.553666 0.465300 0.552604 0.466877 0.551541 0.466877 0.550478 0.465300 0.547290 0.465300 0.546227 0.466877 0.533475 0.466877
9 0.864081 0.126025 0.860255 0.125552 0.861849 0.423028 0.865675 0.419243
6 0.573464 0.098707 0.573114 0.093849 0.842827 0.089590 0.841126 0.096057
6 0.529330 0.110252 0.531456 0.119874 0.297024 0.322713 0.296068 0.313565
6 0.553358 0.000804 0.550096 0.000000 0.549405 0.000000 0.549522 0.040694 0.553029 0.041120
7 0.547503 0.126656 0.551647 0.126183 0.545058 0.440379 0.540170 0.441167
3 0.849097 0.067823 0.848034 0.069401 0.848034 0.074132 0.846971 0.075710 0.846971 0.080442 0.845909 0.082019 0.845909 0.088328 0.844846 0.089905 0.845909 0.091483 0.845909 0.096215 0.844846 0.097792 0.844846 0.115142 0.846971 0.118297 0.874601 0.118297 0.875664 0.116719 0.876727 0.116719 0.877790 0.115142 0.877790 0.099369 0.876727 0.097792 0.876727 0.091483 0.877790 0.089905 0.877790 0.088328 0.876727 0.086751 0.876727 0.080442 0.875664 0.078864 0.875664 0.074132 0.874601 0.072555 0.874601 0.070978 0.872476 0.067823
