6 0.000244 0.395615 0.000000 0.391625 0.000000 0.390410 0.610563 0.427697 0.610074 0.434306
6 0.610776 0.443375 0.605930 0.429306 0.137216 0.611025 0.138278 0.630647
16 0.641870 0.406940 0.640808 0.408517 0.622742 0.408517 0.620616 0.411672 0.619554 0.411672 0.618491 0.413249 0.617428 0.411672 0.616366 0.411672 0.614240 0.408517 0.612115 0.408517 0.611052 0.410095 0.611052 0.411672 0.612115 0.411672 0.613177 0.413249 0.614240 0.413249 0.615303 0.414826 0.614240 0.416404 0.613177 0.416404 0.613177 0.424290 0.612115 0.425868 0.612115 0.438486 0.613177 0.440063 0.613177 0.446372 0.614240 0.447950 0.614240 0.451104 0.639745 0.451104 0.641870 0.454259 0.642933 0.452681 0.642933 0.414826 0.643996 0.413249 0.643996 0.408517 0.642933 0.406940
13 0.630181 0.129338 0.630181 0.132492 0.631243 0.134069 0.631243 0.137224 0.629118 0.140379 0.629118 0.146688 0.628055 0.148265 0.628055 0.152997 0.629118 0.154574 0.629118 0.160883 0.628055 0.162461 0.628055 0.171924 0.629118 0.171924 0.630181 0.173502 0.631243 0.171924 0.633369 0.171924 0.634431 0.170347 0.636557 0.170347 0.637620 0.171924 0.658874 0.171924 0.659936 0.170347 0.659936 0.162461 0.658874 0.160883 0.658874 0.149842 0.657811 0.148265 0.657811 0.145110 0.656748 0.143533 0.656748 0.138801 0.655685 0.137224 0.655685 0.134069 0.657811 0.130915 0.658874 0.130915 0.658874 0.129338 0.639745 0.129338 0.638682 0.130915 0.633369 0.130915 0.632306 0.129338
16 0.110521 0.600946 0.109458 0.602524 0.107333 0.602524 0.106270 0.604101 0.106270 0.638801 0.107333 0.640379 0.107333 0.646688 0.125399 0.646688 0.126461 0.645110 0.129649 0.645110 0.130712 0.646688 0.132837 0.646688 0.133900 0.648265 0.134963 0.646688 0.134963 0.643533 0.136026 0.641956 0.134963 0.640379 0.134963 0.621451 0.136026 0.619874 0.136026 0.605678 0.134963 0.604101 0.134963 0.600946 0.131775 0.600946 0.130712 0.602524 0.129649 0.602524 0.128587 0.600946 0.125399 0.600946 0.124336 0.602524 0.112646 0.602524 0.111583 0.600946
13 0.148778 0.238170 0.147715 0.239748 0.147715 0.241325 0.146652 0.242902 0.146652 0.246057 0.145590 0.247634 0.145590 0.255521 0.146652 0.257098 0.145590 0.258675 0.145590 0.272871 0.166844 0.272871 0.167906 0.274448 0.168969 0.274448 0.168969 0.272871 0.170032 0.271293 0.170032 0.261830 0.168969 0.260252 0.168969 0.244479 0.167906 0.242902 0.167906 0.239748 0.166844 0.238170
6 0.627035 0.137618 0.626844 0.146372 0.380149 0.005852 0.381116 0.000000
6 0.103433 0.607413 0.103326 0.615300 0.000595 0.538801 0.000223 0.530221
6 0.641148 0.179148 0.645824 0.179148 0.633794 0.402066 0.628162 0.402855
6 0.001328 0.177145 0.000829 0.166940 0.144623 0.246025 0.144368 0.252082
6 0.342200 0.009464 0.345994 0.018265 0.177439 0.242050 0.173815 0.230741
