9 0.278084 0.325706 0.277078 0.317762 0.000649 0.337702 0.000325 0.346573
9 0.370552 0.151935 0.370049 0.142883 0.116575 0.137258 0.117841 0.145060
9 0.704351 0.447157 0.705016 0.434617 0.345032 0.324919 0.345844 0.333992
9 0.743847 0.200181 0.737321 0.201431 0.737435 0.388488 0.743442 0.386089
6 0.440114 0.146290 0.440438 0.157177 0.710536 0.166048 0.709724 0.154758
4 0.719156 0.419355 0.719156 0.423387 0.717532 0.425403 0.717532 0.431452 0.715909 0.433468 0.715909 0.435484 0.714286 0.437500 0.714286 0.447581 0.712662 0.449597 0.712662 0.483871 0.762987 0.483871 0.764610 0.481855 0.766234 0.481855 0.766234 0.455645 0.764610 0.453629 0.764610 0.439516 0.762987 0.437500 0.762987 0.435484 0.761364 0.433468 0.761364 0.427419 0.759740 0.425403 0.759740 0.419355
4 0.384740 0.114919 0.383117 0.116935 0.383117 0.120968 0.381494 0.122984 0.381494 0.127016 0.379870 0.129032 0.379870 0.137097 0.378247 0.139113 0.378247 0.143145 0.379870 0.145161 0.379870 0.151210 0.378247 0.153226 0.378247 0.175403 0.379870 0.177419 0.426948 0.177419 0.428571 0.175403 0.428571 0.153226 0.426948 0.151210 0.426948 0.145161 0.428571 0.143145 0.428571 0.139113 0.426948 0.137097 0.426948 0.131048 0.425325 0.129032 0.425325 0.122984 0.423701 0.120968 0.423701 0.116935 0.422078 0.114919
4 0.064935 0.108871 0.063312 0.110887 0.063312 0.112903 0.061688 0.114919 0.061688 0.122984 0.060065 0.125000 0.060065 0.131048 0.058442 0.133065 0.058442 0.137097 0.060065 0.139113 0.060065 0.141129 0.061688 0.143145 0.058442 0.147177 0.058442 0.169355 0.060065 0.171371 0.107143 0.171371 0.108766 0.169355 0.108766 0.147177 0.105519 0.143145 0.105519 0.141129 0.108766 0.137097 0.108766 0.133065 0.107143 0.131048 0.107143 0.125000 0.105519 0.122984 0.105519 0.118952 0.103896 0.116935 0.103896 0.112903 0.102273 0.110887 0.102273 0.108871
4 0.292208 0.286290 0.290584 0.288306 0.290584 0.292339 0.288961 0.294355 0.288961 0.298387 0.287338 0.300403 0.287338 0.306452 0.285714 0.308468 0.285714 0.314516 0.287338 0.316532 0.287338 0.322581 0.285714 0.324597 0.285714 0.346774 0.287338 0.348790 0.293831 0.348790 0.295455 0.350806 0.311688 0.350806 0.313312 0.348790 0.318182 0.348790 0.319805 0.350806 0.324675 0.350806 0.326299 0.348790 0.334416 0.348790 0.336039 0.346774 0.336039 0.324597 0.334416 0.322581 0.334416 0.316532 0.336039 0.314516 0.336039 0.310484 0.334416 0.308468 0.334416 0.302419 0.332792 0.300403 0.332792 0.294355 0.331169 0.292339 0.331169 0.288306 0.329545 0.286290
4 0.720779 0.127016 0.719156 0.129032 0.719156 0.133065 0.717532 0.135081 0.717532 0.141129 0.715909 0.143145 0.715909 0.149194 0.714286 0.151210 0.714286 0.155242 0.715909 0.157258 0.715909 0.161290 0.714286 0.163306 0.714286 0.187500 0.715909 0.189516 0.762987 0.189516 0.764610 0.187500 0.764610 0.165323 0.762987 0.163306 0.762987 0.157258 0.764610 0.155242 0.764610 0.151210 0.762987 0.149194 0.762987 0.143145 0.761364 0.141129 0.761364 0.137097 0.759740 0.135081 0.759740 0.129032 0.758117 0.127016
