1 0.285866 0.682965 0.284803 0.684543 0.282678 0.684543 0.282678 0.687697 0.281615 0.689274 0.281615 0.692429 0.280553 0.694006 0.280553 0.697161 0.279490 0.698738 0.279490 0.716088 0.278427 0.717666 0.278427 0.723975 0.279490 0.725552 0.279490 0.730284 0.280553 0.731861 0.281615 0.731861 0.282678 0.733438 0.284803 0.733438 0.285866 0.731861 0.289054 0.731861 0.290117 0.733438 0.310308 0.733438 0.312434 0.730284 0.312434 0.714511 0.311371 0.712934 0.311371 0.698738 0.310308 0.697161 0.310308 0.690852 0.309245 0.689274 0.309245 0.686120 0.307120 0.682965
9 0.187853 0.351325 0.186706 0.343707 0.426908 0.319369 0.427651 0.326467
9 0.159745 0.383218 0.155919 0.382886 0.002040 1.000000 0.007683 1.000000
9 0.187960 0.363155 0.186631 0.369953 0.601977 0.672555 0.602944 0.664164
9 0.188852 0.380394 0.184580 0.383785 0.559660 0.983249 0.565399 0.976703
9 0.179490 0.382350 0.176727 0.384243 0.279022 0.666372 0.284846 0.653817
9 0.320553 0.737744 0.316493 0.742681 0.411105 0.883091 0.413167 0.875205
9 0.306950 0.739006 0.300755 0.741199 0.359522 0.964858 0.367375 0.961309
7 0.472699 0.334826 0.472593 0.341451 0.629830 0.461025 0.630085 0.450047
7 0.169607 0.383817 0.164400 0.384132 0.184644 0.897681 0.188948 0.897492
4 0.643996 0.449527 0.639745 0.455836 0.638682 0.455836 0.638682 0.466877 0.637620 0.468454 0.637620 0.501577 0.638682 0.503155 0.673751 0.503155 0.674814 0.501577 0.674814 0.482650 0.673751 0.481073 0.673751 0.476341 0.674814 0.474763 0.674814 0.471609 0.673751 0.470032 0.673751 0.458991 0.672689 0.457413 0.672689 0.454259 0.669501 0.449527 0.664187 0.449527 0.663124 0.451104 0.656748 0.451104 0.655685 0.449527 0.653560 0.449527 0.652497 0.451104 0.648247 0.451104 0.647184 0.449527
2 0.611052 0.660883 0.608927 0.664038 0.608927 0.668770 0.607864 0.670347 0.607864 0.673502 0.606801 0.675079 0.606801 0.692429 0.605739 0.694006 0.605739 0.706625 0.606801 0.708202 0.606801 0.709779 0.608927 0.709779 0.609989 0.711356 0.613177 0.711356 0.614240 0.709779 0.622742 0.709779 0.623804 0.711356 0.630181 0.711356 0.631243 0.709779 0.635494 0.709779 0.636557 0.711356 0.637620 0.711356 0.639745 0.708202 0.639745 0.681388 0.638682 0.679811 0.638682 0.673502 0.637620 0.671924 0.637620 0.668770 0.636557 0.667192 0.636557 0.664038 0.635494 0.662461 0.633369 0.662461 0.632306 0.660883
2 0.438895 0.886435 0.437832 0.888013 0.419766 0.888013 0.417641 0.891167 0.417641 0.895899 0.416578 0.897476 0.416578 0.902208 0.415515 0.903785 0.415515 0.935331 0.416578 0.935331 0.417641 0.936909 0.432519 0.936909 0.433581 0.935331 0.435707 0.935331 0.436769 0.936909 0.447396 0.936909 0.447396 0.935331 0.448459 0.933754 0.448459 0.925868 0.447396 0.924290 0.447396 0.911672 0.448459 0.910095 0.448459 0.908517 0.447396 0.906940 0.447396 0.900631 0.446334 0.899054 0.446334 0.892744 0.445271 0.891167 0.445271 0.889590 0.444208 0.889590 0.443146 0.888013 0.439957 0.888013
3 0.183847 0.905363 0.182784 0.906940 0.175345 0.906940 0.174283 0.908517 0.174283 0.910095 0.173220 0.911672 0.173220 0.917981 0.172157 0.919558 0.172157 0.924290 0.171095 0.925868 0.171095 0.929022 0.172157 0.930599 0.172157 0.936909 0.171095 0.938486 0.171095 0.952681 0.172157 0.954259 0.172157 0.955836 0.202976 0.955836 0.204038 0.954259 0.204038 0.952681 0.205101 0.951104 0.205101 0.944795 0.204038 0.943218 0.204038 0.935331 0.201913 0.932177 0.204038 0.929022 0.204038 0.924290 0.202976 0.922713 0.202976 0.921136 0.201913 0.919558 0.201913 0.913249 0.200850 0.911672 0.200850 0.908517 0.199787 0.906940 0.195537 0.906940 0.194474 0.905363
3 0.154091 0.324921 0.151966 0.328076 0.151966 0.329653 0.150903 0.331230 0.150903 0.337539 0.149841 0.339117 0.149841 0.342271 0.148778 0.343849 0.148778 0.348580 0.149841 0.350158 0.149841 0.356467 0.148778 0.358044 0.148778 0.372240 0.149841 0.373817 0.149841 0.375394 0.180659 0.375394 0.181722 0.373817 0.181722 0.345426 0.180659 0.343849 0.180659 0.339117 0.179596 0.337539 0.179596 0.332808 0.178533 0.331230 0.178533 0.329653 0.177471 0.328076 0.177471 0.326498 0.155154 0.326498
3 0.455898 0.294953 0.454835 0.296530 0.434644 0.296530 0.434644 0.298107 0.433581 0.299685 0.433581 0.305994 0.432519 0.307571 0.432519 0.312303 0.431456 0.313880 0.431456 0.342271 0.432519 0.343849 0.433581 0.343849 0.434644 0.345426 0.462274 0.345426 0.464400 0.342271 0.464400 0.329653 0.463337 0.328076 0.463337 0.323344 0.462274 0.321767 0.463337 0.320189 0.463337 0.318612 0.464400 0.317035 0.464400 0.315457 0.463337 0.313880 0.463337 0.309148 0.462274 0.307571 0.462274 0.299685 0.461211 0.298107 0.461211 0.296530 0.459086 0.296530 0.458023 0.294953
