6 0.834070 0.552066 0.834070 0.544117 0.221318 0.562050 0.221424 0.567429
7 0.761849 0.354685 0.757790 0.351593 0.225452 0.551309 0.227141 0.557003
7 0.221180 0.586688 0.220967 0.592524 0.562667 0.958943 0.563943 0.951057
9 0.149936 0.313864 0.145473 0.314180 0.186536 0.511341 0.189617 0.508659
9 0.332317 0.318975 0.335186 0.323864 0.218480 0.533123 0.216567 0.528076
9 0.634623 0.456987 0.634729 0.451151 0.220829 0.556924 0.220935 0.561183
9 0.760000 0.347950 0.760425 0.341814 0.675356 0.339069 0.675207 0.344984
1 0.154091 0.255521 0.153029 0.255521 0.151966 0.253943 0.136026 0.253943 0.134963 0.255521 0.133900 0.255521 0.132837 0.253943 0.129649 0.253943 0.128587 0.255521 0.127524 0.255521 0.126461 0.257098 0.125399 0.257098 0.125399 0.264984 0.124336 0.266562 0.124336 0.268139 0.123273 0.269716 0.123273 0.271293 0.122210 0.272871 0.122210 0.304416 0.123273 0.305994 0.157279 0.305994 0.158342 0.304416 0.158342 0.302839 0.159405 0.301262 0.159405 0.288644 0.158342 0.287066 0.158342 0.282334 0.157279 0.280757 0.158342 0.279180 0.158342 0.269716 0.157279 0.268139 0.157279 0.266562 0.156217 0.264984 0.156217 0.263407 0.155154 0.261830 0.155154 0.260252 0.154091 0.258675 0.154091 0.255521 0.160468 0.252366 0.161530 0.252366 0.160468 0.252366
3 0.180659 0.536278 0.179596 0.537855 0.179596 0.542587 0.181722 0.545741 0.181722 0.547319 0.182784 0.548896 0.181722 0.550473 0.181722 0.553628 0.177471 0.559937 0.177471 0.572555 0.178533 0.574132 0.178533 0.583596 0.177471 0.585174 0.177471 0.593060 0.181722 0.593060 0.182784 0.591483 0.211477 0.591483 0.212540 0.593060 0.213603 0.591483 0.215728 0.591483 0.216791 0.589905 0.216791 0.586751 0.215728 0.585174 0.215728 0.578864 0.216791 0.577287 0.216791 0.558360 0.215728 0.556782 0.215728 0.550473 0.214665 0.548896 0.214665 0.541009 0.215728 0.539432 0.215728 0.537855 0.201913 0.537855 0.200850 0.539432 0.199787 0.539432 0.198725 0.537855 0.196599 0.537855 0.195537 0.539432 0.188098 0.539432 0.187035 0.537855 0.182784 0.537855 0.181722 0.536278
4 0.840595 0.523659 0.839532 0.525237 0.839532 0.526814 0.838470 0.528391 0.838470 0.533123 0.837407 0.534700 0.837407 0.539432 0.836344 0.541009 0.836344 0.570978 0.837407 0.572555 0.868225 0.572555 0.869288 0.570978 0.869288 0.552050 0.868225 0.550473 0.868225 0.545741 0.869288 0.544164 0.869288 0.542587 0.868225 0.541009 0.868225 0.536278 0.867163 0.534700 0.867163 0.531546 0.866100 0.529968 0.866100 0.525237 0.865037 0.523659
2 0.741764 0.652997 0.740701 0.654574 0.739639 0.654574 0.739639 0.660883 0.738576 0.662461 0.738576 0.689274 0.737513 0.690852 0.737513 0.698738 0.738576 0.700315 0.738576 0.701893 0.769394 0.701893 0.769394 0.700315 0.770457 0.698738 0.770457 0.689274 0.769394 0.687697 0.769394 0.682965 0.770457 0.681388 0.770457 0.670347 0.769394 0.668770 0.769394 0.665615 0.768332 0.664038 0.768332 0.659306 0.767269 0.657729 0.767269 0.654574 0.765143 0.654574 0.764081 0.652997
4 0.570670 0.955836 0.570670 0.958991 0.569607 0.960568 0.569607 0.966877 0.568544 0.968454 0.568544 0.971609 0.567481 0.973186 0.567481 0.979495 0.600425 0.979495 0.600425 0.973186 0.599362 0.971609 0.599362 0.968454 0.598300 0.966877 0.598300 0.962145 0.597237 0.960568 0.597237 0.957413 0.596174 0.955836
4 0.643996 0.421136 0.642933 0.422713 0.641870 0.422713 0.640808 0.424290 0.639745 0.424290 0.638682 0.425868 0.638682 0.457413 0.637620 0.458991 0.637620 0.471609 0.638682 0.473186 0.638682 0.474763 0.639745 0.474763 0.640808 0.476341 0.650372 0.476341 0.651435 0.474763 0.654623 0.474763 0.655685 0.476341 0.658874 0.476341 0.659936 0.474763 0.662062 0.474763 0.663124 0.476341 0.668438 0.476341 0.669501 0.474763 0.670563 0.476341 0.673751 0.476341 0.675877 0.473186 0.676939 0.473186 0.675877 0.471609 0.675877 0.454259 0.674814 0.452681 0.674814 0.440063 0.673751 0.438486 0.673751 0.430599 0.674814 0.429022 0.674814 0.424290 0.673751 0.422713 0.673751 0.421136 0.672689 0.421136 0.671626 0.422713 0.667375 0.422713 0.666312 0.421136 0.663124 0.421136 0.662062 0.422713 0.660999 0.421136 0.656748 0.421136 0.655685 0.422713 0.651435 0.422713 0.650372 0.421136
4 0.651435 0.315457 0.650372 0.317035 0.640808 0.317035 0.638682 0.320189 0.638682 0.326498 0.637620 0.328076 0.637620 0.345426 0.636557 0.347003 0.636557 0.362776 0.638682 0.365931 0.667375 0.365931 0.668438 0.364353 0.669501 0.364353 0.669501 0.332808 0.668438 0.331230 0.668438 0.329653 0.667375 0.328076 0.667375 0.324921 0.666312 0.323344 0.666312 0.318612 0.665250 0.317035 0.655685 0.317035 0.654623 0.315457
4 0.768332 0.321767 0.768332 0.323344 0.767269 0.324921 0.767269 0.332808 0.766206 0.334385 0.766206 0.335962 0.765143 0.337539 0.765143 0.343849 0.766206 0.345426 0.766206 0.347003 0.765143 0.348580 0.765143 0.369085 0.768332 0.369085 0.769394 0.370662 0.772582 0.370662 0.773645 0.369085 0.778959 0.369085 0.780021 0.370662 0.783209 0.370662 0.784272 0.369085 0.791711 0.369085 0.792774 0.370662 0.794899 0.370662 0.795962 0.369085 0.798087 0.369085 0.798087 0.337539 0.797024 0.335962 0.797024 0.332808 0.795962 0.331230 0.795962 0.328076 0.794899 0.326498 0.794899 0.321767
1 0.164718 0.768139 0.163656 0.769716 0.146652 0.769716 0.146652 0.771293 0.145590 0.772871 0.145590 0.779180 0.144527 0.780757 0.144527 0.783912 0.143464 0.785489 0.143464 0.791798 0.144527 0.793375 0.143464 0.794953 0.143464 0.817035 0.144527 0.817035 0.145590 0.818612 0.174283 0.818612 0.175345 0.817035 0.176408 0.817035 0.176408 0.787066 0.175345 0.785489 0.175345 0.780757 0.174283 0.779180 0.174283 0.774448 0.173220 0.772871 0.173220 0.769716 0.166844 0.769716 0.165781 0.768139
3 0.353879 0.263407 0.352816 0.264984 0.337938 0.264984 0.337938 0.268139 0.336876 0.269716 0.336876 0.274448 0.335813 0.276025 0.335813 0.280757 0.334750 0.282334 0.334750 0.283912 0.335813 0.285489 0.335813 0.291798 0.334750 0.293375 0.334750 0.312303 0.335813 0.312303 0.336876 0.313880 0.366631 0.313880 0.367694 0.312303 0.367694 0.282334 0.366631 0.280757 0.366631 0.277603 0.365569 0.276025 0.365569 0.271293 0.364506 0.269716 0.364506 0.266562 0.363443 0.264984 0.361318 0.264984 0.360255 0.263407
9 0.176631 0.579811 0.176631 0.574132 0.000053 0.671388 0.000000 0.672098 -0.000000 0.677744
9 0.141838 0.796514 0.141838 0.790678 0.000000 0.797650 0.000000 0.800647 0.000159 0.803644
9 0.315951 1.000000 0.000000 0.899574 0.000000 0.898691 0.000393 0.890726 0.329330 1.000000
6 0.120712 0.999621 0.117226 1.000000 0.105622 1.000000 0.000457 0.945868 0.000032 0.938060
