13 0.809777 0.537855 0.809777 0.552050 0.808714 0.553628 0.808714 0.555205 0.809777 0.556782 0.809777 0.583596 0.811902 0.583596 0.812965 0.582019 0.835282 0.582019 0.836344 0.583596 0.839532 0.583596 0.840595 0.582019 0.840595 0.574132 0.841658 0.572555 0.840595 0.570978 0.840595 0.561514 0.841658 0.559937 0.841658 0.553628 0.840595 0.552050 0.840595 0.547319 0.841658 0.545741 0.841658 0.541009 0.840595 0.539432 0.840595 0.537855
16 0.560043 0.902208 0.560043 0.927445 0.561105 0.929022 0.561105 0.930599 0.562168 0.932177 0.562168 0.936909 0.561105 0.938486 0.562168 0.940063 0.562168 0.943218 0.563231 0.944795 0.563231 0.946372 0.564293 0.947950 0.578108 0.947950 0.579171 0.946372 0.586610 0.946372 0.587673 0.947950 0.588735 0.946372 0.590861 0.946372 0.591923 0.944795 0.591923 0.940063 0.590861 0.938486 0.590861 0.930599 0.591923 0.929022 0.591923 0.902208
13 0.000000 0.285489 0.000000 0.331230 0.007439 0.331230 0.008502 0.329653 0.020191 0.329653 0.023379 0.334385 0.026567 0.334385 0.026567 0.321767 0.027630 0.320189 0.027630 0.309148 0.026567 0.307571 0.026567 0.291798 0.027630 0.290221 0.027630 0.287066 0.026567 0.285489
6 0.030499 0.309148 0.030712 0.315457 0.373539 0.351577 0.373964 0.344953
6 0.694049 0.466404 0.687035 0.474132 0.807439 0.554259 0.808077 0.543691
6 0.797768 0.583438 0.790967 0.577603 0.120298 0.976025 0.134006 0.976814
6 0.844049 0.562713 0.843943 0.557192 0.983953 0.540552 0.984378 0.544968
20 0.595802 0.920710 0.595696 0.916609 0.984516 0.770079 0.984516 0.775599
20 0.596823 0.926877 0.593464 0.941388 0.658714 0.978281 0.692614 0.979069
6 0.543826 0.938013 0.543932 0.933123 0.398310 0.979180 0.416589 0.978391
13 0.376196 0.328076 0.376196 0.343849 0.375133 0.345426 0.375133 0.353312 0.376196 0.354890 0.376196 0.362776 0.375133 0.364353 0.375133 0.369085 0.376196 0.370662 0.376196 0.373817 0.380446 0.373817 0.381509 0.372240 0.397450 0.372240 0.398512 0.373817 0.404888 0.373817 0.404888 0.372240 0.405951 0.370662 0.405951 0.343849 0.404888 0.342271 0.404888 0.340694 0.403826 0.339117 0.404888 0.337539 0.404888 0.335962 0.405951 0.334385 0.405951 0.332808 0.404888 0.331230 0.404888 0.328076 0.397450 0.328076 0.396387 0.329653 0.394261 0.329653 0.393199 0.328076 0.391073 0.328076 0.390011 0.329653 0.386823 0.329653 0.385760 0.328076
7 0.409245 0.353785 0.409671 0.361199 0.634431 0.443375 0.634325 0.436909
6 0.000000 0.926845 0.000000 0.926845 0.000213 0.921798 0.558023 0.923659 0.558767 0.928864 0.000000 0.926845
13 0.643996 0.424290 0.642933 0.425868 0.641870 0.425868 0.641870 0.429022 0.640808 0.430599 0.640808 0.452681 0.639745 0.454259 0.639745 0.462145 0.640808 0.463722 0.640808 0.468454 0.641870 0.470032 0.641870 0.471609 0.642933 0.471609 0.643996 0.473186 0.646121 0.473186 0.648247 0.470032 0.649309 0.470032 0.650372 0.468454 0.651435 0.468454 0.652497 0.470032 0.664187 0.470032 0.665250 0.471609 0.666312 0.470032 0.668438 0.470032 0.669501 0.468454 0.670563 0.468454 0.671626 0.466877 0.671626 0.465300 0.672689 0.463722 0.672689 0.447950 0.671626 0.446372 0.671626 0.443218 0.672689 0.441640 0.672689 0.430599 0.671626 0.429022 0.671626 0.425868 0.670563 0.424290 0.664187 0.424290 0.662062 0.427445 0.649309 0.427445 0.647184 0.424290
