6 0.511084 0.659148 0.510765 0.667508 0.853092 0.740852 0.853305 0.731861
6 0.900468 0.307587 0.899330 0.290347 0.999511 0.222508 1.000000 0.237808
6 0.897981 0.750221 0.897981 0.732271 1.000000 0.734590 0.999702 0.753391
12 0.364506 0.263407 0.363443 0.264984 0.363443 0.269716 0.362380 0.271293 0.362380 0.274448 0.361318 0.276025 0.361318 0.277603 0.362380 0.279180 0.362380 0.280757 0.361318 0.282334 0.361318 0.298107 0.362380 0.298107 0.363443 0.299685 0.384697 0.299685 0.385760 0.298107 0.385760 0.287066 0.384697 0.285489 0.384697 0.266562 0.383634 0.264984 0.383634 0.263407
12 0.560043 0.105678 0.560043 0.151420 0.561105 0.149842 0.575983 0.149842 0.577046 0.148265 0.584485 0.148265 0.585547 0.149842 0.590861 0.149842 0.590861 0.123028 0.589798 0.121451 0.589798 0.118297 0.588735 0.116719 0.588735 0.115142 0.587673 0.113565 0.587673 0.110410 0.586610 0.108833 0.581296 0.108833 0.580234 0.110410 0.578108 0.110410 0.577046 0.108833 0.570670 0.108833 0.569607 0.107256 0.562168 0.107256 0.561105 0.105678
12 0.865037 0.298107 0.863974 0.299685 0.863974 0.304416 0.862912 0.305994 0.862912 0.334385 0.863974 0.335962 0.863974 0.337539 0.867163 0.337539 0.868225 0.335962 0.871413 0.335962 0.872476 0.337539 0.878852 0.337539 0.879915 0.335962 0.880978 0.335962 0.882040 0.337539 0.888417 0.337539 0.889479 0.335962 0.889479 0.307571 0.887354 0.304416 0.887354 0.302839 0.886291 0.301262 0.886291 0.299685 0.885228 0.298107
16 0.872476 0.714511 0.871413 0.716088 0.867163 0.716088 0.866100 0.717666 0.865037 0.717666 0.863974 0.719243 0.862912 0.719243 0.861849 0.720820 0.860786 0.720820 0.859724 0.722397 0.858661 0.722397 0.858661 0.725552 0.857598 0.727129 0.857598 0.733438 0.856536 0.735016 0.856536 0.739748 0.857598 0.741325 0.857598 0.752366 0.858661 0.753943 0.858661 0.755521 0.860786 0.758675 0.861849 0.758675 0.862912 0.760252 0.863974 0.760252 0.865037 0.761830 0.867163 0.761830 0.868225 0.763407 0.870351 0.763407 0.871413 0.764984 0.878852 0.764984 0.879915 0.763407 0.882040 0.763407 0.883103 0.761830 0.885228 0.761830 0.886291 0.760252 0.887354 0.760252 0.888417 0.758675 0.889479 0.758675 0.892667 0.753943 0.892667 0.727129 0.891605 0.725552 0.891605 0.723975 0.888417 0.719243 0.886291 0.719243 0.884166 0.716088 0.874601 0.716088 0.873539 0.714511
13 0.484591 0.641956 0.483528 0.643533 0.483528 0.646688 0.482465 0.648265 0.482465 0.657729 0.481403 0.659306 0.481403 0.676656 0.482465 0.678233 0.487779 0.678233 0.488842 0.679811 0.489904 0.679811 0.490967 0.678233 0.504782 0.678233 0.505845 0.676656 0.505845 0.656151 0.504782 0.654574 0.504782 0.648265 0.503719 0.646688 0.503719 0.645110 0.502657 0.643533 0.502657 0.641956
6 0.557641 0.140347 0.557960 0.148707 0.392317 0.274385 0.389554 0.263675
6 0.595537 0.144606 0.595430 0.138454 0.854272 0.300063 0.854272 0.307161
6 0.386121 0.306593 0.379532 0.309905 0.484485 0.639274 0.490011 0.633281
