6 0.000244 0.428360 0.003114 0.433091 0.136047 0.429842 0.137301 0.423659
9 0.308332 0.506136 0.294559 0.830946 0.290744 0.834416 0.304400 0.505599
4 0.418704 0.501577 0.418704 0.504732 0.417641 0.506309 0.417641 0.511041 0.416578 0.512618 0.416578 0.515773 0.415515 0.517350 0.415515 0.550473 0.447396 0.550473 0.448459 0.548896 0.448459 0.528391 0.447396 0.526814 0.447396 0.525237 0.448459 0.523659 0.448459 0.518927 0.447396 0.517350 0.447396 0.514196 0.446334 0.512618 0.446334 0.507886 0.445271 0.506309 0.445271 0.503155 0.444208 0.501577
3 0.957492 0.501577 0.956429 0.503155 0.957492 0.504732 0.957492 0.509464 0.956429 0.511041 0.956429 0.514196 0.955367 0.515773 0.955367 0.523659 0.954304 0.525237 0.954304 0.536278 0.955367 0.537855 0.954304 0.539432 0.954304 0.553628 0.970244 0.553628 0.971307 0.552050 0.972370 0.552050 0.973433 0.550473 0.973433 0.545741 0.975558 0.542587 0.976621 0.542587 0.977683 0.541009 0.979809 0.541009 0.980871 0.539432 0.985122 0.539432 0.986185 0.537855 0.986185 0.533123 0.985122 0.531546 0.985122 0.523659 0.986185 0.522082 0.986185 0.517350 0.985122 0.515773 0.985122 0.504732 0.984060 0.503155 0.976621 0.503155 0.975558 0.501577 0.973433 0.501577 0.972370 0.503155 0.968119 0.503155 0.967056 0.501577
3 0.270988 0.858044 0.269926 0.859621 0.269926 0.889590 0.268863 0.891167 0.268863 0.908517 0.269926 0.910095 0.269926 0.914826 0.270988 0.916404 0.272051 0.916404 0.274176 0.913249 0.282678 0.913249 0.283741 0.914826 0.286929 0.914826 0.287991 0.913249 0.292242 0.913249 0.293305 0.914826 0.303932 0.914826 0.306057 0.917981 0.307120 0.917981 0.308183 0.916404 0.309245 0.916404 0.310308 0.914826 0.310308 0.908517 0.309245 0.906940 0.309245 0.899054 0.310308 0.897476 0.310308 0.895899 0.309245 0.894322 0.309245 0.872240 0.310308 0.870662 0.310308 0.859621 0.309245 0.858044 0.303932 0.858044 0.302869 0.859621 0.273114 0.859621 0.272051 0.858044
4 0.646121 0.403785 0.645058 0.405363 0.638682 0.405363 0.637620 0.406940 0.637620 0.443218 0.636557 0.444795 0.636557 0.455836 0.637620 0.457413 0.637620 0.462145 0.639745 0.462145 0.640808 0.463722 0.647184 0.463722 0.648247 0.462145 0.665250 0.462145 0.666312 0.463722 0.674814 0.463722 0.675877 0.462145 0.676939 0.462145 0.676939 0.457413 0.678002 0.455836 0.678002 0.436909 0.676939 0.435331 0.676939 0.422713 0.678002 0.421136 0.678002 0.419558 0.676939 0.417981 0.676939 0.406940 0.674814 0.403785 0.670563 0.403785 0.669501 0.405363 0.647184 0.405363
9 0.312582 0.877934 0.312476 0.872729 0.949384 0.536672 0.949915 0.541088
2 0.145590 0.402208 0.144527 0.403785 0.144527 0.405363 0.143464 0.406940 0.143464 0.411672 0.142402 0.413249 0.142402 0.419558 0.141339 0.421136 0.141339 0.422713 0.142402 0.424290 0.142402 0.427445 0.141339 0.429022 0.141339 0.449527 0.154091 0.449527 0.155154 0.451104 0.170032 0.451104 0.171095 0.449527 0.174283 0.449527 0.174283 0.429022 0.173220 0.427445 0.173220 0.424290 0.174283 0.422713 0.174283 0.421136 0.173220 0.419558 0.173220 0.411672 0.172157 0.410095 0.172157 0.406940 0.171095 0.405363 0.171095 0.403785 0.170032 0.402208
6 0.267588 0.905836 0.267588 0.897161 0.138363 0.976183 0.151860 0.976498
6 0.266567 0.887934 0.266844 0.878864 0.000319 0.842902 0.000000 0.845994 0.000000 0.850158
6 0.314240 0.899842 0.314665 0.890694 0.606376 0.976025 0.583422 0.976972
2 0.295430 0.449527 0.293305 0.452681 0.293305 0.458991 0.292242 0.460568 0.292242 0.465300 0.291180 0.466877 0.291180 0.470032 0.292242 0.471609 0.292242 0.477918 0.291180 0.479495 0.291180 0.496845 0.293305 0.496845 0.294368 0.498423 0.313496 0.498423 0.314559 0.496845 0.315622 0.496845 0.316684 0.498423 0.321998 0.498423 0.324123 0.495268 0.324123 0.493691 0.323061 0.492114 0.323061 0.462145 0.321998 0.460568 0.321998 0.452681 0.319872 0.449527
6 0.969394 0.560252 0.962699 0.560095 0.890436 0.932177 0.896174 0.932019
6 0.949033 0.518091 0.948789 0.523565 0.681615 0.447003 0.681403 0.435962
6 0.635494 0.447792 0.635919 0.438644 0.453879 0.512303 0.454516 0.522082
6 0.425186 0.555678 0.418172 0.557098 0.299787 0.852997 0.307758 0.852839
6 0.172795 0.459779 0.163868 0.459779 0.272370 0.832492 0.278852 0.832177
