6 0.001640 0.359355 0.000000 0.381794 0.000000 0.412016 0.057955 0.798407 0.066299 0.794516
3 0.579545 0.139113 0.576136 0.141734 0.585065 0.140927 0.592045 0.141935 0.597565 0.142137 0.602435 0.142339 0.607305 0.142339 0.610390 0.142540 0.613149 0.142137 0.615422 0.143750 0.617695 0.143347 0.619481 0.144960 0.619968 0.146169 0.621753 0.149194 0.623214 0.150605 0.622565 0.151815 0.621753 0.151210 0.623377 0.153226 0.623377 0.159274 0.625000 0.161290 0.625000 0.163306 0.626623 0.165323 0.628247 0.165323 0.626461 0.170766 0.626623 0.173387 0.626623 0.203629 0.623377 0.207661 0.577922 0.207661 0.576299 0.205645 0.571429 0.205645 0.573052 0.203629 0.573539 0.195161 0.573864 0.186694 0.573539 0.180040 0.573214 0.174395 0.573701 0.170363 0.573052 0.165323 0.573377 0.162298 0.574675 0.157258 0.576299 0.155242 0.576299 0.151210 0.577922 0.149194 0.577922 0.143145 0.579545 0.141129
7 0.976640 0.178246 0.976315 0.169173 0.634724 0.171290 0.635390 0.179657
9 0.566964 0.181996 0.566640 0.174738 0.007955 0.208306 0.010000 0.218770
4 0.306818 0.602823 0.305195 0.604839 0.305195 0.608871 0.303571 0.610887 0.303571 0.616935 0.301948 0.618952 0.301948 0.625000 0.300325 0.627016 0.300325 0.631048 0.301948 0.633065 0.301948 0.635081 0.303571 0.637097 0.300325 0.641129 0.300325 0.663306 0.301948 0.665323 0.303571 0.665323 0.305195 0.667339 0.344156 0.667339 0.345779 0.665323 0.350649 0.665323 0.350649 0.641129 0.349026 0.639113 0.345779 0.639113 0.344156 0.637097 0.345779 0.635081 0.349026 0.635081 0.349026 0.633065 0.350649 0.631048 0.350649 0.627016 0.349026 0.625000 0.349026 0.618952 0.347403 0.616935 0.347403 0.612903 0.345779 0.610887 0.345779 0.606855 0.344156 0.604839 0.342532 0.604839 0.340909 0.602823
1 0.761364 0.473790 0.753247 0.473790 0.753247 0.475806 0.751623 0.477823 0.750000 0.477823 0.748377 0.475806 0.732143 0.475806 0.730519 0.473790 0.725649 0.473790 0.724026 0.475806 0.722403 0.473790 0.717532 0.473790 0.715909 0.475806 0.714286 0.475806 0.714286 0.483871 0.712662 0.485887 0.712662 0.497984 0.714286 0.500000 0.756494 0.500000 0.758117 0.502016 0.759740 0.502016 0.761364 0.500000 0.762987 0.500000 0.764610 0.497984 0.764610 0.493952 0.762987 0.491935 0.762987 0.485887 0.764610 0.483871 0.764610 0.479839 0.762987 0.477823 0.762987 0.475806 0.761364 0.473790 0.762987 0.469758 0.762987 0.467742 0.764610 0.465726 0.764610 0.461694 0.762987 0.459677 0.762987 0.453629 0.761364 0.451613 0.761364 0.445565 0.759740 0.443548 0.759740 0.439516 0.758117 0.437500 0.720779 0.437500 0.719156 0.439516 0.719156 0.443548 0.717532 0.445565 0.717532 0.449597 0.715909 0.451613 0.715909 0.457661 0.714286 0.459677 0.714286 0.467742 0.720779 0.467742 0.722403 0.465726 0.732143 0.465726 0.733766 0.467742 0.746753 0.467742 0.748377 0.465726 0.754870 0.465726 0.758117 0.469758 0.762987 0.469758
4 0.771104 0.262097 0.769481 0.264113 0.769481 0.268145 0.767857 0.270161 0.767857 0.276210 0.766234 0.278226 0.766234 0.284274 0.764610 0.286290 0.764610 0.290323 0.766234 0.292339 0.766234 0.298387 0.764610 0.300403 0.764610 0.322581 0.766234 0.324597 0.798701 0.324597 0.800325 0.326613 0.801948 0.326613 0.803571 0.324597 0.813312 0.324597 0.814935 0.322581 0.814935 0.300403 0.813312 0.298387 0.813312 0.292339 0.814935 0.290323 0.814935 0.284274 0.813312 0.282258 0.813312 0.278226 0.811688 0.276210 0.811688 0.272177 0.810065 0.270161 0.810065 0.264113 0.808442 0.264113 0.806818 0.262097
4 0.047078 0.802419 0.045455 0.804435 0.043831 0.804435 0.043831 0.808468 0.042208 0.810484 0.042208 0.814516 0.040584 0.816532 0.040584 0.824597 0.038961 0.826613 0.038961 0.830645 0.040584 0.832661 0.040584 0.838710 0.038961 0.840726 0.038961 0.864919 0.042208 0.864919 0.043831 0.866935 0.086039 0.866935 0.087662 0.864919 0.089286 0.864919 0.089286 0.840726 0.086039 0.836694 0.089286 0.832661 0.089286 0.826613 0.087662 0.824597 0.087662 0.818548 0.086039 0.816532 0.086039 0.812500 0.084416 0.810484 0.084416 0.806452 0.082792 0.804435 0.081169 0.804435 0.079545 0.802419
1 0.754870 0.625000 0.753247 0.627016 0.751623 0.627016 0.750000 0.629032 0.750000 0.631048 0.748377 0.633065 0.748377 0.639113 0.746753 0.641129 0.746753 0.645161 0.745130 0.647177 0.745130 0.653226 0.748377 0.657258 0.746753 0.659274 0.746753 0.663306 0.745130 0.665323 0.745130 0.687500 0.787338 0.687500 0.788961 0.689516 0.792208 0.689516 0.793831 0.687500 0.795455 0.687500 0.795455 0.675403 0.797078 0.673387 0.797078 0.671371 0.795455 0.669355 0.795455 0.663306 0.793831 0.661290 0.793831 0.657258 0.795455 0.655242 0.795455 0.647177 0.793831 0.645161 0.793831 0.639113 0.792208 0.637097 0.792208 0.635081 0.790584 0.633065 0.790584 0.627016 0.785714 0.627016 0.784091 0.625000 0.769481 0.625000 0.767857 0.627016 0.761364 0.627016 0.759740 0.625000
9 0.295065 0.663367 0.291315 0.658226 0.096055 0.806794 0.097695 0.813065
9 0.976331 0.631835 0.975844 0.624980 0.805325 0.649536 0.805162 0.656996
9 0.976672 0.443488 0.977679 0.432238 0.826071 0.314819 0.822808 0.323569
6 0.977240 0.542722 0.977240 0.528629 0.780568 0.476230 0.780276 0.492500
