6 0.675335 0.436356 0.675654 0.441719 0.984176 0.509495 0.983964 0.504290
6 0.569501 0.738249 0.569394 0.742192 0.803751 0.735095 0.804176 0.729416
6 0.998937 0.730189 0.999256 0.726246 0.840584 0.728186 0.840478 0.732603
6 0.966281 0.640568 0.964580 0.636625 0.840744 0.717618 0.841063 0.722508
6 0.651860 0.462145 0.643464 0.460252 0.557598 0.710095 0.564612 0.712618
6 0.135685 0.732350 0.135685 0.736136 0.532604 0.742603 0.532030 0.738375
6 0.132880 0.406420 0.129373 0.406735 0.116993 0.706719 0.120925 0.706088
6 0.792795 0.963959 0.792901 0.957019 0.577141 0.974117 0.578098 0.979164
6 0.101594 0.761672 0.097875 0.755205 0.000106 0.884858 0.000000 0.895410 0.000106 0.899685
13 0.122210 0.359621 0.122210 0.361199 0.121148 0.362776 0.121148 0.365931 0.120085 0.367508 0.120085 0.372240 0.119022 0.373817 0.119022 0.395899 0.120085 0.397476 0.121148 0.397476 0.122210 0.399054 0.123273 0.399054 0.124336 0.397476 0.143464 0.397476 0.143464 0.392744 0.144527 0.391167 0.144527 0.384858 0.143464 0.383281 0.143464 0.372240 0.142402 0.370662 0.142402 0.362776 0.141339 0.361199 0.140276 0.361199 0.139214 0.359621
13 0.534538 0.717666 0.534538 0.725552 0.535600 0.727129 0.535600 0.736593 0.534538 0.738170 0.534538 0.742902 0.535600 0.744479 0.535600 0.753943 0.534538 0.755521 0.534538 0.760252 0.535600 0.761830 0.535600 0.763407 0.552604 0.763407 0.553666 0.761830 0.562168 0.761830 0.563231 0.763407 0.564293 0.761830 0.564293 0.741325 0.565356 0.739748 0.565356 0.733438 0.563231 0.730284 0.563231 0.725552 0.564293 0.723975 0.564293 0.720820 0.565356 0.719243 0.565356 0.717666
16 0.110521 0.714511 0.109458 0.716088 0.108395 0.716088 0.107333 0.717666 0.106270 0.717666 0.103082 0.722397 0.103082 0.749211 0.104145 0.750789 0.104145 0.752366 0.105207 0.753943 0.113709 0.753943 0.114772 0.755521 0.122210 0.755521 0.123273 0.753943 0.126461 0.753943 0.126461 0.752366 0.129649 0.747634 0.129649 0.744479 0.130712 0.742902 0.130712 0.728707 0.129649 0.727129 0.129649 0.719243 0.127524 0.716088 0.125399 0.716088 0.124336 0.714511
13 0.642933 0.411672 0.640808 0.414826 0.640808 0.452681 0.641870 0.454259 0.641870 0.455836 0.645058 0.455836 0.646121 0.457413 0.669501 0.457413 0.670563 0.455836 0.671626 0.455836 0.671626 0.446372 0.672689 0.444795 0.672689 0.443218 0.671626 0.441640 0.671626 0.427445 0.672689 0.425868 0.671626 0.424290 0.671626 0.419558 0.672689 0.417981 0.672689 0.414826 0.670563 0.411672
13 0.812965 0.712934 0.809777 0.717666 0.809777 0.749211 0.810840 0.750789 0.833156 0.750789 0.833156 0.747634 0.834219 0.746057 0.834219 0.736593 0.833156 0.735016 0.834219 0.733438 0.834219 0.722397 0.833156 0.720820 0.833156 0.717666 0.832094 0.716088 0.832094 0.714511 0.831031 0.714511 0.829968 0.712934
6 0.118746 0.761861 0.114708 0.761861 0.111594 0.978565 0.115101 0.977776
6 0.841594 0.740521 0.840638 0.745883 0.983932 0.838565 0.985207 0.833675
