13 0.240625 0.142858 0.240625 0.186921 0.270313 0.186921 0.270313 0.142858
16 0.284375 0.606679 0.284375 0.650742 0.314063 0.650742 0.314063 0.606679
6 0.920313 0.60436 0.91875 0.602041 0.914062 0.602041 0.9125 0.60436 0.910937 0.60436 0.909375 0.606679 0.903125 0.606679 0.907813 0.606679 0.909375 0.608998 0.915625 0.608998 0.917188 0.606679 0.91875 0.606679 0.920313 0.60436 0.923438 0.599722 0.928125 0.599722 0.929688 0.597402 0.93125 0.597402 0.932813 0.595083 0.935938 0.590445 0.940625 0.590445 0.942187 0.588126 0.945312 0.588126 0.946875 0.585807 0.946875 0.583488 0.948438 0.581169 0.954688 0.581169 0.95625 0.57885 0.957812 0.57885 0.959375 0.57653 0.959375 0.574211 0.960938 0.571892 0.967188 0.571892 0.96875 0.569573 0.976562 0.569573 0.976562 0.560297 0.960938 0.560297 0.960938 0.571892 0.959375 0.574211 0.953125 0.574211 0.951563 0.57653 0.95 0.57653 0.948438 0.57885 0.948438 0.581169 0.946875 0.583488 0.939063 0.583488 0.9375 0.585807 0.935938 0.585807 0.935938 0.590445 0.932813 0.595083 0.93125 0.592764 0.928125 0.592764 0.926562 0.595083 0.923438 0.595083 0.921875 0.597402 0.923438 0.599722
16 0.865625 0.606679 0.865625 0.650742 0.890625 0.650742 0.892188 0.648423 0.89375 0.648423 0.895312 0.646104 0.895312 0.639146 0.896875 0.636827 0.901563 0.636827 0.901563 0.625232 0.896875 0.625232 0.895312 0.622913 0.895312 0.618274 0.89375 0.615955 0.89375 0.606679
13 0.534375 0.0964758 0.534375 0.140539 0.564063 0.140539 0.564063 0.108071 0.559375 0.108071 0.557813 0.105752 0.557813 0.0964758
6 0.253125 0.18924 0.253125 0.26577 0.257813 0.26577 0.259375 0.26809 0.259375 0.270409 0.260938 0.272728 0.260938 0.291281 0.2625 0.2936 0.2625 0.312152 0.264062 0.314472 0.264062 0.323748 0.265625 0.326067 0.265625 0.333024 0.267188 0.335344 0.267188 0.356216 0.26875 0.358535 0.26875 0.379407 0.270313 0.381726 0.270313 0.391002 0.271875 0.393321 0.271875 0.400279 0.273438 0.402598 0.273438 0.414193 0.275 0.416512 0.275 0.442022 0.276563 0.444341 0.276563 0.455937 0.278125 0.458256 0.278125 0.465213 0.279687 0.467533 0.279687 0.486085 0.28125 0.488404 0.28125 0.516234 0.282813 0.518553 0.282813 0.527829 0.284375 0.530148 0.284375 0.537106 0.285938 0.539425 0.285938 0.553339 0.2875 0.555659 0.2875 0.57885 0.289062 0.581169 0.289062 0.592764 0.290625 0.595083 0.290625 0.60436 0.301563 0.60436 0.301563 0.592764 0.296875 0.592764 0.29375 0.588126 0.29375 0.564935 0.292188 0.562616 0.292188 0.537106 0.290625 0.534787 0.290625 0.52551 0.289062 0.523191 0.289062 0.513915 0.2875 0.511596 0.2875 0.493043 0.285938 0.490724 0.285938 0.467533 0.284375 0.465213 0.284375 0.458256 0.282813 0.455937 0.282813 0.44898 0.28125 0.446661 0.28125 0.428108 0.279687 0.425789 0.279687 0.402598 0.278125 0.400279 0.278125 0.391002 0.276563 0.388683 0.276563 0.379407 0.275 0.377087 0.275 0.358535 0.273438 0.356216 0.273438 0.330705 0.271875 0.328386 0.271875 0.321429 0.270313 0.31911 0.270313 0.309833 0.26875 0.307514 0.26875 0.284323 0.267188 0.282004 0.267188 0.26577 0.265625 0.263451 0.265625 0.254175 0.264062 0.251856 0.264062 0.24026 0.2625 0.237941 0.2625 0.212431 0.260938 0.210112 0.260938 0.200835 0.259375 0.198516 0.259375 0.18924
13 0.965625 0.0779229 0.965625 0.121986 0.99375 0.121986 0.99375 0.0918375 0.992188 0.0895184 0.992188 0.0779229
6 0.45625 0.115029 0.45625 0.121986 0.453125 0.126624 0.440625 0.126624 0.439063 0.128943 0.414062 0.128943 0.4125 0.131262 0.404687 0.131262 0.403125 0.133581 0.396875 0.133581 0.395313 0.135901 0.385938 0.135901 0.384375 0.13822 0.35625 0.13822 0.354688 0.140539 0.346875 0.140539 0.345313 0.142858 0.342187 0.142858 0.340625 0.145177 0.33125 0.145177 0.329688 0.147496 0.298438 0.147496 0.296875 0.149815 0.2875 0.149815 0.285938 0.152134 0.279687 0.152134 0.278125 0.154453 0.271875 0.154453 0.271875 0.168368 0.289062 0.168368 0.289062 0.161411 0.292188 0.156772 0.301563 0.156772 0.303125 0.154453 0.332813 0.154453 0.334375 0.152134 0.34375 0.152134 0.345313 0.149815 0.348438 0.149815 0.35 0.147496 0.3625 0.147496 0.364063 0.145177 0.39375 0.145177 0.395313 0.142858 0.403125 0.142858 0.404687 0.140539 0.410938 0.140539 0.4125 0.13822 0.428125 0.13822 0.429688 0.135901 0.45 0.135901 0.451562 0.133581 0.459375 0.133581 0.460938 0.131262 0.467187 0.131262 0.46875 0.128943 0.479688 0.128943 0.48125 0.126624 0.503125 0.126624 0.504687 0.124305 0.514063 0.124305 0.515625 0.121986 0.520312 0.121986 0.520312 0.115029
6 0.654688 0.115029 0.653125 0.112709 0.642188 0.112709 0.640625 0.11039 0.565625 0.11039 0.565625 0.121986 0.654688 0.121986 0.654688 0.115029 0.692187 0.103433 0.696875 0.103433 0.698438 0.105752 0.723437 0.105752 0.725 0.108071 0.851562 0.108071 0.853125 0.105752 0.854688 0.108071 0.860938 0.108071 0.8625 0.105752 0.90625 0.105752 0.907813 0.103433 0.920313 0.103433 0.920313 0.0964758 0.692187 0.0964758 0.692187 0.103433
6 0.315625 0.625232 0.315625 0.641465 0.8625 0.641465 0.8625 0.625232
6 0.984375 0.124305 0.984375 0.142858 0.990625 0.142858 0.992188 0.145177 0.992188 0.147496 0.99375 0.149815 0.99375 0.154453 0.996875 0.159092 0.998438 0.159092 0.998438 0.135901 0.996875 0.135901 0.99375 0.131262 0.99375 0.124305
