6 0.437641 0.762366 0.437322 0.768360 0.707662 0.954132 0.707662 0.945678
19 0.736451 0.946372 0.734325 0.946372 0.731137 0.941640 0.719447 0.941640 0.717322 0.944795 0.716259 0.944795 0.715197 0.946372 0.713071 0.946372 0.712009 0.947950 0.709883 0.944795 0.709883 0.943218 0.708820 0.943218 0.708820 0.962145 0.709883 0.963722 0.709883 0.968454 0.710946 0.970032 0.710946 0.973186 0.712009 0.974763 0.712009 0.977918 0.713071 0.977918 0.714134 0.979495 0.734325 0.979495 0.735388 0.977918 0.737513 0.977918 0.737513 0.976341 0.738576 0.974763 0.738576 0.951104 0.739639 0.949527 0.738576 0.947950 0.737513 0.947950 0.736451 0.946372 0.739639 0.938486 0.714134 0.938486 0.712009 0.938486 0.714134 0.938486 0.739639 0.938486 0.739639 0.938486
13 0.416578 0.731861 0.415515 0.733438 0.411265 0.733438 0.409139 0.736593 0.409139 0.738170 0.408077 0.739748 0.408077 0.752366 0.407014 0.753943 0.407014 0.769716 0.408077 0.771293 0.429330 0.771293 0.430393 0.769716 0.431456 0.769716 0.431456 0.752366 0.430393 0.750789 0.430393 0.738170 0.429330 0.736593 0.429330 0.735016 0.428268 0.735016 0.427205 0.733438 0.426142 0.733438 0.425080 0.731861
13 0.410202 0.436909 0.409139 0.438486 0.409139 0.441640 0.408077 0.443218 0.408077 0.463722 0.407014 0.465300 0.407014 0.468454 0.408077 0.470032 0.408077 0.473186 0.429330 0.473186 0.431456 0.470032 0.431456 0.457413 0.430393 0.455836 0.430393 0.443218 0.429330 0.441640 0.429330 0.438486 0.428268 0.436909
12 0.641870 0.441640 0.640808 0.443218 0.640808 0.458991 0.639745 0.460568 0.639745 0.463722 0.640808 0.465300 0.640808 0.482650 0.641870 0.484227 0.645058 0.484227 0.646121 0.485804 0.647184 0.484227 0.652497 0.484227 0.653560 0.485804 0.654623 0.484227 0.670563 0.484227 0.670563 0.481073 0.671626 0.479495 0.671626 0.477918 0.670563 0.476341 0.670563 0.443218 0.669501 0.441640
12 0.788523 0.482650 0.786397 0.485804 0.785335 0.485804 0.784272 0.487382 0.784272 0.498423 0.783209 0.500000 0.783209 0.504732 0.784272 0.506309 0.784272 0.511041 0.783209 0.512618 0.783209 0.520505 0.784272 0.522082 0.804463 0.522082 0.805526 0.523659 0.809777 0.523659 0.810840 0.522082 0.810840 0.520505 0.811902 0.518927 0.811902 0.511041 0.810840 0.509464 0.810840 0.493691 0.809777 0.492114 0.809777 0.490536 0.808714 0.488959 0.808714 0.487382 0.806589 0.484227 0.806589 0.482650
19 0.478215 0.917981 0.475027 0.922713 0.472901 0.922713 0.471838 0.921136 0.469713 0.921136 0.468650 0.919558 0.450584 0.919558 0.450584 0.924290 0.451647 0.925868 0.451647 0.927445 0.450584 0.929022 0.450584 0.951104 0.451647 0.952681 0.451647 0.954259 0.453773 0.957413 0.454835 0.957413 0.455898 0.958991 0.456961 0.958991 0.458023 0.960568 0.461211 0.960568 0.462274 0.962145 0.469713 0.962145 0.470776 0.960568 0.475027 0.960568 0.476089 0.958991 0.477152 0.958991 0.479277 0.955836 0.479277 0.919558
6 0.706823 0.966136 0.706929 0.957776 0.483114 0.939795 0.483433 0.945946
6 0.676610 0.465852 0.677173 0.474511 0.779065 0.502050 0.779277 0.489905
6 0.816068 0.505174 0.816397 0.511530 0.972200 0.556530 0.972200 0.547681
6 0.420903 0.479953 0.418927 0.479953 0.417960 0.727839 0.422731 0.726625
6 0.424272 0.779653 0.430542 0.779180 0.460117 0.904274 0.458629 0.914369
6 0.439416 0.453502 0.438533 0.461025 0.638629 0.468549 0.638406 0.460047
