6 0.085228 0.407429 0.085590 0.421293 0.907067 0.387744 0.907067 0.369164
6 0.618438 0.598722 0.618225 0.584338 0.084835 0.415205 0.084973 0.428943
6 0.900340 0.406845 0.891116 0.398817 0.654442 0.575536 0.656780 0.589416
16 0.946865 0.345426 0.946865 0.350158 0.945802 0.351735 0.945802 0.353312 0.944740 0.354890 0.941552 0.354890 0.940489 0.353312 0.939426 0.353312 0.938363 0.351735 0.931987 0.351735 0.930925 0.350158 0.929862 0.351735 0.922423 0.351735 0.920298 0.354890 0.917109 0.354890 0.916047 0.356467 0.912859 0.356467 0.911796 0.354890 0.911796 0.362776 0.910733 0.364353 0.910733 0.375394 0.911796 0.376972 0.911796 0.380126 0.910733 0.381703 0.910733 0.389590 0.911796 0.391167 0.911796 0.397476 0.914984 0.397476 0.916047 0.399054 0.917109 0.399054 0.918172 0.400631 0.921360 0.400631 0.922423 0.402208 0.928799 0.402208 0.929862 0.400631 0.936238 0.400631 0.937301 0.399054 0.939426 0.399054 0.940489 0.397476 0.941552 0.397476 0.942614 0.395899 0.943677 0.395899 0.944740 0.394322 0.945802 0.394322 0.946865 0.392744 0.946865 0.388013 0.947928 0.386435 0.947928 0.384858 0.946865 0.383281 0.946865 0.361199 0.947928 0.359621 0.947928 0.354890 0.946865 0.353312
16 0.052072 0.392744 0.052072 0.405363 0.053135 0.406940 0.053135 0.436909 0.058448 0.436909 0.059511 0.435331 0.060574 0.436909 0.070138 0.436909 0.071201 0.438486 0.079702 0.438486 0.080765 0.436909 0.078640 0.433754 0.078640 0.432177 0.079702 0.430599 0.079702 0.427445 0.080765 0.425868 0.080765 0.403785 0.079702 0.402208 0.079702 0.399054 0.078640 0.397476 0.079702 0.395899 0.079702 0.394322 0.080765 0.392744 0.077577 0.392744 0.077577 0.395899 0.076514 0.397476 0.075452 0.397476 0.074389 0.395899 0.072264 0.395899 0.071201 0.394322 0.065887 0.394322 0.064825 0.392744 0.063762 0.392744 0.062699 0.394322 0.061637 0.394322 0.060574 0.395899 0.057386 0.395899 0.056323 0.394322 0.055260 0.394322 0.054198 0.392744
13 0.935175 0.110410 0.933050 0.113565 0.933050 0.115142 0.931987 0.116719 0.931987 0.118297 0.930925 0.119874 0.930925 0.138801 0.929862 0.140379 0.929862 0.146688 0.930925 0.148265 0.936238 0.148265 0.937301 0.149842 0.952179 0.149842 0.953241 0.148265 0.954304 0.148265 0.955367 0.146688 0.954304 0.145110 0.954304 0.130915 0.955367 0.129338 0.955367 0.123028 0.954304 0.121451 0.954304 0.116719 0.953241 0.115142 0.953241 0.113565 0.952179 0.111987 0.951116 0.111987 0.950053 0.110410 0.948990 0.111987 0.938363 0.111987 0.937301 0.110410
6 0.940276 0.157587 0.944208 0.157587 0.934378 0.343265 0.930234 0.342319
6 0.943443 0.099937 0.937705 0.100883 0.922912 0.000678 0.926748 0.000000 0.927396 0.000000
16 0.642614 0.578233 0.639532 0.577287 0.635919 0.575552 0.629649 0.578233 0.626461 0.581073 0.624655 0.582492 0.623592 0.587382 0.623592 0.595110 0.623273 0.601262 0.623273 0.608360 0.626036 0.610095 0.627736 0.611672 0.630925 0.613091 0.633475 0.614353 0.639426 0.614669 0.642083 0.614196 0.643996 0.612934 0.645696 0.611830 0.646652 0.610410 0.647503 0.608517 0.648778 0.605994 0.648990 0.605205 0.649203 0.604890 0.648884 0.603628 0.648990 0.602366 0.648990 0.600315 0.649097 0.598265 0.648990 0.595741 0.648884 0.593060 0.648990 0.589432 0.648778 0.586751 0.648459 0.583438 0.647503 0.580915 0.645271 0.580284
6 0.040074 0.018249 0.047811 0.018470 0.070457 0.388959 0.062062 0.389117
