4 0.449675 0.497984 0.448052 0.500000 0.448052 0.504032 0.446429 0.506048 0.446429 0.512097 0.444805 0.514113 0.444805 0.518145 0.443182 0.520161 0.443182 0.528226 0.444805 0.528226 0.446429 0.530242 0.443182 0.534274 0.443182 0.560484 0.444805 0.560484 0.446429 0.562500 0.451299 0.562500 0.452922 0.560484 0.483766 0.560484 0.485390 0.562500 0.487013 0.560484 0.493506 0.560484 0.493506 0.534274 0.491883 0.532258 0.490260 0.532258 0.488636 0.530242 0.490260 0.528226 0.493506 0.528226 0.493506 0.522177 0.491883 0.520161 0.491883 0.514113 0.490260 0.512097 0.490260 0.508065 0.488636 0.506048 0.488636 0.500000 0.487013 0.500000 0.485390 0.497984
7 0.434058 0.523528 0.434286 0.513548 0.000000 0.385141 0.000000 0.391996 0.000000 0.392077
9 0.219416 0.246855 0.218766 0.236613 0.000000 0.244234 0.000000 0.253145
9 0.390893 0.001069 0.370925 0.000665 0.000341 0.122702 0.000016 0.132379
9 0.706364 0.464879 0.705227 0.457016 0.500016 0.517661 0.501315 0.524919
9 0.501737 0.569093 0.498490 0.574133 0.585049 0.691452 0.589107 0.683589
9 0.984594 0.436714 0.985081 0.430060 0.775065 0.444778 0.773604 0.452621
9 0.999513 0.241593 1.000000 0.250060 1.000000 0.250060 0.943019 0.249052 0.943506 0.239778
2 0.233766 0.207661 0.232143 0.209677 0.232143 0.211694 0.230519 0.213710 0.230519 0.221774 0.228896 0.223790 0.228896 0.227823 0.227273 0.229839 0.227273 0.268145 0.228896 0.270161 0.269481 0.270161 0.271104 0.268145 0.272727 0.270161 0.275974 0.270161 0.275974 0.252016 0.277597 0.250000 0.275974 0.247984 0.275974 0.237903 0.277597 0.235887 0.277597 0.231855 0.275974 0.229839 0.275974 0.223790 0.274351 0.221774 0.274351 0.215726 0.272727 0.213710 0.272727 0.209677 0.269481 0.209677 0.267857 0.207661
4 0.891234 0.211694 0.889610 0.213710 0.889610 0.215726 0.887987 0.217742 0.887987 0.225806 0.886364 0.227823 0.886364 0.231855 0.884740 0.233871 0.884740 0.239919 0.886364 0.241935 0.899351 0.241935 0.900974 0.243952 0.899351 0.245968 0.887987 0.245968 0.884740 0.250000 0.884740 0.272177 0.886364 0.274194 0.933442 0.274194 0.935065 0.272177 0.935065 0.252016 0.933442 0.250000 0.933442 0.247984 0.931818 0.245968 0.920455 0.245968 0.918831 0.243952 0.920455 0.241935 0.933442 0.241935 0.935065 0.239919 0.935065 0.235887 0.933442 0.233871 0.933442 0.227823 0.931818 0.225806 0.931818 0.221774 0.930195 0.219758 0.930195 0.213710 0.928571 0.213710 0.926948 0.211694
4 0.599026 0.695565 0.597403 0.697581 0.595779 0.697581 0.595779 0.703629 0.594156 0.705645 0.594156 0.709677 0.592532 0.711694 0.592532 0.715726 0.590909 0.717742 0.590909 0.725806 0.592532 0.727823 0.594156 0.727823 0.595779 0.729839 0.594156 0.731855 0.592532 0.731855 0.590909 0.733871 0.590909 0.758065 0.594156 0.758065 0.595779 0.760081 0.605519 0.760081 0.607143 0.758065 0.610390 0.758065 0.612013 0.760081 0.637987 0.760081 0.641234 0.756048 0.641234 0.733871 0.637987 0.729839 0.641234 0.725806 0.641234 0.719758 0.639610 0.717742 0.639610 0.711694 0.637987 0.709677 0.637987 0.703629 0.636364 0.701613 0.636364 0.699597 0.633117 0.695565
4 0.719156 0.419355 0.719156 0.427419 0.717532 0.429435 0.717532 0.431452 0.715909 0.433468 0.715909 0.435484 0.714286 0.437500 0.714286 0.449597 0.717532 0.449597 0.719156 0.451613 0.715909 0.455645 0.712662 0.455645 0.712662 0.459677 0.714286 0.461694 0.714286 0.463710 0.712662 0.465726 0.712662 0.481855 0.714286 0.481855 0.715909 0.483871 0.735390 0.483871 0.737013 0.481855 0.741883 0.481855 0.743506 0.483871 0.745130 0.481855 0.756494 0.481855 0.758117 0.483871 0.761364 0.483871 0.762987 0.481855 0.764610 0.481855 0.766234 0.479839 0.766234 0.457661 0.764610 0.455645 0.764610 0.441532 0.762987 0.439516 0.762987 0.435484 0.761364 0.433468 0.761364 0.429435 0.759740 0.427419 0.759740 0.419355
4 0.012987 0.469758 0.012987 0.506048 0.006494 0.514113 0.006494 0.516129 0.000000 0.524194 0.000000 0.532258 0.038961 0.532258 0.040584 0.530242 0.040584 0.506048 0.038961 0.504032 0.038961 0.502016 0.040584 0.500000 0.040584 0.491935 0.038961 0.489919 0.038961 0.485887 0.037338 0.483871 0.037338 0.477823 0.035714 0.475806 0.035714 0.471774 0.034091 0.471774 0.032468 0.469758
4 0.688312 0.000000 0.688312 0.004032 0.689935 0.006048 0.689935 0.008065 0.701299 0.008065 0.701299 0.006048 0.702922 0.004032 0.704545 0.004032 0.706169 0.006048 0.706169 0.010081 0.704545 0.012097 0.693182 0.012097 0.691558 0.014113 0.689935 0.014113 0.688312 0.016129 0.688312 0.038306 0.689935 0.040323 0.737013 0.040323 0.738636 0.038306 0.738636 0.016129 0.735390 0.012097 0.714286 0.012097 0.712662 0.010081 0.714286 0.008065 0.722403 0.008065 0.725649 0.004032 0.727273 0.004032 0.730519 0.008065 0.737013 0.008065 0.738636 0.006048 0.738636 0.000000
