9 0.901668 0.870110 0.903900 0.876893 0.864261 0.935095 0.857566 0.934779
9 0.948257 0.817713 0.944113 0.813454 0.985239 0.764243 0.986089 0.771498
6 0.984400 0.632492 0.983836 0.622319 0.726259 0.780032 0.729554 0.788218
6 0.917609 0.292744 0.924091 0.294164 0.721126 0.769038 0.716578 0.764653
6 0.962030 0.276562 0.953847 0.278454 0.985409 0.299905 0.985409 0.292334
6 0.681105 0.452003 0.680510 0.443675 0.909734 0.274495 0.911116 0.281593
4 0.643996 0.436909 0.642933 0.438486 0.638682 0.438486 0.639745 0.440063 0.639745 0.452681 0.638682 0.454259 0.638682 0.481073 0.637620 0.482650 0.637620 0.485804 0.638682 0.487382 0.638682 0.488959 0.645058 0.488959 0.646121 0.490536 0.651435 0.490536 0.652497 0.488959 0.666312 0.488959 0.667375 0.490536 0.670563 0.490536 0.671626 0.488959 0.674814 0.488959 0.675877 0.487382 0.675877 0.476341 0.674814 0.474763 0.674814 0.452681 0.673751 0.451104 0.673751 0.441640 0.671626 0.438486 0.671626 0.436909
1 0.936238 0.235016 0.935175 0.236593 0.919235 0.236593 0.919235 0.239748 0.918172 0.241325 0.918172 0.246057 0.917109 0.247634 0.917109 0.250789 0.916047 0.252366 0.916047 0.283912 0.917109 0.285489 0.946865 0.285489 0.948990 0.282334 0.948990 0.269716 0.947928 0.268139 0.947928 0.258675 0.948990 0.257098 0.948990 0.253943 0.947928 0.252366 0.947928 0.249211 0.946865 0.247634 0.946865 0.239748 0.944740 0.236593 0.942614 0.236593 0.941552 0.235016
1 0.706695 0.772871 0.705632 0.774448 0.691817 0.774448 0.690755 0.776025 0.690755 0.777603 0.689692 0.779180 0.689692 0.783912 0.688629 0.785489 0.688629 0.796530 0.689692 0.798107 0.689692 0.799685 0.688629 0.801262 0.688629 0.821767 0.690755 0.821767 0.691817 0.823344 0.695005 0.823344 0.696068 0.821767 0.720510 0.821767 0.720510 0.801262 0.719447 0.799685 0.719447 0.798107 0.720510 0.796530 0.720510 0.788644 0.719447 0.787066 0.719447 0.783912 0.718385 0.782334 0.718385 0.779180 0.717322 0.777603 0.717322 0.776025 0.716259 0.774448 0.714134 0.774448 0.713071 0.772871
3 0.924548 0.817035 0.923486 0.818612 0.911796 0.818612 0.909671 0.821767 0.909671 0.829653 0.908608 0.831230 0.908608 0.834385 0.907545 0.835962 0.907545 0.864353 0.909671 0.867508 0.939426 0.867508 0.940489 0.865931 0.940489 0.850158 0.939426 0.848580 0.939426 0.842271 0.940489 0.840694 0.940489 0.834385 0.939426 0.832808 0.939426 0.828076 0.938363 0.826498 0.938363 0.821767 0.937301 0.820189 0.937301 0.818612 0.936238 0.818612 0.935175 0.817035
