6 0.897875 0.000315 0.892880 0.000473 0.998959 0.140836 0.999702 0.134685
1 0.657811 0.725552 0.656748 0.727129 0.653560 0.727129 0.653560 0.728707 0.652497 0.730284 0.652497 0.735016 0.651435 0.736593 0.651435 0.741325 0.650372 0.742902 0.650372 0.774448 0.653560 0.774448 0.654623 0.776025 0.664187 0.776025 0.665250 0.774448 0.666312 0.774448 0.667375 0.776025 0.670563 0.776025 0.671626 0.774448 0.675877 0.774448 0.676939 0.776025 0.678002 0.774448 0.682253 0.774448 0.683316 0.772871 0.683316 0.761830 0.682253 0.760252 0.682253 0.750789 0.683316 0.749211 0.683316 0.742902 0.682253 0.741325 0.682253 0.738170 0.681190 0.736593 0.681190 0.730284 0.679065 0.727129 0.678002 0.727129 0.676939 0.725552 0.666312 0.725552 0.665250 0.727129 0.660999 0.727129 0.659936 0.725552
1 0.976621 0.608833 0.975558 0.610410 0.952179 0.610410 0.951116 0.611987 0.943677 0.611987 0.942614 0.610410 0.941552 0.610410 0.940489 0.611987 0.938363 0.611987 0.938363 0.668770 0.939426 0.668770 0.940489 0.670347 0.942614 0.670347 0.943677 0.668770 0.948990 0.668770 0.950053 0.670347 0.951116 0.670347 0.952179 0.668770 0.973433 0.668770 0.974495 0.670347 0.977683 0.670347 0.978746 0.668770 0.978746 0.648265 0.977683 0.646688 0.978746 0.645110 0.978746 0.640379 0.977683 0.638801 0.977683 0.616719 0.978746 0.615142 0.978746 0.610410 0.977683 0.608833
1 0.923486 0.421136 0.922423 0.422713 0.904357 0.422713 0.902232 0.425868 0.902232 0.432177 0.901169 0.433754 0.901169 0.436909 0.900106 0.438486 0.900106 0.471609 0.931987 0.471609 0.933050 0.470032 0.933050 0.454259 0.931987 0.452681 0.931987 0.446372 0.933050 0.444795 0.933050 0.441640 0.931987 0.440063 0.931987 0.433754 0.930925 0.432177 0.930925 0.425868 0.928799 0.422713 0.924548 0.422713
3 0.595112 0.507886 0.594049 0.509464 0.592986 0.509464 0.591923 0.511041 0.582359 0.511041 0.581296 0.509464 0.579171 0.509464 0.578108 0.511041 0.560043 0.511041 0.560043 0.522082 0.560043 0.520505 0.561105 0.518927 0.563231 0.518927 0.564293 0.520505 0.564293 0.523659 0.563231 0.525237 0.561105 0.525237 0.561105 0.531546 0.560043 0.533123 0.560043 0.566246 0.561105 0.567823 0.565356 0.567823 0.566419 0.566246 0.570670 0.566246 0.571732 0.564669 0.598300 0.564669 0.599362 0.563091 0.599362 0.559937 0.600425 0.558360 0.600425 0.547319 0.599362 0.545741 0.599362 0.542587 0.600425 0.541009 0.600425 0.529968 0.598300 0.526814 0.598300 0.523659 0.597237 0.522082 0.597237 0.515773 0.596174 0.514196 0.596174 0.512618 0.599362 0.507886
2 0.091392 0.826498 0.090329 0.828076 0.088204 0.828076 0.088204 0.829653 0.087141 0.831230 0.087141 0.837539 0.086079 0.839117 0.086079 0.856467 0.085016 0.858044 0.085016 0.873817 0.086079 0.875394 0.090329 0.875394 0.091392 0.876972 0.108395 0.876972 0.109458 0.875394 0.111583 0.875394 0.112646 0.876972 0.114772 0.876972 0.115834 0.875394 0.116897 0.875394 0.117960 0.873817 0.117960 0.872240 0.116897 0.870662 0.116897 0.839117 0.115834 0.837539 0.115834 0.834385 0.114772 0.832808 0.114772 0.828076 0.109458 0.828076 0.108395 0.826498 0.106270 0.826498 0.105207 0.828076 0.092455 0.828076
2 0.212540 0.134069 0.211477 0.135647 0.210414 0.135647 0.210414 0.137224 0.209352 0.138801 0.209352 0.140379 0.208289 0.141956 0.208289 0.160883 0.207226 0.162461 0.207226 0.182965 0.238045 0.182965 0.239107 0.181388 0.239107 0.146688 0.238045 0.145110 0.238045 0.140379 0.236982 0.138801 0.236982 0.135647 0.235919 0.134069 0.233794 0.134069 0.232731 0.135647 0.228480 0.135647 0.227418 0.134069
2 0.111583 0.268139 0.110521 0.269716 0.109458 0.269716 0.109458 0.271293 0.108395 0.272871 0.108395 0.276025 0.107333 0.277603 0.107333 0.283912 0.106270 0.285489 0.106270 0.315457 0.107333 0.317035 0.108395 0.317035 0.109458 0.318612 0.117960 0.318612 0.119022 0.317035 0.124336 0.317035 0.125399 0.318612 0.133900 0.318612 0.134963 0.317035 0.138151 0.317035 0.138151 0.280757 0.137088 0.279180 0.137088 0.276025 0.136026 0.274448 0.136026 0.269716 0.129649 0.269716 0.128587 0.268139 0.121148 0.268139 0.120085 0.269716 0.113709 0.269716 0.112646 0.268139
4 0.638682 0.421136 0.638682 0.422713 0.637620 0.424290 0.637620 0.429022 0.638682 0.430599 0.638682 0.432177 0.637620 0.433754 0.637620 0.476341 0.638682 0.477918 0.639745 0.476341 0.670563 0.476341 0.671626 0.474763 0.673751 0.474763 0.674814 0.473186 0.674814 0.436909 0.673751 0.435331 0.673751 0.425868 0.671626 0.422713 0.667375 0.422713 0.666312 0.421136 0.654623 0.421136 0.653560 0.422713 0.652497 0.421136
3 0.774708 0.182965 0.773645 0.184543 0.773645 0.186120 0.772582 0.187697 0.772582 0.194006 0.771520 0.195584 0.771520 0.198738 0.770457 0.200315 0.770457 0.209779 0.771520 0.211356 0.770457 0.212934 0.770457 0.231861 0.771520 0.233438 0.785335 0.233438 0.786397 0.231861 0.790648 0.231861 0.791711 0.233438 0.802338 0.233438 0.802338 0.231861 0.803401 0.230284 0.803401 0.214511 0.802338 0.212934 0.802338 0.195584 0.801275 0.194006 0.801275 0.189274 0.800213 0.187697 0.800213 0.184543 0.799150 0.182965
1 0.326249 0.440063 0.325186 0.441640 0.307120 0.441640 0.304995 0.444795 0.304995 0.449527 0.303932 0.451104 0.303932 0.457413 0.302869 0.458991 0.302869 0.463722 0.301807 0.465300 0.301807 0.470032 0.302869 0.471609 0.302869 0.488959 0.301807 0.490536 0.302869 0.492114 0.318810 0.492114 0.319872 0.493691 0.335813 0.493691 0.337938 0.490536 0.337938 0.479495 0.336876 0.477918 0.336876 0.470032 0.337938 0.468454 0.337938 0.458991 0.336876 0.457413 0.336876 0.449527 0.335813 0.447950 0.335813 0.444795 0.333688 0.441640 0.331562 0.441640 0.330499 0.440063
3 0.160468 0.465300 0.158342 0.468454 0.145590 0.468454 0.144527 0.466877 0.140276 0.466877 0.139214 0.468454 0.131775 0.468454 0.129649 0.471609 0.129649 0.479495 0.128587 0.481073 0.128587 0.495268 0.127524 0.496845 0.128587 0.498423 0.128587 0.520505 0.129649 0.522082 0.131775 0.522082 0.132837 0.520505 0.161530 0.520505 0.162593 0.518927 0.163656 0.518927 0.163656 0.492114 0.164718 0.490536 0.163656 0.488959 0.163656 0.479495 0.162593 0.477918 0.162593 0.476341 0.160468 0.473186 0.161530 0.471609 0.163656 0.471609 0.164718 0.470032 0.164718 0.465300
3 0.568544 0.129338 0.567481 0.130915 0.565356 0.130915 0.564293 0.132492 0.562168 0.132492 0.561105 0.134069 0.554729 0.134069 0.554729 0.137224 0.551541 0.141956 0.551541 0.143533 0.550478 0.145110 0.550478 0.149842 0.549416 0.151420 0.549416 0.154574 0.548353 0.156151 0.548353 0.164038 0.549416 0.165615 0.549416 0.173502 0.548353 0.175079 0.548353 0.187697 0.584485 0.187697 0.585547 0.189274 0.588735 0.189274 0.588735 0.184543 0.587673 0.182965 0.587673 0.178233 0.588735 0.176656 0.588735 0.173502 0.587673 0.171924 0.587673 0.156151 0.588735 0.154574 0.588735 0.152997 0.587673 0.151420 0.587673 0.140379 0.586610 0.138801 0.586610 0.134069 0.587673 0.132492 0.587673 0.129338 0.583422 0.129338 0.582359 0.130915 0.577046 0.130915 0.575983 0.129338
3 0.500531 0.498423 0.499469 0.500000 0.467588 0.500000 0.466525 0.501577 0.462274 0.501577 0.463337 0.503155 0.463337 0.504732 0.464400 0.506309 0.464400 0.509464 0.463337 0.511041 0.463337 0.512618 0.462274 0.514196 0.462274 0.518927 0.461211 0.520505 0.461211 0.529968 0.462274 0.531546 0.462274 0.533123 0.463337 0.534700 0.463337 0.542587 0.462274 0.544164 0.462274 0.547319 0.461211 0.548896 0.461211 0.555205 0.462274 0.556782 0.467588 0.556782 0.468650 0.555205 0.475027 0.555205 0.476089 0.553628 0.483528 0.553628 0.484591 0.555205 0.488842 0.555205 0.489904 0.553628 0.496281 0.553628 0.497343 0.555205 0.500531 0.555205 0.501594 0.553628 0.500531 0.552050 0.500531 0.545741 0.499469 0.544164 0.499469 0.539432 0.500531 0.537855 0.500531 0.512618 0.501594 0.511041 0.501594 0.498423
9 0.758151 0.000584 0.754644 0.000584 0.781498 0.176120 0.783847 0.175237
6 0.940670 0.418596 0.939394 0.415442 0.999479 0.330221 1.000000 0.332350 1.000000 0.334164
6 0.953050 0.672476 0.957938 0.672476 0.934113 0.933281 0.930393 0.933438
6 0.690287 0.739716 0.690287 0.743975 0.936684 0.650883 0.936185 0.645221
6 0.634612 0.000852 0.631211 0.000994 0.582051 0.126309 0.584708 0.125994
6 0.582572 0.194038 0.579171 0.194669 0.639745 0.394259 0.642827 0.391577
6 0.573103 0.193533 0.569384 0.193060 0.580032 0.504685 0.582370 0.505000
6 0.125058 0.516404 0.124485 0.512823 0.000032 0.618123 0.000032 0.623170
6 0.124240 0.496845 0.124240 0.492902 0.009044 0.492950 0.008512 0.496577
6 0.129309 0.328186 0.125186 0.328612 0.141477 0.460773 0.145186 0.460615
6 0.204283 0.189874 0.200776 0.189085 0.143464 0.266751 0.144633 0.271009
6 0.430648 0.001151 0.425090 0.000931 0.244846 0.141798 0.245675 0.146703
6 0.563146 0.193454 0.560606 0.193139 0.488682 0.494448 0.491020 0.494448
6 0.547014 0.185473 0.547269 0.193423 0.343528 0.443833 0.343422 0.437208
6 0.169107 0.464968 0.169107 0.468596 0.543188 0.001073 0.538087 0.000126
6 0.144612 0.527760 0.141955 0.528233 0.104782 0.819196 0.109139 0.819669
6 0.129065 0.526593 0.130234 0.529432 -0.000000 0.770205 0.000000 0.763943
