9 0.984463 0.207240 0.984251 0.201877 0.630053 0.000394 0.621764 0.000079
7 0.984304 0.247934 0.983645 0.242050 0.541265 0.377003 0.541923 0.382886
6 0.725611 0.688170 0.721360 0.695268 0.877365 0.852208 0.879809 0.840694
6 0.985654 0.298423 0.985972 0.283438 0.721148 0.636751 0.724336 0.644795
6 0.984910 0.730915 0.986397 0.742902 0.920510 0.840852 0.918491 0.833912
4 0.505845 0.359621 0.504782 0.361199 0.502657 0.361199 0.501594 0.362776 0.501594 0.365931 0.500531 0.367508 0.500531 0.370662 0.499469 0.372240 0.499469 0.375394 0.498406 0.376972 0.498406 0.392744 0.497343 0.394322 0.497343 0.414826 0.503719 0.414826 0.504782 0.413249 0.532412 0.413249 0.533475 0.411672 0.533475 0.378549 0.532412 0.376972 0.532412 0.372240 0.531350 0.370662 0.531350 0.364353 0.532412 0.362776 0.530287 0.359621 0.514346 0.359621 0.513284 0.361199 0.512221 0.359621
4 0.483528 0.045741 0.482465 0.047319 0.482465 0.048896 0.481403 0.050473 0.481403 0.056782 0.480340 0.058360 0.480340 0.063091 0.479277 0.064669 0.479277 0.067823 0.480340 0.069401 0.480340 0.074132 0.479277 0.075710 0.479277 0.094637 0.484591 0.094637 0.485654 0.096215 0.489904 0.096215 0.490967 0.094637 0.511158 0.094637 0.512221 0.093060 0.512221 0.074132 0.511158 0.072555 0.511158 0.070978 0.512221 0.069401 0.512221 0.064669 0.511158 0.063091 0.511158 0.058360 0.510096 0.056782 0.510096 0.053628 0.509033 0.052050 0.509033 0.047319 0.507970 0.047319 0.506908 0.045741
2 0.905420 0.843849 0.904357 0.845426 0.885228 0.845426 0.884166 0.847003 0.884166 0.854890 0.883103 0.856467 0.883103 0.859621 0.882040 0.861199 0.882040 0.867508 0.883103 0.869085 0.882040 0.870662 0.882040 0.892744 0.893730 0.892744 0.894793 0.894322 0.896918 0.894322 0.897981 0.892744 0.903294 0.892744 0.904357 0.894322 0.912859 0.894322 0.913921 0.892744 0.914984 0.892744 0.914984 0.862776 0.913921 0.861199 0.913921 0.856467 0.912859 0.854890 0.912859 0.851735 0.911796 0.850158 0.911796 0.845426 0.908608 0.845426 0.907545 0.843849
1 0.688629 0.645110 0.687566 0.646688 0.686504 0.646688 0.686504 0.648265 0.685441 0.649842 0.685441 0.654574 0.684378 0.656151 0.684378 0.662461 0.683316 0.664038 0.683316 0.665615 0.684378 0.667192 0.684378 0.675079 0.683316 0.676656 0.683316 0.678233 0.684378 0.679811 0.684378 0.682965 0.683316 0.684543 0.683316 0.690852 0.684378 0.692429 0.684378 0.694006 0.716259 0.694006 0.716259 0.662461 0.715197 0.660883 0.715197 0.657729 0.714134 0.656151 0.714134 0.652997 0.713071 0.651420 0.713071 0.648265 0.712009 0.646688 0.712009 0.645110 0.696068 0.645110 0.695005 0.646688 0.692880 0.646688 0.691817 0.645110
6 0.984166 0.218833 0.984060 0.213628 0.518353 0.075962 0.518491 0.081451
