7 0.257812 0.337879 0.257812 0.348339 0.253125 0.356183 0.251562 0.356183 0.251562 0.358798 0.246875 0.366643 0.245312 0.366643 0.245312 0.371872 0.242188 0.377102 0.239063 0.377102 0.239063 0.382332 0.235937 0.387561 0.232812 0.387561 0.232812 0.392791 0.23125 0.395406 0.229687 0.395406 0.228125 0.398021 0.226562 0.398021 0.226562 0.400636 0.221875 0.40848 0.220312 0.40848 0.220312 0.411095 0.217187 0.416325 0.215625 0.416325 0.2125 0.421554 0.2125 0.424169 0.210938 0.426784 0.209375 0.426784 0.20625 0.432014 0.20625 0.434629 0.204687 0.437244 0.203125 0.437244 0.182812 0.471237 0.18125 0.471237 0.18125 0.473852 0.178125 0.479081 0.176563 0.479081 0.175 0.481696 0.175 0.484311 0.171875 0.489541 0.170312 0.489541 0.170312 0.492155 0.165625 0.5 0.164062 0.5 0.1625 0.502615 0.1625 0.50523 0.159375 0.510459 0.157812 0.510459 0.15625 0.513074 0.15625 0.515689 0.153125 0.520919 0.151562 0.520919 0.15 0.523534 0.15 0.526148 0.146875 0.531378 0.145313 0.531378 0.14375 0.533993 0.14375 0.536608 0.140625 0.541838 0.139062 0.541838 0.1375 0.544452 0.1375 0.547067 0.134375 0.552297 0.132812 0.552297 0.090625 0.622898 0.084375 0.622898 0.084375 0.635972 0.090625 0.635972 0.09375 0.630743 0.09375 0.628128 0.0953125 0.625513 0.096875 0.625513 0.1 0.620283 0.1 0.617668 0.101562 0.615053 0.103125 0.615053 0.10625 0.609824 0.10625 0.607209 0.107813 0.604594 0.109375 0.604594 0.21875 0.421554 0.220312 0.421554 0.221875 0.41894 0.221875 0.416325 0.226562 0.40848 0.228125 0.40848 0.228125 0.405865 0.23125 0.400636 0.232812 0.400636 0.234375 0.398021 0.234375 0.395406 0.2375 0.390176 0.239063 0.390176 0.240625 0.387561 0.240625 0.384947 0.24375 0.379717 0.245312 0.379717 0.246875 0.377102 0.246875 0.374487 0.25 0.369257 0.251562 0.369257 0.253125 0.366643 0.253125 0.364028 0.25625 0.358798 0.257812 0.358798 0.259375 0.356183 0.259375 0.353568 0.2625 0.348339 0.264062 0.348339 0.265625 0.345724 0.265625 0.337879
13 0.546875 0.285582 0.546875 0.33265 0.571875 0.33265 0.573438 0.330035 0.575 0.330035 0.576562 0.32742 0.576562 0.301271 0.575 0.298656 0.575 0.285582
16 0.046875 0.641202 0.046875 0.701343 0.0828125 0.701343 0.0828125 0.641202
13 0.934375 0.306501 0.934375 0.353568 0.960938 0.353568 0.965625 0.345724 0.970312 0.345724 0.970312 0.324805 0.965625 0.324805 0.964063 0.32219 0.964063 0.306501
12 0.271875 0.285582 0.271875 0.335264 0.301562 0.335264 0.301562 0.285582
16 0.940625 0.67258 0.940625 0.722262 0.970312 0.722262 0.970312 0.67258
7 0.584375 0.306501 0.584375 0.314346 0.590625 0.314346 0.592187 0.31696 0.60625 0.31696 0.607812 0.319575 0.676562 0.319575 0.678125 0.32219 0.732812 0.32219 0.734375 0.324805 0.748437 0.324805 0.75 0.32742 0.765625 0.32742 0.767187 0.330035 0.820312 0.330035 0.821875 0.32742 0.828125 0.32742 0.829687 0.330035 0.889062 0.330035 0.890625 0.33265 0.9125 0.33265 0.914062 0.330035 0.91875 0.330035 0.920312 0.33265 0.921875 0.33265 0.923437 0.330035 0.928125 0.330035 0.929688 0.32742 0.928125 0.32742 0.926562 0.324805 0.9125 0.324805 0.910937 0.32219 0.85625 0.32219 0.854688 0.319575 0.75625 0.319575 0.753125 0.314346 0.753125 0.306501
6 0.53125 0.306501 0.53125 0.324805 0.539062 0.324805 0.539062 0.306501
6 0.595312 0.690884 0.603125 0.690884 0.604688 0.693499 0.63125 0.693499 0.632812 0.696114 0.828125 0.696114 0.829687 0.698729 0.854688 0.698729 0.85625 0.701343 0.860937 0.701343 0.8625 0.703958 0.8625 0.711803 0.914062 0.711803 0.914062 0.693499 0.885938 0.693499 0.884375 0.690884 0.835938 0.690884 0.834375 0.688269 0.609375 0.688269 0.607812 0.690884 0.595312 0.690884 0.564062 0.680425 0.564062 0.67258 0.28125 0.67258 0.28125 0.680425 0.292187 0.680425 0.29375 0.683039 0.325 0.683039 0.326562 0.685654 0.329688 0.685654 0.33125 0.683039 0.334375 0.683039 0.335938 0.685654 0.54375 0.685654 0.545312 0.683039 0.559375 0.683039 0.560937 0.680425 0.564062 0.680425
6 0.595312 0.690884 0.604688 0.690884 0.60625 0.693499 0.635938 0.693499 0.6375 0.696114 0.814062 0.696114 0.814062 0.688269 0.610937 0.688269 0.609375 0.690884 0.595312 0.690884 0.545312 0.680425 0.546875 0.683039 0.559375 0.683039 0.54375 0.683039 0.542188 0.685654 0.35 0.685654 0.348437 0.683039 0.295312 0.683039 0.273438 0.669965 0.273438 0.662121 0.090625 0.662121 0.090625 0.675195 0.2625 0.675195 0.264062 0.67258 0.271875 0.67258 0.273438 0.669965 0.295312 0.683039 0.29375 0.680425 0.282813 0.680425 0.289062 0.680425 0.290625 0.67781 0.496875 0.67781 0.498437 0.680425 0.545312 0.680425
6 0.598437 0.690884 0.604688 0.690884 0.60625 0.693499 0.6375 0.693499 0.639062 0.696114 0.835938 0.696114 0.8375 0.698729 0.857812 0.698729 0.859375 0.701343 0.8625 0.701343 0.864062 0.703958 0.864062 0.711803 0.939062 0.711803 0.939062 0.698729 0.934375 0.698729 0.932813 0.696114 0.914062 0.696114 0.9125 0.693499 0.879687 0.693499 0.878125 0.690884 0.823438 0.690884 0.821875 0.688269 0.617188 0.688269 0.615625 0.690884 0.598437 0.690884 0.559375 0.680425 0.559375 0.67258 0.315625 0.67258 0.315625 0.683039 0.35 0.683039 0.351562 0.685654 0.532812 0.685654 0.534375 0.683039 0.553125 0.683039 0.554688 0.680425 0.559375 0.680425
