1 0.250903 0.418297 0.248672 0.419558 0.246546 0.419558 0.245484 0.417981 0.227949 0.419085 0.226142 0.421451 0.224655 0.423502 0.223804 0.426656 0.221785 0.432334 0.221148 0.454101 0.221467 0.469401 0.223592 0.473659 0.229543 0.473975 0.234857 0.473186 0.236982 0.473186 0.240276 0.473344 0.245377 0.472397 0.247609 0.473186 0.254942 0.472713 0.255260 0.469558 0.255579 0.464511 0.257173 0.462145 0.257173 0.457413 0.258236 0.455836 0.258236 0.454259 0.257173 0.452681 0.257173 0.447950 0.258236 0.446372 0.258236 0.443218 0.257173 0.441640 0.257173 0.440063 0.256111 0.438486 0.256111 0.435331 0.255048 0.433754 0.255048 0.432177 0.253985 0.430599 0.253985 0.424290 0.253029 0.424132 0.253560 0.424921 0.253135 0.427287 0.252922 0.423028 0.253135 0.421609 0.253241 0.420978 0.253029 0.422397 0.252816 0.420505 0.250797 0.420347
1 0.720510 0.107256 0.719447 0.108833 0.712009 0.108833 0.709883 0.111987 0.709883 0.116719 0.708820 0.118297 0.708820 0.140379 0.709883 0.141956 0.709883 0.148265 0.708820 0.149842 0.708820 0.156151 0.709883 0.157729 0.709883 0.160883 0.710946 0.160883 0.712009 0.162461 0.741764 0.162461 0.742827 0.164038 0.744952 0.164038 0.744952 0.157729 0.746015 0.156151 0.746015 0.145110 0.744952 0.143533 0.744952 0.140379 0.746015 0.138801 0.746015 0.121451 0.744952 0.119874 0.744952 0.116719 0.747078 0.113565 0.747078 0.107256 0.739639 0.107256 0.738576 0.108833 0.733262 0.108833 0.732200 0.107256
1 0.751328 0.392744 0.750266 0.394322 0.750266 0.395899 0.749203 0.397476 0.749203 0.403785 0.748140 0.405363 0.748140 0.408517 0.747078 0.410095 0.747078 0.417981 0.748140 0.419558 0.748140 0.421136 0.747078 0.422713 0.747078 0.441640 0.748140 0.443218 0.778959 0.443218 0.778959 0.406940 0.777896 0.405363 0.777896 0.402208 0.776833 0.400631 0.776833 0.397476 0.775770 0.395899 0.775770 0.394322 0.753454 0.394322 0.752391 0.392744
2 0.544102 0.422713 0.541977 0.425868 0.541977 0.432177 0.540914 0.433754 0.540914 0.440063 0.539851 0.441640 0.539851 0.449527 0.540914 0.451104 0.540914 0.455836 0.539851 0.457413 0.539851 0.470032 0.540914 0.471609 0.571732 0.471609 0.571732 0.470032 0.572795 0.468454 0.572795 0.460568 0.571732 0.458991 0.571732 0.449527 0.572795 0.447950 0.572795 0.443218 0.571732 0.441640 0.571732 0.432177 0.570670 0.430599 0.570670 0.429022 0.569607 0.427445 0.569607 0.425868 0.567481 0.422713
4 0.043571 0.432177 0.042508 0.433754 0.041445 0.433754 0.040383 0.435331 0.040383 0.447950 0.041445 0.449527 0.041445 0.455836 0.040383 0.457413 0.040383 0.487382 0.041445 0.488959 0.058448 0.488959 0.059511 0.487382 0.061637 0.487382 0.062699 0.488959 0.077577 0.488959 0.078640 0.487382 0.078640 0.485804 0.079702 0.484227 0.079702 0.477918 0.078640 0.476341 0.078640 0.449527 0.079702 0.447950 0.079702 0.436909 0.078640 0.435331 0.078640 0.433754 0.077577 0.432177 0.072264 0.432177 0.071201 0.433754 0.062699 0.433754 0.061637 0.432177
9 0.000128 0.030331 0.000021 0.025599 0.045611 0.000363 0.054006 0.000363
9 0.284123 0.000000 0.279426 0.000284 0.741286 0.401262 0.742986 0.397319 0.284665 0.000000
9 0.705069 0.124779 0.705069 0.129196 0.383549 0.000946 0.393751 0.000473
7 0.174474 0.001909 0.170723 0.001404 0.070776 0.410899 0.072689 0.415804
9 0.248055 0.000000 0.243836 0.000142 0.532954 0.416183 0.536132 0.411830 0.248523 0.000000
9 0.196684 0.000331 0.201807 0.000473 0.236982 0.413407 0.233815 0.413533
6 0.134325 0.000631 0.124548 0.000631 0.000000 0.146530 0.000000 0.155110 0.000106 0.159621
