3 0.625930 0.000000 0.625930 0.001577 0.624867 0.003155 0.623804 0.003155 0.622742 0.004732 0.621679 0.003155 0.616366 0.003155 0.615303 0.004732 0.613177 0.004732 0.612115 0.003155 0.598300 0.003155 0.597237 0.004732 0.594049 0.004732 0.592986 0.006309 0.592986 0.011041 0.591923 0.012618 0.591923 0.015773 0.590861 0.017350 0.590861 0.018927 0.589798 0.020505 0.589798 0.033123 0.588735 0.034700 0.588735 0.042587 0.589798 0.044164 0.589798 0.055205 0.590861 0.056782 0.625930 0.056782 0.625930 0.047319 0.626993 0.045741 0.626993 0.028391 0.625930 0.026814 0.625930 0.022082 0.624867 0.020505 0.624867 0.011041 0.625930 0.009464
2 0.789586 0.029968 0.788523 0.031546 0.787460 0.031546 0.786397 0.033123 0.786397 0.039432 0.785335 0.041009 0.785335 0.064669 0.784272 0.066246 0.784272 0.077287 0.785335 0.078864 0.815090 0.078864 0.816153 0.077287 0.816153 0.075710 0.817216 0.074132 0.817216 0.058360 0.816153 0.056782 0.816153 0.053628 0.817216 0.052050 0.817216 0.048896 0.816153 0.047319 0.816153 0.042587 0.815090 0.041009 0.815090 0.034700 0.814028 0.033123 0.814028 0.031546 0.812965 0.029968
6 0.009139 0.437808 0.009394 0.446136 0.399362 0.749748 0.401169 0.740962
6 0.122540 0.050489 0.129373 0.051483 0.000223 0.375268 0.000000 0.354432
7 0.655027 0.425615 0.651084 0.427965 0.610053 0.067539 0.616174 0.066009
9 0.162380 0.031388 0.162487 0.038801 0.289490 0.141230 0.292359 0.134621
9 0.117790 0.014606 0.117790 0.019811 0.000000 0.019716 0.000000 0.015142
9 0.319160 0.186909 0.323518 0.186278 0.405728 0.492697 0.399756 0.495221
9 0.799511 0.089968 0.805462 0.088013 0.808172 0.253533 0.805462 0.253533
9 0.044357 0.832161 0.046589 0.824274 0.000000 0.803233 0.000000 0.812050
9 0.335165 0.184732 0.333464 0.189937 0.480085 0.404527 0.483071 0.397776
3 0.124336 0.000000 0.124336 0.003155 0.121148 0.007886 0.121148 0.012618 0.120085 0.014196 0.120085 0.037855 0.119022 0.039432 0.119022 0.044164 0.120085 0.044164 0.121148 0.045741 0.124336 0.045741 0.125399 0.044164 0.137088 0.044164 0.138151 0.045741 0.139214 0.044164 0.141339 0.044164 0.142402 0.042587 0.148778 0.042587 0.149841 0.041009 0.151966 0.044164 0.154091 0.044164 0.155154 0.045741 0.156217 0.045741 0.157279 0.047319 0.158342 0.047319 0.158342 0.037855 0.157279 0.036278 0.157279 0.017350 0.158342 0.015773 0.158342 0.012618 0.157279 0.011041 0.157279 0.007886 0.156217 0.006309 0.156217 0.004732 0.155154 0.003155 0.155154 0.000000
1 0.403826 0.523659 0.403826 0.525237 0.402763 0.526814 0.402763 0.533123 0.401700 0.534700 0.401700 0.539432 0.400638 0.541009 0.400638 0.544164 0.401700 0.545741 0.401700 0.550473 0.400638 0.552050 0.400638 0.570978 0.401700 0.572555 0.432519 0.572555 0.433581 0.570978 0.433581 0.553628 0.432519 0.552050 0.432519 0.550473 0.431456 0.548896 0.432519 0.547319 0.432519 0.537855 0.431456 0.536278 0.431456 0.529968 0.430393 0.528391 0.430393 0.525237 0.428268 0.525237 0.427205 0.523659
4 0.638682 0.433754 0.637620 0.435331 0.637620 0.490536 0.642933 0.490536 0.643996 0.492114 0.647184 0.492114 0.648247 0.490536 0.674814 0.490536 0.675877 0.488959 0.675877 0.487382 0.676939 0.485804 0.676939 0.476341 0.675877 0.474763 0.675877 0.454259 0.674814 0.452681 0.674814 0.444795 0.675877 0.443218 0.675877 0.440063 0.676939 0.438486 0.673751 0.433754 0.671626 0.433754 0.670563 0.435331 0.656748 0.435331 0.655685 0.433754 0.652497 0.433754 0.651435 0.435331 0.639745 0.435331
3 0.300744 0.129338 0.299681 0.130915 0.298618 0.130915 0.298618 0.134069 0.297556 0.135647 0.297556 0.140379 0.296493 0.141956 0.296493 0.146688 0.295430 0.148265 0.296493 0.149842 0.296493 0.157729 0.295430 0.159306 0.295430 0.176656 0.296493 0.178233 0.321998 0.178233 0.323061 0.179811 0.325186 0.179811 0.326249 0.178233 0.327311 0.178233 0.328374 0.176656 0.328374 0.160883 0.327311 0.159306 0.327311 0.151420 0.328374 0.149842 0.328374 0.146688 0.327311 0.145110 0.327311 0.143533 0.326249 0.141956 0.326249 0.137224 0.325186 0.135647 0.325186 0.132492 0.324123 0.130915 0.323061 0.130915 0.321998 0.129338
1 0.489904 0.408517 0.489904 0.413249 0.488842 0.414826 0.488842 0.419558 0.487779 0.421136 0.487779 0.425868 0.486716 0.427445 0.487779 0.429022 0.487779 0.435331 0.486716 0.436909 0.486716 0.455836 0.487779 0.457413 0.517535 0.457413 0.518597 0.455836 0.519660 0.455836 0.519660 0.438486 0.518597 0.436909 0.518597 0.433754 0.517535 0.432177 0.518597 0.430599 0.518597 0.421136 0.517535 0.419558 0.517535 0.413249 0.516472 0.411672 0.516472 0.410095 0.515409 0.408517
2 0.798087 0.260252 0.797024 0.261830 0.793836 0.261830 0.793836 0.263407 0.792774 0.264984 0.792774 0.271293 0.791711 0.272871 0.791711 0.276025 0.790648 0.277603 0.790648 0.309148 0.794899 0.309148 0.795962 0.310726 0.806589 0.310726 0.807651 0.309148 0.815090 0.309148 0.816153 0.310726 0.821467 0.310726 0.823592 0.307571 0.823592 0.299685 0.822529 0.298107 0.822529 0.285489 0.823592 0.283912 0.823592 0.280757 0.822529 0.279180 0.822529 0.272871 0.821467 0.271293 0.821467 0.266562 0.820404 0.264984 0.820404 0.263407 0.819341 0.263407 0.818278 0.261830 0.816153 0.261830 0.815090 0.260252
1 0.053135 0.815457 0.052072 0.817035 0.052072 0.823344 0.051010 0.824921 0.051010 0.829653 0.049947 0.831230 0.049947 0.837539 0.051010 0.839117 0.051010 0.842271 0.049947 0.843849 0.049947 0.862776 0.051010 0.862776 0.052072 0.864353 0.080765 0.864353 0.081828 0.862776 0.082891 0.862776 0.082891 0.832808 0.081828 0.831230 0.081828 0.826498 0.080765 0.824921 0.080765 0.821767 0.079702 0.820189 0.079702 0.817035 0.078640 0.815457
1 0.412327 0.738170 0.411265 0.739748 0.409139 0.739748 0.409139 0.741325 0.408077 0.742902 0.408077 0.747634 0.407014 0.749211 0.407014 0.753943 0.405951 0.755521 0.405951 0.760252 0.407014 0.761830 0.407014 0.768139 0.405951 0.769716 0.405951 0.785489 0.407014 0.787066 0.417641 0.787066 0.418704 0.788644 0.419766 0.788644 0.420829 0.787066 0.438895 0.787066 0.438895 0.766562 0.437832 0.764984 0.437832 0.763407 0.438895 0.761830 0.438895 0.753943 0.437832 0.752366 0.437832 0.750789 0.436769 0.749211 0.436769 0.744479 0.435707 0.742902 0.435707 0.741325 0.434644 0.739748 0.430393 0.739748 0.429330 0.738170 0.417641 0.738170 0.416578 0.739748 0.413390 0.739748
