9 0.130329 0.390016 0.133741 0.389543 0.225037 1.000000 0.228480 1.000000
9 0.135547 0.389905 0.138842 0.388959 0.326567 0.990694 0.321785 0.993218
9 0.146854 0.389385 0.142497 0.389858 0.405250 0.874890 0.407832 0.869416
9 0.148895 0.369196 0.148576 0.376767 0.863092 0.884416 0.863518 0.874006
9 0.485739 0.122098 0.482168 0.128123 0.637056 0.413896 0.638905 0.406498
3 0.453773 0.067823 0.452710 0.069401 0.452710 0.070978 0.451647 0.072555 0.451647 0.078864 0.450584 0.080442 0.450584 0.085174 0.449522 0.086751 0.449522 0.091483 0.450584 0.093060 0.450584 0.096215 0.449522 0.097792 0.449522 0.115142 0.450584 0.116719 0.450584 0.118297 0.468650 0.118297 0.469713 0.116719 0.471838 0.116719 0.472901 0.118297 0.479277 0.118297 0.480340 0.116719 0.481403 0.116719 0.482465 0.115142 0.482465 0.100946 0.481403 0.099369 0.481403 0.082019 0.480340 0.080442 0.480340 0.077287 0.479277 0.075710 0.479277 0.070978 0.477152 0.067823 0.476089 0.067823 0.475027 0.069401 0.473964 0.069401 0.472901 0.067823
9 0.569075 0.910126 0.571849 0.914858 0.542242 0.978060 0.538310 0.977744
9 0.581371 0.911782 0.577864 0.911940 0.566897 0.977571 0.570616 0.977886
9 0.593252 0.911640 0.587938 0.913691 0.599203 0.978360 0.604304 0.977729
7 0.067492 0.136009 0.065207 0.139795 0.000000 0.084180 0.000000 0.073502
6 0.096854 0.190363 0.093029 0.191782 0.113486 0.304006 0.119139 0.303644
6 0.119490 0.394243 0.113645 0.392019 0.000000 0.751341 0.000106 0.765457
6 0.222359 0.184164 0.218215 0.181009 0.141095 0.322098 0.146408 0.324464
6 0.150213 0.380836 0.148831 0.386830 0.562604 0.862334 0.564899 0.850615
6 0.565696 0.889196 0.565696 0.882382 0.441530 0.897524 0.442550 0.908880
6 0.447024 0.100757 0.447248 0.092256 0.257736 0.143281 0.258618 0.149164
6 0.427078 0.000363 0.438533 0.000032 0.259384 0.141325 0.258948 0.131514
6 0.308735 0.000710 0.299596 0.000079 0.246738 0.120379 0.253220 0.122744
6 0.190287 0.000678 0.184017 0.000678 0.216716 0.098091 0.222009 0.092539
9 0.092264 0.000852 0.087566 0.000426 0.086217 0.124842 0.089299 0.125789
9 0.000255 0.011246 0.000255 0.019606 0.067099 0.128344 0.069543 0.120457
9 0.064378 0.157445 0.064378 0.151735 0.000000 0.143770 0.000000 0.150063
9 0.103815 0.366388 0.103496 0.361025 0.000000 0.393218 0.000000 0.398991
9 0.104336 0.383896 0.103804 0.377429 0.008385 0.479590 0.009022 0.487003
9 0.111647 0.390457 0.109097 0.389826 0.000000 0.606215 0.000000 0.612697 0.000117 0.616230
9 0.125452 0.390016 0.121838 0.389700 0.086312 0.998864 0.090468 1.000000
9 0.130181 0.390473 0.127843 0.390158 0.160595 1.000000 0.164293 1.000000
3 0.903294 0.867508 0.902232 0.869085 0.886291 0.869085 0.885228 0.870662 0.882040 0.870662 0.880978 0.869085 0.878852 0.869085 0.877790 0.870662 0.876727 0.870662 0.875664 0.869085 0.868225 0.869085 0.867163 0.870662 0.867163 0.876972 0.868225 0.878549 0.868225 0.880126 0.866100 0.883281 0.866100 0.884858 0.865037 0.886435 0.865037 0.897476 0.867163 0.900631 0.867163 0.906940 0.866100 0.908517 0.866100 0.916404 0.863974 0.919558 0.863974 0.924290 0.865037 0.925868 0.871413 0.925868 0.872476 0.924290 0.880978 0.924290 0.882040 0.922713 0.896918 0.922713 0.897981 0.924290 0.903294 0.924290 0.903294 0.922713 0.904357 0.921136 0.904357 0.919558 0.903294 0.917981 0.903294 0.900631 0.904357 0.899054 0.904357 0.895899 0.903294 0.894322 0.903294 0.889590 0.902232 0.888013 0.902232 0.884858 0.901169 0.883281 0.901169 0.881703 0.900106 0.880126 0.900106 0.876972 0.899044 0.875394 0.899044 0.870662 0.900106 0.869085 0.903294 0.869085
3 0.575983 0.856467 0.574920 0.858044 0.571732 0.858044 0.571732 0.859621 0.570670 0.861199 0.570670 0.867508 0.569607 0.869085 0.569607 0.873817 0.568544 0.875394 0.568544 0.883281 0.569607 0.884858 0.568544 0.886435 0.568544 0.905363 0.569607 0.906940 0.600425 0.906940 0.600425 0.905363 0.601488 0.903785 0.601488 0.888013 0.600425 0.886435 0.600425 0.876972 0.601488 0.875394 0.600425 0.873817 0.600425 0.870662 0.599362 0.869085 0.599362 0.864353 0.598300 0.862776 0.598300 0.859621 0.596174 0.856467 0.589798 0.856467 0.588735 0.858044 0.577046 0.858044
4 0.645058 0.421136 0.643996 0.422713 0.640808 0.422713 0.639745 0.424290 0.638682 0.424290 0.638682 0.430599 0.639745 0.432177 0.638682 0.433754 0.638682 0.436909 0.637620 0.438486 0.638682 0.440063 0.638682 0.446372 0.637620 0.447950 0.637620 0.451104 0.638682 0.452681 0.638682 0.458991 0.637620 0.460568 0.637620 0.463722 0.638682 0.465300 0.638682 0.474763 0.671626 0.474763 0.672689 0.473186 0.673751 0.473186 0.673751 0.468454 0.674814 0.466877 0.673751 0.465300 0.673751 0.458991 0.674814 0.457413 0.674814 0.455836 0.673751 0.454259 0.673751 0.433754 0.672689 0.432177 0.672689 0.430599 0.671626 0.429022 0.671626 0.425868 0.669501 0.422713 0.659936 0.422713 0.658874 0.421136 0.657811 0.421136 0.656748 0.422713 0.647184 0.422713 0.646121 0.421136
3 0.225292 0.124606 0.223167 0.127760 0.223167 0.129338 0.222104 0.130915 0.222104 0.137224 0.221041 0.138801 0.221041 0.145110 0.219979 0.146688 0.219979 0.148265 0.221041 0.149842 0.221041 0.152997 0.219979 0.154574 0.219979 0.173502 0.221041 0.173502 0.222104 0.175079 0.240170 0.175079 0.241233 0.173502 0.251860 0.173502 0.252922 0.171924 0.252922 0.157729 0.251860 0.156151 0.251860 0.149842 0.252922 0.148265 0.252922 0.145110 0.251860 0.143533 0.251860 0.135647 0.250797 0.134069 0.250797 0.130915 0.249734 0.129338 0.249734 0.126183 0.248672 0.124606
1 0.126461 0.328076 0.125399 0.329653 0.112646 0.329653 0.111583 0.331230 0.110521 0.331230 0.109458 0.332808 0.109458 0.340694 0.108395 0.342271 0.108395 0.347003 0.107333 0.348580 0.107333 0.359621 0.106270 0.361199 0.106270 0.380126 0.107333 0.381703 0.107333 0.383281 0.136026 0.383281 0.137088 0.381703 0.142402 0.381703 0.143464 0.380126 0.143464 0.364353 0.142402 0.362776 0.142402 0.342271 0.141339 0.340694 0.141339 0.337539 0.142402 0.335962 0.142402 0.334385 0.143464 0.332808 0.142402 0.331230 0.142402 0.329653 0.141339 0.329653 0.140276 0.331230 0.137088 0.331230 0.136026 0.329653 0.134963 0.329653 0.133900 0.328076
3 0.074389 0.130915 0.072264 0.134069 0.072264 0.140379 0.071201 0.141956 0.071201 0.145110 0.070138 0.146688 0.070138 0.178233 0.071201 0.179811 0.076514 0.179811 0.077577 0.181388 0.098831 0.181388 0.099894 0.179811 0.102019 0.179811 0.103082 0.178233 0.103082 0.154574 0.102019 0.152997 0.102019 0.143533 0.100956 0.141956 0.100956 0.137224 0.099894 0.135647 0.099894 0.132492 0.098831 0.130915
1 0.414453 0.880126 0.413390 0.881703 0.411265 0.881703 0.410202 0.883281 0.410202 0.884858 0.409139 0.886435 0.409139 0.892744 0.408077 0.894322 0.408077 0.911672 0.407014 0.913249 0.407014 0.927445 0.408077 0.929022 0.408077 0.930599 0.438895 0.930599 0.439957 0.929022 0.439957 0.911672 0.438895 0.910095 0.438895 0.906940 0.439957 0.905363 0.439957 0.897476 0.438895 0.895899 0.438895 0.891167 0.437832 0.889590 0.437832 0.886435 0.436769 0.884858 0.436769 0.883281 0.434644 0.880126
