3 0.726886 0.012618 0.725824 0.014196 0.725824 0.017350 0.724761 0.018927 0.724761 0.023659 0.723698 0.025237 0.723698 0.029968 0.722635 0.031546 0.722635 0.034700 0.723698 0.036278 0.723698 0.042587 0.722635 0.044164 0.722635 0.058360 0.723698 0.059937 0.723698 0.061514 0.754516 0.061514 0.755579 0.059937 0.755579 0.029968 0.754516 0.028391 0.754516 0.025237 0.753454 0.023659 0.753454 0.018927 0.752391 0.017350 0.752391 0.014196 0.751328 0.012618
3 0.363443 0.526814 0.362380 0.528391 0.362380 0.531546 0.361318 0.533123 0.361318 0.537855 0.360255 0.539432 0.360255 0.542587 0.359192 0.544164 0.359192 0.548896 0.360255 0.550473 0.360255 0.556782 0.359192 0.558360 0.359192 0.574132 0.360255 0.575710 0.391073 0.575710 0.392136 0.574132 0.392136 0.542587 0.391073 0.541009 0.391073 0.539432 0.390011 0.537855 0.390011 0.531546 0.388948 0.529968 0.388948 0.528391 0.387885 0.526814
7 0.718257 0.045110 0.717938 0.039243 0.051084 0.183675 0.050882 0.191577
7 0.730776 0.068502 0.735239 0.073549 0.668045 0.423975 0.662519 0.423044
6 0.717014 0.066041 0.723390 0.072350 0.399001 0.528139 0.395813 0.517256
6 0.053741 0.211909 0.053422 0.222003 0.358353 0.538565 0.359352 0.525047
9 0.791095 0.662603 0.795260 0.669464 0.655898 1.000000 0.649586 1.000000
9 0.984463 0.378612 0.984463 0.368028 0.825388 0.599669 0.830510 0.606215
9 0.762104 0.034984 0.761243 0.041751 1.000000 0.048817 1.000000 0.044306 0.999957 0.041420
4 0.643996 0.436909 0.642933 0.438486 0.638682 0.438486 0.639745 0.440063 0.639745 0.447950 0.638682 0.449527 0.638682 0.477918 0.637620 0.479495 0.637620 0.485804 0.638682 0.487382 0.638682 0.488959 0.659936 0.488959 0.660999 0.490536 0.669501 0.490536 0.670563 0.488959 0.674814 0.488959 0.674814 0.487382 0.675877 0.485804 0.675877 0.479495 0.674814 0.477918 0.674814 0.452681 0.673751 0.451104 0.673751 0.441640 0.671626 0.438486 0.671626 0.436909
1 0.017003 0.164038 0.017003 0.165615 0.015940 0.167192 0.015940 0.168770 0.014878 0.170347 0.014878 0.176656 0.013815 0.178233 0.013815 0.179811 0.012752 0.181388 0.012752 0.214511 0.015940 0.214511 0.017003 0.216088 0.018066 0.214511 0.031881 0.214511 0.032944 0.216088 0.047821 0.216088 0.047821 0.190852 0.048884 0.189274 0.048884 0.186120 0.047821 0.184543 0.047821 0.181388 0.046759 0.179811 0.046759 0.178233 0.045696 0.176656 0.045696 0.168770 0.044633 0.167192 0.043571 0.167192 0.042508 0.165615 0.040383 0.165615 0.039320 0.164038 0.031881 0.164038 0.030818 0.165615 0.020191 0.165615 0.019129 0.164038
2 0.801275 0.608833 0.800213 0.610410 0.792774 0.610410 0.791711 0.611987 0.791711 0.618297 0.790648 0.619874 0.790648 0.626183 0.789586 0.627760 0.789586 0.634069 0.790648 0.635647 0.790648 0.638801 0.789586 0.640379 0.789586 0.656151 0.790648 0.657729 0.821467 0.657729 0.821467 0.654574 0.822529 0.652997 0.822529 0.648265 0.821467 0.646688 0.821467 0.635647 0.822529 0.634069 0.822529 0.627760 0.821467 0.626183 0.821467 0.621451 0.820404 0.619874 0.820404 0.615142 0.819341 0.613565 0.819341 0.611987 0.817216 0.608833 0.808714 0.608833 0.807651 0.610410 0.803401 0.610410 0.802338 0.608833
