6 0.671955 0.144921 0.681169 0.144921 0.801594 0.519700 0.795887 0.522287
6 0.681169 0.464401 0.681488 0.473549 0.790978 0.560300 0.791690 0.550379
9 0.860999 0.077855 0.865335 0.077098 0.823337 0.521972 0.820638 0.521404
9 0.916801 0.873013 0.920298 0.871278 0.933900 0.934069 0.928693 0.934700
7 0.892721 0.845205 0.892306 0.836672 0.537131 0.885489 0.536993 0.892429
6 0.631870 0.472476 0.633996 0.479259 0.522455 0.601972 0.519160 0.594085
7 0.638948 0.118628 0.639245 0.108549 0.443071 0.134385 0.443071 0.147082
2 0.486716 0.594637 0.485654 0.596215 0.485654 0.599369 0.484591 0.600946 0.484591 0.604101 0.483528 0.605678 0.483528 0.608833 0.482465 0.610410 0.482465 0.629338 0.481403 0.630915 0.481403 0.635647 0.482465 0.637224 0.482465 0.641956 0.483528 0.643533 0.514346 0.643533 0.515409 0.641956 0.515409 0.611987 0.514346 0.610410 0.514346 0.607256 0.513284 0.605678 0.513284 0.600946 0.511158 0.597792 0.511158 0.596215 0.510096 0.596215 0.509033 0.594637
3 0.899044 0.815457 0.897981 0.817035 0.897981 0.818612 0.896918 0.820189 0.896918 0.823344 0.895855 0.824921 0.895855 0.831230 0.894793 0.832808 0.894793 0.835962 0.895855 0.837539 0.895855 0.842271 0.894793 0.843849 0.894793 0.861199 0.895855 0.862776 0.895855 0.864353 0.925611 0.864353 0.926674 0.862776 0.927736 0.862776 0.927736 0.832808 0.926674 0.831230 0.926674 0.828076 0.925611 0.826498 0.925611 0.821767 0.924548 0.820189 0.924548 0.817035 0.923486 0.815457
3 0.517535 0.867508 0.516472 0.869085 0.501594 0.869085 0.500531 0.870662 0.500531 0.872240 0.499469 0.873817 0.499469 0.878549 0.498406 0.880126 0.498406 0.883281 0.497343 0.884858 0.497343 0.916404 0.498406 0.916404 0.499469 0.917981 0.528162 0.917981 0.530287 0.914826 0.530287 0.899054 0.529224 0.897476 0.529224 0.881703 0.528162 0.880126 0.528162 0.875394 0.527099 0.873817 0.527099 0.870662 0.526036 0.869085 0.518597 0.869085
6 0.534060 0.924432 0.538523 0.919543 0.567428 0.964180 0.565515 0.971435
6 0.535951 0.862445 0.539671 0.872855 0.795749 0.607571 0.791637 0.599022
6 0.499352 0.656593 0.505048 0.655095 0.514740 0.860095 0.510712 0.859953
3 0.805526 0.550473 0.804463 0.552050 0.803401 0.552050 0.802338 0.553628 0.802338 0.556782 0.801275 0.558360 0.801275 0.563091 0.800213 0.564669 0.800213 0.569401 0.799150 0.570978 0.799150 0.597792 0.798087 0.599369 0.798087 0.600946 0.799150 0.602524 0.831031 0.602524 0.832094 0.600946 0.833156 0.600946 0.833156 0.596215 0.834219 0.594637 0.833156 0.593060 0.833156 0.585174 0.834219 0.583596 0.833156 0.582019 0.833156 0.577287 0.834219 0.575710 0.834219 0.569401 0.833156 0.567823 0.833156 0.564669 0.832094 0.563091 0.832094 0.553628 0.829968 0.550473 0.818278 0.550473 0.817216 0.552050 0.807651 0.552050 0.806589 0.550473
1 0.850159 0.020505 0.850159 0.023659 0.848034 0.026814 0.848034 0.029968 0.846971 0.031546 0.846971 0.036278 0.845909 0.037855 0.845909 0.044164 0.846971 0.045741 0.846971 0.061514 0.845909 0.063091 0.845909 0.066246 0.846971 0.067823 0.848034 0.067823 0.849097 0.069401 0.850159 0.069401 0.851222 0.067823 0.867163 0.067823 0.868225 0.069401 0.883103 0.069401 0.884166 0.070978 0.883103 0.069401 0.883103 0.044164 0.884166 0.042587 0.884166 0.036278 0.883103 0.034700 0.883103 0.031546 0.882040 0.029968 0.882040 0.017350 0.883103 0.015773 0.884166 0.015773 0.884166 0.014196 0.879915 0.014196 0.878852 0.015773 0.870351 0.015773 0.869288 0.014196 0.866100 0.014196 0.865037 0.015773 0.857598 0.015773 0.856536 0.017350 0.855473 0.015773 0.853348 0.015773 0.852285 0.017350 0.851222 0.017350 0.851222 0.018927 0.850159 0.020505 0.845909 0.017350 0.845909 0.014196 0.845909 0.017350
7 0.838778 0.535536 0.840882 0.544306 0.985494 0.288707 0.985377 0.276861
2 0.671626 0.417981 0.670563 0.419558 0.655685 0.419558 0.654623 0.421136 0.650372 0.421136 0.649309 0.419558 0.637620 0.419558 0.637620 0.424290 0.636557 0.425868 0.636557 0.430599 0.637620 0.432177 0.637620 0.433754 0.636557 0.435331 0.636557 0.451104 0.637620 0.452681 0.637620 0.455836 0.636557 0.457413 0.636557 0.473186 0.637620 0.474763 0.637620 0.476341 0.664187 0.476341 0.665250 0.477918 0.666312 0.477918 0.667375 0.476341 0.671626 0.476341 0.672689 0.477918 0.673751 0.477918 0.674814 0.476341 0.675877 0.476341 0.678002 0.473186 0.678002 0.471609 0.676939 0.470032 0.676939 0.421136 0.675877 0.419558 0.674814 0.419558 0.673751 0.417981
3 0.647184 0.082019 0.646121 0.083596 0.643996 0.083596 0.642933 0.085174 0.642933 0.134069 0.641870 0.135647 0.642933 0.135647 0.643996 0.137224 0.647184 0.137224 0.648247 0.135647 0.664187 0.135647 0.665250 0.134069 0.673751 0.134069 0.674814 0.135647 0.679065 0.135647 0.680128 0.137224 0.681190 0.137224 0.682253 0.135647 0.682253 0.130915 0.681190 0.129338 0.681190 0.126183 0.680128 0.124606 0.680128 0.115142 0.679065 0.113565 0.679065 0.108833 0.680128 0.107256 0.680128 0.097792 0.679065 0.096215 0.679065 0.091483 0.678002 0.089905 0.678002 0.083596 0.675877 0.083596 0.674814 0.082019
3 0.409139 0.118297 0.409139 0.124606 0.405951 0.129338 0.405951 0.130915 0.404888 0.132492 0.404888 0.138801 0.403826 0.140379 0.403826 0.145110 0.404888 0.146688 0.404888 0.164038 0.405951 0.165615 0.410202 0.165615 0.411265 0.167192 0.415515 0.167192 0.416578 0.165615 0.424017 0.165615 0.425080 0.167192 0.434644 0.167192 0.435707 0.165615 0.438895 0.165615 0.439957 0.164038 0.439957 0.160883 0.441020 0.159306 0.441020 0.143533 0.442083 0.141956 0.441020 0.140379 0.441020 0.132492 0.439957 0.130915 0.439957 0.127760 0.438895 0.126183 0.438895 0.124606 0.436769 0.121451 0.436769 0.118297 0.435707 0.116719 0.435707 0.115142 0.419766 0.115142 0.418704 0.116719 0.410202 0.116719 0.409139 0.118297 0.403826 0.118297 0.403826 0.111987 0.403826 0.118297
9 0.493985 0.909464 0.491892 0.901830 0.379139 0.980978 0.390574 0.980410
6 0.890914 0.871909 0.896971 0.875379 0.866153 0.934211 0.857758 0.934054
6 0.936642 0.829243 0.934304 0.821672 0.985207 0.792019 0.986057 0.797697
6 0.840043 0.560931 0.840903 0.570047 0.985792 0.495631 0.985792 0.487886
