6 0.953571 0.281278 0.951243 0.276546 0.816589 0.296845 0.819564 0.300315
7 0.502380 0.754432 0.502019 0.748265 0.954091 0.756467 0.953666 0.763091
6 0.000213 0.382965 0.000425 0.400000 0.049097 0.626656 0.053666 0.619401
6 0.455792 0.748738 0.456004 0.738801 0.260999 0.684385 0.260999 0.692587
6 0.274708 0.089117 0.274963 0.097461 0.499150 0.245899 0.500850 0.238170
16 0.485654 0.723975 0.484591 0.725552 0.468650 0.725552 0.467588 0.727129 0.466525 0.727129 0.465462 0.728707 0.464400 0.728707 0.462274 0.731861 0.461211 0.731861 0.461211 0.741325 0.460149 0.742902 0.460149 0.761830 0.461211 0.763407 0.461211 0.769716 0.462274 0.771293 0.462274 0.772871 0.463337 0.774448 0.464400 0.774448 0.465462 0.776025 0.468650 0.776025 0.469713 0.777603 0.477152 0.777603 0.478215 0.779180 0.479277 0.777603 0.487779 0.777603 0.488842 0.776025 0.489904 0.776025 0.493092 0.771293 0.494155 0.771293 0.496281 0.774448 0.496281 0.777603 0.497343 0.779180 0.497343 0.780757 0.497343 0.779180 0.498406 0.777603 0.498406 0.774448 0.497343 0.772871 0.497343 0.763407 0.498406 0.761830 0.498406 0.742902 0.497343 0.741325 0.497343 0.735016 0.498406 0.733438 0.498406 0.727129 0.497343 0.725552 0.497343 0.723975 0.492030 0.723975 0.490967 0.725552 0.486716 0.725552
13 0.047821 0.632492 0.045696 0.635647 0.045696 0.637224 0.044633 0.638801 0.044633 0.645110 0.043571 0.646688 0.043571 0.649842 0.044633 0.651420 0.044633 0.654574 0.043571 0.656151 0.043571 0.667192 0.044633 0.668770 0.066950 0.668770 0.068013 0.667192 0.068013 0.646688 0.066950 0.645110 0.066950 0.641956 0.065887 0.640379 0.065887 0.634069 0.064825 0.634069 0.063762 0.632492
6 0.972221 0.303927 0.968289 0.303454 0.970457 0.734921 0.973433 0.734448
13 0.247609 0.063091 0.245484 0.066246 0.245484 0.069401 0.244421 0.070978 0.244421 0.075710 0.243358 0.077287 0.243358 0.099369 0.246546 0.099369 0.247609 0.100946 0.256111 0.100946 0.257173 0.099369 0.259299 0.099369 0.260361 0.100946 0.266738 0.100946 0.267800 0.099369 0.267800 0.077287 0.266738 0.075710 0.266738 0.069401 0.265675 0.067823 0.265675 0.064669 0.264612 0.064669 0.263549 0.063091
13 0.507970 0.235016 0.505845 0.238170 0.505845 0.242902 0.504782 0.244479 0.504782 0.249211 0.505845 0.250789 0.505845 0.252366 0.504782 0.253943 0.504782 0.269716 0.510096 0.269716 0.511158 0.271293 0.517535 0.271293 0.518597 0.269716 0.528162 0.269716 0.529224 0.268139 0.529224 0.253943 0.528162 0.252366 0.528162 0.242902 0.527099 0.241325 0.527099 0.238170 0.526036 0.236593 0.526036 0.235016
13 0.960680 0.258675 0.958555 0.261830 0.958555 0.268139 0.957492 0.269716 0.958555 0.271293 0.958555 0.277603 0.957492 0.279180 0.957492 0.291798 0.958555 0.293375 0.958555 0.294953 0.962806 0.294953 0.963868 0.293375 0.967056 0.293375 0.968119 0.294953 0.972370 0.294953 0.973433 0.293375 0.974495 0.294953 0.978746 0.294953 0.979809 0.293375 0.981934 0.293375 0.981934 0.269716 0.980871 0.268139 0.980871 0.266562 0.979809 0.264984 0.979809 0.260252 0.978746 0.258675
6 0.644006 0.272681 0.643815 0.268155 0.535069 0.254306 0.535834 0.258549
6 0.781923 0.299101 0.780234 0.294211 0.681732 0.274795 0.681838 0.279527
16 0.238045 0.664038 0.236982 0.665615 0.233794 0.665615 0.232731 0.667192 0.231668 0.667192 0.228480 0.671924 0.228480 0.697161 0.229543 0.698738 0.230606 0.698738 0.232731 0.701893 0.234857 0.701893 0.235919 0.703470 0.248672 0.703470 0.249734 0.705047 0.253985 0.705047 0.256111 0.701893 0.256111 0.697161 0.255048 0.695584 0.255048 0.668770 0.253985 0.667192 0.250797 0.667192 0.249734 0.665615 0.246546 0.665615 0.245484 0.664038
16 0.957492 0.736593 0.957492 0.738170 0.956429 0.739748 0.956429 0.764984 0.957492 0.766562 0.957492 0.772871 0.958555 0.774448 0.958555 0.779180 0.960680 0.779180 0.961743 0.780757 0.969182 0.780757 0.970244 0.782334 0.978746 0.782334 0.979809 0.780757 0.987248 0.780757 0.986185 0.779180 0.986185 0.744479 0.987248 0.742902 0.987248 0.738170 0.986185 0.736593 0.985122 0.736593 0.984060 0.738170 0.960680 0.738170 0.959617 0.736593
13 0.789586 0.282334 0.788523 0.283912 0.788523 0.285489 0.787460 0.287066 0.787460 0.291798 0.786397 0.293375 0.786397 0.318612 0.808714 0.318612 0.809777 0.317035 0.809777 0.288644 0.808714 0.287066 0.808714 0.283912 0.807651 0.282334
13 0.653560 0.252366 0.650372 0.257098 0.650372 0.268139 0.649309 0.269716 0.650372 0.271293 0.650372 0.288644 0.649309 0.290221 0.649309 0.291798 0.650372 0.293375 0.669501 0.293375 0.670563 0.291798 0.673751 0.291798 0.674814 0.290221 0.674814 0.261830 0.673751 0.260252 0.673751 0.255521 0.672689 0.253943 0.671626 0.253943 0.670563 0.252366
6 0.224315 0.683454 0.223656 0.679054 0.074176 0.650789 0.074176 0.657256
6 0.517365 0.280379 0.513751 0.279905 0.480988 0.719101 0.484601 0.719101
20 0.239022 0.094164 0.236791 0.091483 0.000011 0.237918 0.000011 0.241703
