4 0.656748 0.029968 0.655685 0.031546 0.646121 0.031546 0.647184 0.033123 0.647184 0.036278 0.646121 0.037855 0.646121 0.039432 0.645058 0.041009 0.645058 0.042587 0.643996 0.044164 0.643996 0.048896 0.642933 0.050473 0.642933 0.083596 0.645058 0.086751 0.647184 0.086751 0.648247 0.085174 0.678002 0.085174 0.679065 0.083596 0.679065 0.063091 0.678002 0.061514 0.678002 0.059937 0.679065 0.058360 0.679065 0.048896 0.678002 0.047319 0.678002 0.041009 0.676939 0.039432 0.676939 0.033123 0.675877 0.031546 0.674814 0.031546 0.673751 0.029968 0.671626 0.029968 0.670563 0.031546 0.658874 0.031546 0.657811 0.029968
7 0.162476 0.021877 0.161945 0.027713 0.000106 0.054905 0.000000 0.053675 0.000000 0.049968
7 0.207067 0.434921 0.207067 0.429038 0.008735 0.445804 0.008544 0.451183
6 0.385919 0.192397 0.386344 0.196609 0.208215 0.042918 0.208002 0.037713
6 0.385749 0.241025 0.386727 0.246151 0.252976 0.405079 0.252444 0.402713
6 0.191934 0.054984 0.186472 0.056498 0.224942 0.396625 0.229724 0.396325
6 0.520064 0.000836 0.516982 0.000521 0.511870 0.034464 0.519001 0.032950
9 0.383741 0.000647 0.379384 0.000647 0.402933 0.182350 0.407046 0.181861
1 0.513284 0.037855 0.512221 0.039432 0.498406 0.039432 0.497343 0.041009 0.497343 0.042587 0.496281 0.044164 0.496281 0.048896 0.495218 0.050473 0.495218 0.055205 0.494155 0.056782 0.494155 0.086751 0.495218 0.088328 0.526036 0.088328 0.526036 0.086751 0.527099 0.085174 0.527099 0.070978 0.526036 0.069401 0.526036 0.067823 0.524973 0.066246 0.526036 0.064669 0.526036 0.063091 0.527099 0.061514 0.527099 0.059937 0.526036 0.058360 0.526036 0.053628 0.524973 0.052050 0.524973 0.045741 0.523911 0.044164 0.523911 0.041009 0.522848 0.039432 0.518597 0.039432 0.517535 0.037855
3 0.388948 0.184543 0.387885 0.186120 0.387885 0.192429 0.388948 0.194006 0.388948 0.208202 0.387885 0.209779 0.387885 0.230284 0.388948 0.231861 0.388948 0.241325 0.397450 0.241325 0.398512 0.239748 0.422954 0.239748 0.424017 0.238170 0.425080 0.238170 0.425080 0.212934 0.426142 0.211356 0.425080 0.209779 0.425080 0.198738 0.424017 0.197161 0.424017 0.194006 0.420829 0.189274 0.418704 0.189274 0.417641 0.187697 0.410202 0.187697 0.409139 0.186120 0.407014 0.186120 0.405951 0.187697 0.391073 0.187697
3 0.170032 0.000000 0.170032 0.006309 0.168969 0.007886 0.168969 0.011041 0.167906 0.012618 0.167906 0.047319 0.176408 0.047319 0.177471 0.045741 0.178533 0.047319 0.201913 0.047319 0.202976 0.048896 0.205101 0.048896 0.205101 0.041009 0.204038 0.039432 0.204038 0.012618 0.202976 0.011041 0.202976 0.007886 0.199787 0.003155 0.199787 0.000000
3 0.243358 0.402208 0.242295 0.403785 0.232731 0.403785 0.231668 0.405363 0.230606 0.403785 0.213603 0.403785 0.214665 0.405363 0.214665 0.416404 0.213603 0.417981 0.213603 0.422713 0.212540 0.424290 0.212540 0.429022 0.213603 0.430599 0.213603 0.446372 0.212540 0.447950 0.212540 0.454259 0.211477 0.455836 0.209352 0.455836 0.211477 0.455836 0.212540 0.454259 0.213603 0.455836 0.226355 0.455836 0.227418 0.454259 0.242295 0.454259 0.243358 0.455836 0.247609 0.455836 0.247609 0.447950 0.246546 0.446372 0.246546 0.430599 0.247609 0.429022 0.247609 0.425868 0.246546 0.424290 0.246546 0.417981 0.245484 0.416404 0.245484 0.406940 0.247609 0.403785 0.248672 0.403785 0.246546 0.403785 0.245484 0.402208
