4 0.110521 0.410095 0.109458 0.411672 0.109458 0.413249 0.108395 0.414826 0.108395 0.421136 0.107333 0.422713 0.107333 0.424290 0.106270 0.425868 0.106270 0.457413 0.107333 0.458991 0.138151 0.458991 0.138151 0.457413 0.139214 0.455836 0.139214 0.441640 0.138151 0.440063 0.138151 0.422713 0.137088 0.421136 0.137088 0.416404 0.136026 0.414826 0.136026 0.411672 0.134963 0.410095
7 0.102678 0.440079 0.102391 0.433738 0.005505 0.436483 0.007641 0.442397
6 0.144676 0.437114 0.144527 0.430568 0.346047 0.415852 0.347046 0.424069
6 0.390436 0.417713 0.390436 0.429826 0.635197 0.462744 0.634942 0.456325
6 0.274942 0.883202 0.274697 0.890110 0.058310 0.729968 0.060287 0.722319
6 0.018778 0.691420 0.015590 0.698202 0.000000 0.685063 0.000000 0.683265 0.000393 0.678486
1 0.285866 0.880126 0.284803 0.881703 0.283741 0.881703 0.282678 0.883281 0.282678 0.892744 0.281615 0.894322 0.281615 0.895899 0.280553 0.897476 0.280553 0.906940 0.281615 0.908517 0.280553 0.910095 0.280553 0.927445 0.282678 0.930599 0.312434 0.930599 0.313496 0.929022 0.313496 0.910095 0.312434 0.908517 0.313496 0.906940 0.313496 0.897476 0.312434 0.895899 0.312434 0.894322 0.311371 0.892744 0.311371 0.888013 0.310308 0.886435 0.310308 0.883281 0.309245 0.881703 0.308183 0.881703 0.307120 0.880126
3 0.368757 0.392744 0.367694 0.394322 0.351753 0.394322 0.350691 0.395899 0.350691 0.397476 0.349628 0.399054 0.349628 0.403785 0.348565 0.405363 0.348565 0.413249 0.347503 0.414826 0.348565 0.416404 0.348565 0.422713 0.347503 0.424290 0.347503 0.440063 0.348565 0.441640 0.348565 0.443218 0.380446 0.443218 0.380446 0.411672 0.379384 0.410095 0.379384 0.406940 0.378321 0.405363 0.378321 0.400631 0.377258 0.399054 0.377258 0.395899 0.376196 0.394322 0.369819 0.394322
3 0.026567 0.687697 0.024442 0.690852 0.024442 0.692429 0.023379 0.694006 0.023379 0.698738 0.022317 0.700315 0.022317 0.701893 0.021254 0.703470 0.021254 0.736593 0.053135 0.736593 0.054198 0.735016 0.054198 0.717666 0.053135 0.716088 0.053135 0.709779 0.054198 0.708202 0.054198 0.706625 0.053135 0.705047 0.053135 0.700315 0.052072 0.698738 0.052072 0.694006 0.051010 0.692429 0.051010 0.690852 0.048884 0.687697
4 0.643996 0.436909 0.642933 0.438486 0.641870 0.438486 0.640808 0.440063 0.640808 0.449527 0.639745 0.451104 0.639745 0.465300 0.638682 0.466877 0.638682 0.485804 0.640808 0.488959 0.662062 0.488959 0.663124 0.490536 0.673751 0.490536 0.675877 0.487382 0.675877 0.476341 0.674814 0.474763 0.674814 0.451104 0.673751 0.449527 0.673751 0.440063 0.671626 0.436909
