9 0.474166 0.000883 0.469277 0.000726 0.509692 0.168423 0.512030 0.167161
2 0.309245 0.176656 0.308183 0.178233 0.308183 0.179811 0.307120 0.181388 0.307120 0.186120 0.306057 0.187697 0.306057 0.205047 0.304995 0.206625 0.304995 0.222397 0.306057 0.223975 0.306057 0.225552 0.336876 0.225552 0.337938 0.223975 0.337938 0.211356 0.336876 0.209779 0.336876 0.203470 0.337938 0.201893 0.337938 0.195584 0.336876 0.194006 0.336876 0.187697 0.335813 0.186120 0.335813 0.181388 0.334750 0.179811 0.334750 0.178233 0.333688 0.176656 0.323061 0.176656 0.321998 0.178233 0.320935 0.178233 0.319872 0.176656
2 0.757705 0.086751 0.756642 0.088328 0.755579 0.088328 0.754516 0.089905 0.754516 0.097792 0.753454 0.099369 0.753454 0.110410 0.754516 0.111987 0.753454 0.113565 0.753454 0.123028 0.752391 0.124606 0.752391 0.130915 0.753454 0.132492 0.753454 0.135647 0.784272 0.135647 0.785335 0.134069 0.785335 0.127760 0.784272 0.126183 0.784272 0.113565 0.783209 0.111987 0.784272 0.110410 0.784272 0.099369 0.783209 0.097792 0.783209 0.089905 0.781084 0.086751
4 0.595112 0.164038 0.594049 0.165615 0.594049 0.222397 0.595112 0.223975 0.602550 0.223975 0.603613 0.222397 0.634431 0.222397 0.634431 0.184543 0.633369 0.182965 0.633369 0.181388 0.634431 0.179811 0.634431 0.165615 0.633369 0.164038 0.626993 0.164038 0.625930 0.165615 0.599362 0.165615 0.598300 0.164038
4 0.974495 0.124606 0.973433 0.126183 0.973433 0.151420 0.972370 0.152997 0.972370 0.186120 0.973433 0.187697 0.976621 0.187697 0.977683 0.189274 0.979809 0.189274 0.980871 0.187697 0.981934 0.187697 0.982997 0.189274 0.998937 0.189274 0.998937 0.124606 0.985122 0.124606 0.984060 0.126183 0.975558 0.126183
2 0.008502 0.053628 0.007439 0.055205 0.005313 0.055205 0.005313 0.063091 0.004251 0.064669 0.004251 0.088328 0.003188 0.089905 0.003188 0.100946 0.005313 0.104101 0.006376 0.102524 0.034006 0.102524 0.035069 0.100946 0.035069 0.097792 0.036132 0.096215 0.036132 0.085174 0.035069 0.083596 0.035069 0.078864 0.036132 0.077287 0.036132 0.072555 0.035069 0.070978 0.035069 0.066246 0.034006 0.064669 0.034006 0.059937 0.032944 0.058360 0.032944 0.055205 0.031881 0.053628
0 0.504782 0.175079 0.504782 0.176656 0.503719 0.178233 0.503719 0.184543 0.502657 0.186120 0.502657 0.189274 0.501594 0.190852 0.501594 0.192429 0.500531 0.194006 0.500531 0.195584 0.501594 0.197161 0.501594 0.208202 0.500531 0.209779 0.500531 0.222397 0.502657 0.225552 0.532412 0.225552 0.533475 0.223975 0.534538 0.223975 0.534538 0.205047 0.533475 0.203470 0.533475 0.201893 0.532412 0.200315 0.533475 0.198738 0.533475 0.197161 0.534538 0.195584 0.534538 0.192429 0.533475 0.190852 0.533475 0.184543 0.532412 0.182965 0.532412 0.179811 0.531350 0.178233 0.531350 0.176656 0.530287 0.175079
6 0.530393 0.000158 0.523486 0.000473 0.591923 0.150473 0.594368 0.141325
7 0.973454 0.102823 0.977141 0.098801 0.941828 0.000000 0.936238 0.000158
9 0.779830 0.079653 0.775526 0.078927 0.795462 0.000110 0.800032 0.000426
2 0.205101 0.167192 0.204038 0.168770 0.200850 0.168770 0.200850 0.170347 0.199787 0.171924 0.199787 0.176656 0.198725 0.178233 0.198725 0.184543 0.197662 0.186120 0.197662 0.216088 0.229543 0.216088 0.229543 0.214511 0.230606 0.212934 0.230606 0.206625 0.229543 0.205047 0.229543 0.190852 0.230606 0.189274 0.230606 0.187697 0.229543 0.186120 0.229543 0.179811 0.228480 0.178233 0.228480 0.173502 0.227418 0.171924 0.227418 0.170347 0.226355 0.170347 0.225292 0.168770 0.223167 0.168770 0.222104 0.167192 0.210414 0.167192 0.209352 0.168770 0.208289 0.168770 0.207226 0.167192
2 0.418704 0.167192 0.417641 0.168770 0.414453 0.168770 0.413390 0.170347 0.413390 0.176656 0.412327 0.178233 0.412327 0.182965 0.411265 0.184543 0.411265 0.216088 0.421892 0.216088 0.422954 0.217666 0.429330 0.217666 0.430393 0.216088 0.433581 0.216088 0.434644 0.217666 0.441020 0.217666 0.442083 0.216088 0.443146 0.216088 0.443146 0.214511 0.444208 0.212934 0.444208 0.205047 0.443146 0.203470 0.443146 0.194006 0.444208 0.192429 0.444208 0.186120 0.443146 0.184543 0.443146 0.179811 0.442083 0.178233 0.442083 0.171924 0.439957 0.168770 0.438895 0.168770 0.437832 0.167192
9 0.366015 0.001009 0.361977 0.000379 0.326376 0.169353 0.331169 0.169890
9 0.304995 0.000741 0.300786 0.000410 0.228225 0.159732 0.231084 0.162413
9 0.424325 0.001341 0.420606 0.000710 0.425186 0.159543 0.429734 0.159732
