9 0.340925 0.185820 0.344984 0.186924 0.293698 0.450662 0.288278 0.449401
7 0.422635 0.533297 0.416206 0.532066 0.377131 0.631782 0.382529 0.631782
6 0.054463 0.521009 0.058300 0.519259 0.056908 0.768265 0.052072 0.767871
6 0.043358 0.144842 0.043847 0.140268 0.000574 0.118375 0.000202 0.127129
4 0.375133 0.637224 0.374070 0.638801 0.351753 0.638801 0.349628 0.641956 0.349628 0.645110 0.348565 0.646688 0.348565 0.656151 0.347503 0.657729 0.347503 0.660883 0.348565 0.662461 0.348565 0.671924 0.347503 0.673502 0.347503 0.686120 0.346440 0.687697 0.347503 0.689274 0.347503 0.690852 0.348565 0.692429 0.348565 0.694006 0.350691 0.694006 0.351753 0.692429 0.378321 0.692429 0.379384 0.694006 0.383634 0.694006 0.384697 0.692429 0.384697 0.690852 0.385760 0.689274 0.385760 0.686120 0.384697 0.684543 0.383847 0.661987 0.383422 0.653628 0.381934 0.648265 0.378321 0.638801 0.377258 0.637224
9 0.372657 0.179669 0.370213 0.185662 0.555260 0.424448 0.556259 0.413927
9 0.355770 0.188801 0.358852 0.186278 0.422614 0.444653 0.418491 0.445741
9 0.389139 0.662303 0.389129 0.669180 0.498215 0.671688 0.498502 0.664527
7 0.031562 0.804416 0.032200 0.798265 0.000000 0.797161 0.000000 0.802965
9 0.063411 0.184227 0.067450 0.183912 0.058151 0.452508 0.054325 0.452823
9 0.033305 0.489779 0.032721 0.478833 0.007938 0.477524 0.008820 0.487161
9 0.327970 0.158186 0.327460 0.151388 0.089065 0.149227 0.089809 0.153770
9 0.044028 0.153407 0.043804 0.147886 0.000000 0.147019 0.000287 0.151262
1 0.284803 0.457413 0.283741 0.458991 0.270988 0.458991 0.270988 0.462145 0.269926 0.463722 0.269926 0.468454 0.268863 0.470032 0.268863 0.473186 0.267800 0.474763 0.267800 0.482650 0.268863 0.484227 0.267800 0.485804 0.267800 0.506309 0.266738 0.507886 0.267800 0.507886 0.268863 0.509464 0.298618 0.509464 0.300744 0.506309 0.300744 0.495268 0.299681 0.493691 0.299681 0.485804 0.300744 0.484227 0.300744 0.481073 0.301807 0.479495 0.300744 0.477918 0.300744 0.473186 0.299681 0.471609 0.299681 0.466877 0.298618 0.465300 0.298618 0.457413
3 0.049947 0.774448 0.048884 0.776025 0.036132 0.776025 0.036132 0.779180 0.037194 0.780757 0.037194 0.788644 0.036132 0.790221 0.036132 0.794953 0.035069 0.796530 0.035069 0.804416 0.036132 0.805994 0.036132 0.823344 0.035069 0.824921 0.035069 0.828076 0.036132 0.829653 0.038257 0.829653 0.039320 0.828076 0.070138 0.828076 0.071201 0.829653 0.072264 0.828076 0.071201 0.826498 0.071201 0.823344 0.070138 0.821767 0.070138 0.807571 0.071201 0.805994 0.071201 0.801262 0.072264 0.799685 0.072264 0.798107 0.071201 0.796530 0.071201 0.791798 0.070138 0.790221 0.070138 0.779180 0.072264 0.776025 0.072264 0.774448 0.070138 0.774448 0.069075 0.776025 0.065887 0.776025 0.064825 0.774448 0.063762 0.774448 0.062699 0.776025 0.055260 0.776025 0.054198 0.774448
4 0.506908 0.645110 0.505845 0.646688 0.505845 0.648265 0.504782 0.649842 0.504782 0.656151 0.503719 0.657729 0.503719 0.662461 0.502657 0.664038 0.502657 0.667192 0.503719 0.668770 0.503719 0.671924 0.502657 0.673502 0.502657 0.694006 0.511158 0.694006 0.512221 0.695584 0.514346 0.695584 0.515409 0.694006 0.535600 0.694006 0.535600 0.673502 0.534538 0.671924 0.534538 0.668770 0.535600 0.667192 0.535600 0.664038 0.534538 0.662461 0.534538 0.657729 0.533475 0.656151 0.533475 0.652997 0.532412 0.651420 0.532412 0.646688 0.531350 0.646688 0.530287 0.645110
2 0.564293 0.424290 0.562168 0.427445 0.562168 0.432177 0.561105 0.433754 0.561105 0.436909 0.560043 0.438486 0.560043 0.471609 0.561105 0.471609 0.562168 0.473186 0.590861 0.473186 0.591923 0.471609 0.592986 0.471609 0.592986 0.444795 0.591923 0.443218 0.591923 0.436909 0.590861 0.435331 0.590861 0.430599 0.589798 0.429022 0.589798 0.427445 0.587673 0.424290
1 0.336876 0.129338 0.334750 0.132492 0.334750 0.137224 0.333688 0.138801 0.333688 0.143533 0.332625 0.145110 0.332625 0.176656 0.333688 0.178233 0.335813 0.178233 0.336876 0.179811 0.362380 0.179811 0.363443 0.178233 0.364506 0.178233 0.365569 0.176656 0.365569 0.154574 0.364506 0.152997 0.365569 0.151420 0.365569 0.146688 0.364506 0.145110 0.364506 0.141956 0.363443 0.140379 0.363443 0.135647 0.362380 0.134069 0.362380 0.130915 0.361318 0.130915 0.360255 0.129338
3 0.419766 0.476341 0.418704 0.477918 0.418704 0.484227 0.417641 0.485804 0.417641 0.492114 0.416578 0.493691 0.416578 0.496845 0.417641 0.498423 0.417641 0.500000 0.418704 0.501577 0.418704 0.503155 0.417641 0.504732 0.417641 0.517350 0.416578 0.518927 0.417641 0.520505 0.417641 0.523659 0.418704 0.525237 0.418704 0.526814 0.438895 0.526814 0.439957 0.525237 0.443146 0.525237 0.444208 0.526814 0.448459 0.526814 0.449522 0.525237 0.450584 0.525237 0.450584 0.518927 0.449522 0.517350 0.449522 0.503155 0.448459 0.501577 0.449522 0.500000 0.449522 0.495268 0.448459 0.493691 0.448459 0.488959 0.447396 0.487382 0.447396 0.479495 0.446334 0.477918 0.446334 0.476341
2 0.051010 0.460568 0.049947 0.462145 0.042508 0.462145 0.040383 0.465300 0.040383 0.471609 0.039320 0.473186 0.039320 0.477918 0.038257 0.479495 0.038257 0.509464 0.039320 0.509464 0.040383 0.511041 0.070138 0.511041 0.071201 0.509464 0.071201 0.492114 0.070138 0.490536 0.070138 0.473186 0.069075 0.471609 0.069075 0.466877 0.068013 0.465300 0.068013 0.463722 0.066950 0.462145 0.058448 0.462145 0.057386 0.460568
3 0.071201 0.124606 0.070138 0.126183 0.054198 0.126183 0.053135 0.127760 0.052072 0.127760 0.052072 0.137224 0.051010 0.138801 0.051010 0.140379 0.049947 0.141956 0.049947 0.176656 0.087141 0.176656 0.086079 0.176656 0.083953 0.173502 0.083953 0.160883 0.082891 0.159306 0.083953 0.157729 0.083953 0.154574 0.085016 0.152997 0.083953 0.151420 0.083953 0.145110 0.082891 0.143533 0.082891 0.140379 0.081828 0.138801 0.081828 0.135647 0.080765 0.134069 0.080765 0.124606
