1 0.819341 0.910095 0.817216 0.913249 0.817216 0.917981 0.816153 0.919558 0.816153 0.924290 0.815090 0.925868 0.815090 0.932177 0.816153 0.933754 0.846971 0.933754 0.848034 0.932177 0.848034 0.925868 0.846971 0.924290 0.846971 0.921136 0.845909 0.919558 0.845909 0.914826 0.844846 0.913249 0.844846 0.911672 0.843783 0.910095
7 0.272051 0.474448 0.271626 0.482650 0.635282 0.468297 0.635813 0.459464
6 0.270457 0.500789 0.270776 0.508991 0.552285 0.730757 0.550903 0.716877
6 0.594899 0.752050 0.594984 0.760568 0.810627 0.923028 0.812009 0.910883
6 0.486504 0.207571 0.485335 0.199685 0.271095 0.438959 0.271201 0.451577
3 0.523911 0.146688 0.522848 0.148265 0.511158 0.148265 0.510096 0.149842 0.506908 0.149842 0.505845 0.148265 0.489904 0.148265 0.489904 0.149842 0.490967 0.151420 0.490967 0.152997 0.492030 0.154574 0.492030 0.160883 0.490967 0.162461 0.490967 0.164038 0.489904 0.165615 0.489904 0.176656 0.492030 0.179811 0.492030 0.184543 0.490967 0.186120 0.490967 0.195584 0.488842 0.198738 0.488842 0.200315 0.489904 0.201893 0.492030 0.201893 0.493092 0.200315 0.521785 0.200315 0.522848 0.201893 0.526036 0.201893 0.527099 0.200315 0.528162 0.200315 0.528162 0.197161 0.527099 0.195584 0.527099 0.179811 0.528162 0.178233 0.528162 0.170347 0.527099 0.168770 0.527099 0.165615 0.526036 0.164038 0.526036 0.157729 0.523911 0.154574 0.523911 0.152997 0.526036 0.149842 0.527099 0.149842 0.528162 0.148265 0.528162 0.146688
6 0.922529 0.447208 0.921668 0.454148 0.984421 0.463991 0.985962 0.452224
6 0.000000 0.418722 0.000691 0.422618 0.027046 0.462839 0.028852 0.460158 0.000000 0.417177
6 0.027141 0.496041 0.027354 0.491782 0.008438 0.491940 0.008863 0.495568
6 0.031456 0.528249 0.029118 0.524306 0.000000 0.571546 0.000000 0.574511 0.000128 0.576278
6 0.207875 0.485047 0.208013 0.480615 0.070584 0.488849 0.070159 0.494527
6 0.680925 0.459558 0.680287 0.464606 0.877800 0.452208 0.878119 0.446372
3 0.886291 0.422713 0.884166 0.425868 0.884166 0.433754 0.883103 0.435331 0.883103 0.440063 0.882040 0.441640 0.882040 0.470032 0.883103 0.471609 0.913921 0.471609 0.914984 0.470032 0.914984 0.451104 0.913921 0.449527 0.913921 0.447950 0.914984 0.446372 0.914984 0.443218 0.913921 0.441640 0.913921 0.435331 0.912859 0.433754 0.912859 0.429022 0.911796 0.427445 0.911796 0.424290 0.910733 0.422713
3 0.036132 0.468454 0.035069 0.470032 0.035069 0.471609 0.034006 0.473186 0.034006 0.479495 0.032944 0.481073 0.032944 0.488959 0.031881 0.490536 0.031881 0.495268 0.032944 0.496845 0.032944 0.503155 0.031881 0.504732 0.031881 0.512618 0.032944 0.514196 0.032944 0.517350 0.063762 0.517350 0.064825 0.515773 0.064825 0.484227 0.063762 0.482650 0.063762 0.479495 0.062699 0.477918 0.062699 0.473186 0.061637 0.471609 0.061637 0.470032 0.060574 0.470032 0.059511 0.468454
4 0.645058 0.435331 0.643996 0.436909 0.638682 0.436909 0.637620 0.438486 0.637620 0.440063 0.638682 0.441640 0.638682 0.457413 0.637620 0.458991 0.637620 0.488959 0.638682 0.490536 0.674814 0.490536 0.675877 0.488959 0.675877 0.487382 0.676939 0.485804 0.676939 0.476341 0.675877 0.474763 0.675877 0.470032 0.676939 0.468454 0.676939 0.465300 0.675877 0.463722 0.675877 0.454259 0.674814 0.452681 0.674814 0.436909 0.673751 0.435331 0.664187 0.435331 0.663124 0.436909 0.660999 0.436909 0.659936 0.435331
3 0.253985 0.440063 0.252922 0.441640 0.219979 0.441640 0.217853 0.444795 0.217853 0.447950 0.216791 0.449527 0.216791 0.451104 0.215728 0.452681 0.215728 0.454259 0.214665 0.455836 0.214665 0.460568 0.213603 0.462145 0.213603 0.468454 0.212540 0.470032 0.212540 0.474763 0.211477 0.476341 0.211477 0.498423 0.210414 0.500000 0.210414 0.507886 0.213603 0.512618 0.213603 0.515773 0.214665 0.517350 0.217853 0.517350 0.218916 0.518927 0.241233 0.518927 0.242295 0.517350 0.247609 0.517350 0.248672 0.518927 0.260361 0.518927 0.261424 0.520505 0.264612 0.520505 0.265675 0.518927 0.265675 0.507886 0.266738 0.506309 0.266738 0.500000 0.265675 0.498423 0.265675 0.485804 0.266738 0.484227 0.266738 0.476341 0.265675 0.474763 0.265675 0.470032 0.264612 0.468454 0.264612 0.466877 0.262487 0.463722 0.262487 0.460568 0.261424 0.458991 0.261424 0.454259 0.260361 0.452681 0.260361 0.447950 0.259299 0.446372 0.259299 0.444795 0.258236 0.443218 0.258236 0.441640 0.257173 0.441640 0.256111 0.440063
3 0.561105 0.716088 0.560043 0.717666 0.558980 0.717666 0.558980 0.719243 0.557917 0.720820 0.557917 0.727129 0.556854 0.728707 0.556854 0.733438 0.555792 0.735016 0.555792 0.736593 0.556854 0.738170 0.556854 0.742902 0.555792 0.744479 0.555792 0.763407 0.556854 0.764984 0.557917 0.764984 0.558980 0.766562 0.561105 0.766562 0.562168 0.764984 0.587673 0.764984 0.588735 0.763407 0.588735 0.753943 0.587673 0.752366 0.587673 0.730284 0.586610 0.728707 0.586610 0.722397 0.585547 0.720820 0.585547 0.717666 0.584485 0.717666 0.583422 0.716088
