4 0.340625 0.44898 0.340625 0.502319 0.367188 0.502319 0.367188 0.493043 0.370313 0.488404 0.376563 0.488404 0.376563 0.465213 0.371875 0.465213 0.36875 0.460575 0.36875 0.44898
2 0.659375 0.0222644 0.659375 0.0732847 0.695312 0.0732847 0.695312 0.0222644
2 0.565625 0.00371155 0.565625 0.057051 0.589063 0.057051 0.589063 0.0500937 0.590625 0.0477745 0.592188 0.0477745 0.59375 0.0454554 0.601562 0.0454554 0.601562 0.00371155
2 0.684375 0.44898 0.684375 0.502319 0.720313 0.502319 0.720313 0.465213 0.715625 0.465213 0.714063 0.462894 0.714063 0.460575 0.7125 0.458256 0.7125 0.44898
2 0.565625 0.467533 0.565625 0.520872 0.598437 0.520872 0.598437 0.509276 0.6 0.506957 0.6 0.476809 0.598437 0.47449 0.598437 0.467533
2 0.440625 0 0.440625 0.036179 0.465625 0.036179 0.467187 0.0338599 0.46875 0.0338599 0.470313 0.0315408 0.476562 0.0315408 0.476562 0
4 0.346875 0.00371155 0.346875 0.0292217 0.382812 0.0292217 0.382812 0.00371155
6 0.671875 0.0871993 0.671875 0.152134 0.676562 0.152134 0.678125 0.154453 0.678125 0.166049 0.679688 0.168368 0.679688 0.207793 0.68125 0.210112 0.68125 0.242579 0.682813 0.244898 0.682813 0.258813 0.684375 0.261132 0.684375 0.272728 0.685938 0.275047 0.685938 0.307514 0.6875 0.309833 0.6875 0.353896 0.689063 0.356216 0.689063 0.37013 0.690625 0.372449 0.690625 0.391002 0.692187 0.393321 0.692187 0.425789 0.69375 0.428108 0.69375 0.446661 0.7 0.446661 0.7 0.388683 0.698438 0.386364 0.698438 0.363173 0.696875 0.360854 0.696875 0.34462 0.695312 0.342301 0.695312 0.321429 0.69375 0.31911 0.69375 0.2936 0.692187 0.291281 0.692187 0.261132 0.690625 0.258813 0.690625 0.244898 0.689063 0.242579 0.689063 0.219388 0.6875 0.217069 0.6875 0.173006 0.685938 0.170687 0.685938 0.140539 0.684375 0.13822 0.684375 0.126624 0.682813 0.124305 0.682813 0.108071 0.68125 0.105752 0.68125 0.0871993
2 0.240625 0.00371155 0.240625 0.0199453 0.275 0.0199453 0.275 0.00371155
9 0.578125 0.0500937 0.578125 0.465213 0.589063 0.465213 0.589063 0.0500937
9 0.353125 0.0315408 0.353125 0.388683 0.364063 0.388683 0.364063 0.0315408
