17 0.571875 0.513915 0.571875 0.557978 0.596875 0.557978 0.596875 0.548701 0.6 0.544063 0.6 0.513915
16 0.565625 0.81076 0.565625 0.891929 0.60625 0.891929 0.60625 0.884971 0.609375 0.880333 0.610938 0.880333 0.615625 0.873376 0.620313 0.873376 0.620313 0.829313 0.615625 0.829313 0.609375 0.820036 0.609375 0.81076
14 0.878125 0.523191 0.878125 0.567254 0.904688 0.567254 0.904688 0.557978 0.909375 0.55102 0.914062 0.55102 0.914062 0.537106 0.909375 0.537106 0.907813 0.534787 0.907813 0.523191
15 0.859375 0.847866 0.859375 0.882652 0.88125 0.882652 0.88125 0.873376 0.882812 0.871057 0.882812 0.868738 0.884375 0.866419 0.889063 0.866419 0.889063 0.847866
13 0.740625 0.523191 0.740625 0.567254 0.770312 0.567254 0.770312 0.523191
6 0.890625 0.857142 0.890625 0.882652 0.998438 0.882652 0.998438 0.857142
6 0.621875 0.847866 0.621875 0.859461 0.64375 0.859461 0.645312 0.86178 0.65625 0.86178 0.657813 0.859461 0.660937 0.859461 0.6625 0.86178 0.715625 0.86178 0.717188 0.8641 0.734375 0.8641 0.735938 0.866419 0.735938 0.873376 0.853125 0.873376 0.853125 0.847866
8 0.915625 0.532467 0.915625 0.541744 0.921875 0.541744 0.923438 0.544063 0.971875 0.544063 0.973437 0.541744 0.973437 0.532467
6 0.603125 0.532467 0.603125 0.544063 0.664062 0.544063 0.665625 0.546382 0.682813 0.546382 0.684375 0.548701 0.714063 0.548701 0.715625 0.55102 0.715625 0.557978 0.739062 0.557978 0.739062 0.532467
6 0.584375 0.569573 0.584375 0.806122 0.595313 0.806122 0.595313 0.569573
8 0.771875 0.532467 0.771875 0.544063 0.870313 0.544063 0.871875 0.541744 0.875 0.541744 0.876563 0.539425 0.876563 0.532467
6 0.584375 0.560297 0.584375 0.806122 0.595313 0.806122 0.595313 0.560297
