9 0.977035 0.043549 0.974952 0.048849 0.941541 0.000000 0.943762 0.000000 0.948374 0.000473
2 0.638682 0.435331 0.637620 0.436909 0.637620 0.488959 0.638682 0.490536 0.646121 0.490536 0.647184 0.488959 0.664187 0.488959 0.665250 0.490536 0.673751 0.490536 0.675877 0.487382 0.675877 0.482650 0.676939 0.481073 0.676939 0.477918 0.675877 0.476341 0.675877 0.441640 0.676939 0.440063 0.676939 0.438486 0.675877 0.438486 0.673751 0.435331 0.646121 0.435331 0.645058 0.436909 0.640808 0.436909 0.639745 0.435331
2 0.790648 0.168770 0.788523 0.171924 0.788523 0.179811 0.787460 0.181388 0.787460 0.184543 0.786397 0.186120 0.786397 0.216088 0.818278 0.216088 0.818278 0.214511 0.819341 0.212934 0.819341 0.206625 0.818278 0.205047 0.818278 0.192429 0.819341 0.190852 0.819341 0.186120 0.818278 0.184543 0.818278 0.179811 0.817216 0.178233 0.817216 0.171924 0.815090 0.168770
1 0.811902 0.585174 0.810840 0.586751 0.809777 0.586751 0.809777 0.588328 0.808714 0.589905 0.808714 0.594637 0.807651 0.596215 0.807651 0.599369 0.806589 0.600946 0.806589 0.634069 0.809777 0.634069 0.810840 0.635647 0.820404 0.635647 0.821467 0.634069 0.822529 0.635647 0.833156 0.635647 0.834219 0.634069 0.838470 0.634069 0.839532 0.632492 0.839532 0.616719 0.838470 0.615142 0.838470 0.610410 0.839532 0.608833 0.839532 0.604101 0.838470 0.602524 0.838470 0.597792 0.837407 0.596215 0.837407 0.589905 0.836344 0.588328 0.836344 0.586751 0.835282 0.585174
1 0.984060 0.050473 0.982997 0.052050 0.981934 0.052050 0.980871 0.053628 0.980871 0.056782 0.981934 0.058360 0.981934 0.061514 0.980871 0.063091 0.980871 0.067823 0.979809 0.069401 0.979809 0.100946 0.981934 0.104101 0.984060 0.104101 0.985122 0.105678 0.986185 0.105678 0.987248 0.104101 0.998937 0.104101 0.998937 0.052050 0.989373 0.052050 0.988310 0.050473
6 0.680489 0.480016 0.679532 0.486009 0.800340 0.594227 0.802040 0.584132
6 0.846844 0.605016 0.846833 0.609401 0.974814 0.605836 0.974495 0.600315
6 0.976482 0.096262 0.976376 0.091372 0.824920 0.177839 0.826100 0.183833
6 0.782901 0.222256 0.789787 0.229826 0.681722 0.432965 0.671307 0.429338
6 0.970616 0.910347 0.964134 0.906293 0.985632 0.869811 0.985972 0.881972
9 0.985101 0.127003 0.985101 0.117382 0.831913 0.576924 0.836695 0.578975
