4 0.818278 0.430599 0.817216 0.432177 0.817216 0.435331 0.816153 0.436909 0.816153 0.441640 0.815090 0.443218 0.815090 0.446372 0.814028 0.447950 0.814028 0.452681 0.815090 0.454259 0.815090 0.455836 0.814028 0.457413 0.814028 0.477918 0.815090 0.479495 0.845909 0.479495 0.846971 0.477918 0.846971 0.458991 0.845909 0.457413 0.845909 0.452681 0.846971 0.451104 0.846971 0.449527 0.845909 0.447950 0.845909 0.443218 0.844846 0.441640 0.844846 0.435331 0.843783 0.433754 0.843783 0.432177 0.842721 0.430599
1 0.363443 0.739748 0.362380 0.741325 0.361318 0.741325 0.361318 0.746057 0.360255 0.747634 0.360255 0.753943 0.359192 0.755521 0.359192 0.764984 0.358130 0.766562 0.358130 0.780757 0.357067 0.782334 0.357067 0.788644 0.358130 0.790221 0.359192 0.790221 0.360255 0.791798 0.367694 0.791798 0.368757 0.790221 0.371945 0.790221 0.373007 0.791798 0.392136 0.791798 0.393199 0.790221 0.393199 0.779180 0.392136 0.777603 0.392136 0.766562 0.391073 0.764984 0.391073 0.763407 0.392136 0.761830 0.392136 0.753943 0.390011 0.750789 0.390011 0.747634 0.388948 0.746057 0.388948 0.741325 0.387885 0.739748
3 0.000000 0.548896 0.000000 0.602524 0.023379 0.602524 0.024442 0.604101 0.024442 0.594637 0.023379 0.593060 0.023379 0.559937 0.020191 0.555205 0.020191 0.550473 0.015940 0.550473 0.014878 0.548896
4 0.091392 0.780757 0.090329 0.782334 0.068013 0.782334 0.068013 0.783912 0.066950 0.785489 0.066950 0.790221 0.065887 0.791798 0.065887 0.796530 0.064825 0.798107 0.064825 0.815457 0.063762 0.817035 0.063762 0.824921 0.064825 0.826498 0.064825 0.832808 0.065887 0.832808 0.066950 0.834385 0.095643 0.834385 0.096706 0.832808 0.097768 0.832808 0.097768 0.794953 0.096706 0.793375 0.096706 0.790221 0.095643 0.788644 0.095643 0.783912 0.094580 0.782334 0.092455 0.782334
2 0.004251 0.219243 0.003188 0.220820 0.002125 0.220820 0.001063 0.222397 0.000000 0.222397 0.000000 0.269716 0.005313 0.269716 0.006376 0.268139 0.013815 0.268139 0.014878 0.269716 0.020191 0.269716 0.021254 0.268139 0.024442 0.268139 0.025505 0.269716 0.029756 0.269716 0.031881 0.266562 0.031881 0.238170 0.030818 0.236593 0.030818 0.231861 0.029756 0.230284 0.029756 0.227129 0.028693 0.225552 0.028693 0.222397 0.027630 0.220820 0.021254 0.220820 0.020191 0.219243
4 0.672689 0.433754 0.671626 0.435331 0.638682 0.435331 0.637620 0.436909 0.637620 0.443218 0.638682 0.444795 0.638682 0.454259 0.637620 0.455836 0.637620 0.463722 0.638682 0.465300 0.638682 0.468454 0.637620 0.470032 0.637620 0.488959 0.638682 0.490536 0.674814 0.490536 0.676939 0.487382 0.676939 0.477918 0.675877 0.476341 0.675877 0.455836 0.674814 0.454259 0.674814 0.436909 0.673751 0.435331 0.673751 0.433754
6 0.008363 0.272019 0.005494 0.271703 0.006079 0.440442 0.008948 0.445016
9 0.636397 0.489290 0.635005 0.483612 0.396801 0.739196 0.399245 0.742666
6 0.398767 0.759653 0.399044 0.764085 0.775058 0.738943 0.774942 0.734700
9 0.398767 0.789921 0.397598 0.794968 0.544846 0.982587 0.547078 0.978801
6 0.799479 0.768486 0.795643 0.768249 0.797386 0.933580 0.801530 0.933423
7 0.000128 0.751830 0.000000 0.755237 0.000000 0.757555 0.058895 0.795678 0.059107 0.789842
6 0.000117 0.930457 0.000223 0.935032 0.183326 1.000000 0.195441 1.000000
6 0.038268 0.238517 0.038480 0.244353 0.238247 0.216215 0.237928 0.210221
9 0.829862 0.485962 0.825515 0.487397 0.799033 0.702350 0.805090 0.702350
6 0.029097 0.583691 0.028990 0.589369 0.354176 0.756767 0.354920 0.750615
7 0.398406 0.771767 0.398512 0.781073 0.714389 0.977603 0.728587 0.977445
6 0.028374 0.570426 0.028151 0.561924 0.232094 0.477413 0.232189 0.483233
6 0.017343 0.277429 0.014155 0.277429 0.007205 0.520110 0.009501 0.518596
6 0.008895 0.215158 0.005335 0.215158 0.006196 0.000000 0.007269 0.000000 0.008533 0.000426
1 0.253985 0.444795 0.252922 0.446372 0.242295 0.446372 0.241233 0.447950 0.240170 0.447950 0.240170 0.449527 0.239107 0.451104 0.239107 0.457413 0.238045 0.458991 0.238045 0.463722 0.236982 0.465300 0.236982 0.493691 0.238045 0.495268 0.268863 0.495268 0.269926 0.493691 0.269926 0.463722 0.268863 0.462145 0.268863 0.458991 0.267800 0.457413 0.267800 0.452681 0.266738 0.451104 0.266738 0.447950 0.265675 0.447950 0.264612 0.446372 0.257173 0.446372 0.256111 0.444795
6 0.390234 0.797997 0.386706 0.797666 0.459543 1.000000 0.464102 1.000000
6 0.260436 0.243344 0.256185 0.243659 0.253581 0.439306 0.257407 0.439937
1 0.786397 0.709779 0.785335 0.711356 0.783209 0.711356 0.783209 0.712934 0.782147 0.714511 0.781084 0.712934 0.781084 0.711356 0.778959 0.711356 0.778959 0.712934 0.781084 0.712934 0.782147 0.714511 0.782147 0.716088 0.780021 0.719243 0.780021 0.728707 0.778959 0.730284 0.778959 0.736593 0.777896 0.738170 0.777896 0.764984 0.781084 0.764984 0.782147 0.763407 0.788523 0.763407 0.789586 0.761830 0.811902 0.761830 0.812965 0.760252 0.814028 0.760252 0.815090 0.758675 0.815090 0.749211 0.814028 0.747634 0.814028 0.742902 0.811902 0.739748 0.814028 0.736593 0.814028 0.725552 0.812965 0.723975 0.812965 0.722397 0.811902 0.720820 0.811902 0.717666 0.810840 0.716088 0.810840 0.711356 0.807651 0.711356 0.806589 0.709779 0.799150 0.709779 0.798087 0.711356 0.797024 0.711356 0.795962 0.709779
2 0.246546 0.184543 0.244421 0.187697 0.244421 0.195584 0.243358 0.197161 0.243358 0.203470 0.242295 0.205047 0.242295 0.209779 0.243358 0.211356 0.242295 0.212934 0.242295 0.233438 0.243358 0.233438 0.244421 0.235016 0.249734 0.235016 0.250797 0.233438 0.251860 0.233438 0.252922 0.235016 0.274176 0.235016 0.275239 0.233438 0.275239 0.223975 0.274176 0.222397 0.274176 0.220820 0.275239 0.219243 0.275239 0.217666 0.274176 0.216088 0.274176 0.209779 0.275239 0.208202 0.275239 0.205047 0.274176 0.203470 0.274176 0.198738 0.273114 0.197161 0.273114 0.190852 0.272051 0.189274 0.272051 0.187697 0.270988 0.186120 0.269926 0.186120 0.268863 0.184543 0.252922 0.184543 0.251860 0.186120 0.250797 0.184543
