7 0.642264 0.414085 0.639501 0.416609 0.458268 0.080773 0.461456 0.077145
6 0.635377 0.471609 0.635133 0.466672 0.303050 0.759164 0.303783 0.764085
6 0.583581 0.674732 0.579957 0.674732 0.553337 0.842839 0.557481 0.844905
2 0.865037 0.618297 0.862912 0.621451 0.862912 0.627760 0.861849 0.629338 0.861849 0.637224 0.860786 0.638801 0.860786 0.667192 0.887354 0.667192 0.888417 0.668770 0.889479 0.667192 0.892667 0.667192 0.893730 0.665615 0.893730 0.646688 0.892667 0.645110 0.892667 0.638801 0.893730 0.637224 0.893730 0.635647 0.892667 0.634069 0.892667 0.627760 0.891605 0.626183 0.891605 0.621451 0.889479 0.618297
3 0.962806 0.916404 0.962806 0.919558 0.961743 0.921136 0.962806 0.922713 0.962806 0.932177 0.963868 0.933754 0.965994 0.933754 0.967056 0.935331 0.977683 0.935331 0.980871 0.940063 0.980871 0.973186 0.986185 0.973186 0.987248 0.974763 0.994687 0.974763 0.995749 0.973186 0.998937 0.973186 0.998937 0.930599 0.997875 0.930599 0.996812 0.929022 0.996812 0.924290 0.997875 0.922713 0.998937 0.922713 0.998937 0.919558 0.986185 0.919558 0.985122 0.917981 0.981934 0.917981 0.980871 0.919558 0.968119 0.919558 0.967056 0.917981 0.963868 0.917981
1 0.657811 0.419558 0.656748 0.421136 0.638682 0.421136 0.638682 0.422713 0.637620 0.424290 0.637620 0.474763 0.638682 0.476341 0.655685 0.476341 0.656748 0.474763 0.660999 0.474763 0.662062 0.476341 0.671626 0.476341 0.672689 0.474763 0.675877 0.474763 0.676939 0.473186 0.676939 0.463722 0.675877 0.462145 0.675877 0.458991 0.676939 0.457413 0.676939 0.454259 0.675877 0.452681 0.675877 0.432177 0.676939 0.430599 0.676939 0.421136 0.675877 0.421136 0.674814 0.419558 0.670563 0.419558 0.669501 0.421136 0.658874 0.421136
0 0.573858 0.616719 0.571732 0.619874 0.571732 0.627760 0.570670 0.629338 0.570670 0.643533 0.569607 0.645110 0.569607 0.664038 0.570670 0.665615 0.601488 0.665615 0.602550 0.664038 0.602550 0.645110 0.601488 0.643533 0.601488 0.630915 0.600425 0.629338 0.600425 0.624606 0.599362 0.623028 0.599362 0.618297 0.597237 0.618297 0.596174 0.616719 0.590861 0.616719 0.589798 0.618297 0.585547 0.618297 0.584485 0.616719
9 0.528427 0.893202 0.527673 0.888170 0.390584 0.978107 0.397917 0.979054
9 0.527598 0.887129 0.528278 0.882571 0.260340 0.978817 0.275356 0.978817
3 0.038257 0.873817 0.038257 0.875394 0.037194 0.876972 0.037194 0.883281 0.036132 0.884858 0.036132 0.889590 0.035069 0.891167 0.035069 0.894322 0.036132 0.895899 0.036132 0.899054 0.035069 0.900631 0.035069 0.919558 0.037194 0.922713 0.065887 0.922713 0.066950 0.921136 0.068013 0.921136 0.068013 0.891167 0.066950 0.889590 0.066950 0.886435 0.065887 0.884858 0.065887 0.878549 0.064825 0.876972 0.064825 0.875394 0.063762 0.873817
0 0.551541 0.851735 0.550478 0.853312 0.536663 0.853312 0.536663 0.856467 0.535600 0.858044 0.535600 0.862776 0.534538 0.864353 0.534538 0.867508 0.533475 0.869085 0.533475 0.900631 0.534538 0.902208 0.564293 0.902208 0.566419 0.899054 0.566419 0.881703 0.565356 0.880126 0.566419 0.878549 0.566419 0.872240 0.565356 0.870662 0.565356 0.865931 0.564293 0.864353 0.564293 0.856467 0.563231 0.854890 0.563231 0.853312 0.561105 0.853312 0.560043 0.851735
3 0.354942 0.171924 0.353879 0.173502 0.348565 0.173502 0.347503 0.175079 0.347503 0.176656 0.346440 0.178233 0.346440 0.182965 0.345377 0.184543 0.345377 0.209779 0.344315 0.211356 0.344315 0.219243 0.345377 0.220820 0.350691 0.220820 0.351753 0.222397 0.352816 0.222397 0.353879 0.220820 0.358130 0.220820 0.359192 0.222397 0.365569 0.222397 0.366631 0.220820 0.369819 0.220820 0.370882 0.222397 0.374070 0.222397 0.375133 0.220820 0.377258 0.220820 0.377258 0.201893 0.376196 0.200315 0.376196 0.195584 0.377258 0.194006 0.377258 0.192429 0.376196 0.190852 0.376196 0.182965 0.375133 0.181388 0.375133 0.178233 0.374070 0.176656 0.374070 0.175079 0.373007 0.173502 0.368757 0.173502 0.367694 0.171924
4 0.161530 0.408517 0.160468 0.410095 0.160468 0.411672 0.159405 0.413249 0.159405 0.417981 0.158342 0.419558 0.158342 0.424290 0.157279 0.425868 0.157279 0.429022 0.158342 0.430599 0.158342 0.436909 0.157279 0.438486 0.157279 0.455836 0.158342 0.457413 0.189160 0.457413 0.190223 0.455836 0.190223 0.435331 0.189160 0.433754 0.189160 0.432177 0.190223 0.430599 0.190223 0.425868 0.189160 0.424290 0.189160 0.417981 0.188098 0.416404 0.188098 0.411672 0.185972 0.408517
0 0.782147 0.225552 0.781084 0.227129 0.778959 0.227129 0.778959 0.230284 0.777896 0.231861 0.777896 0.236593 0.776833 0.238170 0.776833 0.244479 0.775770 0.246057 0.775770 0.249211 0.776833 0.250789 0.776833 0.252366 0.775770 0.253943 0.775770 0.274448 0.776833 0.274448 0.777896 0.276025 0.782147 0.276025 0.783209 0.274448 0.784272 0.276025 0.805526 0.276025 0.806589 0.274448 0.807651 0.274448 0.808714 0.272871 0.808714 0.253943 0.807651 0.252366 0.807651 0.250789 0.808714 0.249211 0.808714 0.246057 0.807651 0.244479 0.807651 0.239748 0.806589 0.238170 0.806589 0.233438 0.805526 0.231861 0.805526 0.228707 0.804463 0.227129 0.803401 0.227129 0.802338 0.225552 0.794899 0.225552 0.793836 0.227129 0.784272 0.227129 0.783209 0.225552
3 0.430393 0.020505 0.429330 0.022082 0.428268 0.022082 0.427205 0.023659 0.427205 0.031546 0.426142 0.033123 0.426142 0.052050 0.425080 0.053628 0.425080 0.067823 0.427205 0.070978 0.428268 0.070978 0.429330 0.069401 0.456961 0.069401 0.458023 0.067823 0.458023 0.052050 0.456961 0.050473 0.456961 0.044164 0.458023 0.042587 0.456961 0.041009 0.456961 0.034700 0.455898 0.033123 0.455898 0.026814 0.454835 0.025237 0.454835 0.022082 0.453773 0.020505
2 0.236982 0.561514 0.235919 0.563091 0.222104 0.563091 0.219979 0.566246 0.219979 0.574132 0.218916 0.575710 0.218916 0.577287 0.217853 0.578864 0.217853 0.608833 0.218916 0.610410 0.249734 0.610410 0.250797 0.608833 0.250797 0.577287 0.249734 0.575710 0.249734 0.574132 0.248672 0.572555 0.248672 0.569401 0.247609 0.567823 0.247609 0.563091 0.244421 0.563091 0.243358 0.561514
2 0.277365 0.755521 0.276302 0.757098 0.268863 0.757098 0.267800 0.758675 0.267800 0.760252 0.266738 0.761830 0.266738 0.766562 0.265675 0.768139 0.265675 0.772871 0.264612 0.774448 0.264612 0.804416 0.265675 0.804416 0.266738 0.805994 0.273114 0.805994 0.274176 0.804416 0.280553 0.804416 0.281615 0.805994 0.284803 0.805994 0.285866 0.804416 0.286929 0.804416 0.287991 0.805994 0.295430 0.805994 0.296493 0.804416 0.297556 0.804416 0.297556 0.782334 0.296493 0.780757 0.297556 0.779180 0.297556 0.774448 0.296493 0.772871 0.296493 0.768139 0.295430 0.766562 0.295430 0.761830 0.294368 0.760252 0.294368 0.758675 0.293305 0.757098 0.289054 0.757098 0.287991 0.755521
2 0.653560 0.018927 0.652497 0.020505 0.651435 0.020505 0.651435 0.022082 0.650372 0.023659 0.650372 0.028391 0.649309 0.029968 0.649309 0.034700 0.648247 0.036278 0.648247 0.037855 0.649309 0.039432 0.649309 0.066246 0.650372 0.066246 0.651435 0.067823 0.680128 0.067823 0.681190 0.066246 0.681190 0.052050 0.680128 0.050473 0.680128 0.045741 0.679065 0.044164 0.679065 0.042587 0.680128 0.041009 0.680128 0.039432 0.681190 0.037855 0.680128 0.036278 0.680128 0.033123 0.679065 0.031546 0.679065 0.026814 0.678002 0.025237 0.678002 0.020505 0.676939 0.020505 0.675877 0.018927
2 0.958555 0.041009 0.957492 0.042587 0.954304 0.042587 0.954304 0.045741 0.953241 0.047319 0.953241 0.050473 0.952179 0.052050 0.952179 0.056782 0.951116 0.058360 0.951116 0.080442 0.950053 0.082019 0.950053 0.083596 0.951116 0.085174 0.951116 0.088328 0.952179 0.088328 0.953241 0.089905 0.982997 0.089905 0.984060 0.088328 0.984060 0.067823 0.982997 0.066246 0.982997 0.052050 0.981934 0.050473 0.981934 0.047319 0.980871 0.045741 0.980871 0.042587 0.979809 0.042587 0.978746 0.041009 0.963868 0.041009 0.962806 0.042587 0.960680 0.042587 0.959617 0.041009
2 0.909671 0.216088 0.908608 0.217666 0.908608 0.219243 0.907545 0.220820 0.907545 0.225552 0.906482 0.227129 0.906482 0.230284 0.905420 0.231861 0.905420 0.253943 0.904357 0.255521 0.904357 0.261830 0.905420 0.263407 0.938363 0.263407 0.938363 0.258675 0.939426 0.257098 0.939426 0.249211 0.938363 0.247634 0.938363 0.230284 0.937301 0.228707 0.937301 0.227129 0.936238 0.225552 0.936238 0.222397 0.935175 0.220820 0.935175 0.217666 0.934113 0.216088
6 0.554219 0.909290 0.549862 0.908975 0.551318 0.979006 0.555675 0.978375
6 0.610861 0.648565 0.610329 0.634448 0.857758 0.639148 0.857864 0.644795
6 0.890489 0.674054 0.888470 0.675789 0.962837 0.892066 0.965675 0.889968
6 0.680935 0.449937 0.681265 0.457508 0.999575 0.531609 0.999787 0.526230
6 0.635260 0.459464 0.635367 0.454101 0.256196 0.576609 0.258108 0.584653
6 0.197173 0.431688 0.196748 0.436341 0.636344 0.452508 0.635430 0.445063
6 0.634591 0.427129 0.634591 0.432050 0.381456 0.218596 0.384102 0.213691
6 0.666451 0.077634 0.662986 0.077634 0.657853 0.416293 0.661668 0.414874
6 0.772784 0.286593 0.768831 0.283896 0.679267 0.415363 0.681116 0.417902
6 0.816057 0.246309 0.815175 0.254148 0.904155 0.246341 0.903624 0.239243
6 0.943603 0.270710 0.941158 0.274022 0.998874 0.367161 0.999607 0.361483
9 0.529352 0.908249 0.527333 0.905410 0.474888 0.979227 0.479564 0.978580
9 0.527556 0.879748 0.527301 0.874069 0.074176 0.893218 0.074559 0.899085
9 0.534835 0.910584 0.532604 0.906798 0.495388 0.978533 0.499214 0.978691
9 0.572774 0.876703 0.572455 0.882050 0.893496 0.933975 0.918045 0.933344
9 0.529532 0.899890 0.526993 0.895631 0.443836 0.979196 0.449362 0.978880
7 0.198576 0.407681 0.194623 0.400063 0.338767 0.221861 0.341137 0.227729
