6 0.467800 0.744132 0.467163 0.740032 0.632497 0.510505 0.634952 0.513975
6 0.000064 0.570221 0.000436 0.574748 0.028820 0.586893 0.028820 0.582098
6 0.050531 0.627035 0.047630 0.625647 0.028746 0.883659 0.031711 0.884874
6 0.074113 0.601546 0.073730 0.605521 0.422349 0.764274 0.422657 0.760174
9 0.447609 0.805142 0.453114 0.979101 0.449617 0.978817 0.444538 0.804779
6 0.460956 0.804621 0.458470 0.805978 0.529044 0.971751 0.529989 0.965536
3 0.659936 0.451104 0.658874 0.452681 0.645058 0.452681 0.642933 0.455836 0.642933 0.457413 0.641870 0.458991 0.641870 0.462145 0.640808 0.463722 0.640808 0.465300 0.639745 0.466877 0.639745 0.500000 0.641870 0.503155 0.651435 0.503155 0.652497 0.501577 0.655685 0.501577 0.656748 0.503155 0.659936 0.503155 0.660999 0.501577 0.662062 0.501577 0.663124 0.503155 0.666312 0.503155 0.667375 0.501577 0.673751 0.501577 0.673751 0.465300 0.672689 0.463722 0.672689 0.460568 0.671626 0.458991 0.671626 0.455836 0.669501 0.452681 0.666312 0.452681 0.665250 0.451104
3 0.063762 0.564669 0.062699 0.566246 0.054198 0.566246 0.053135 0.567823 0.051010 0.567823 0.049947 0.566246 0.032944 0.566246 0.034006 0.566246 0.036132 0.569401 0.036132 0.575710 0.035069 0.577287 0.035069 0.580442 0.034006 0.582019 0.034006 0.586751 0.032944 0.588328 0.032944 0.589905 0.034006 0.591483 0.034006 0.597792 0.032944 0.599369 0.032944 0.616719 0.031881 0.618297 0.032944 0.618297 0.034006 0.619874 0.045696 0.619874 0.046759 0.618297 0.069075 0.618297 0.068013 0.616719 0.068013 0.613565 0.066950 0.611987 0.066950 0.593060 0.068013 0.591483 0.068013 0.588328 0.066950 0.586751 0.066950 0.582019 0.065887 0.580442 0.065887 0.575710 0.064825 0.574132 0.064825 0.569401 0.066950 0.566246 0.064825 0.566246
3 0.462274 0.746057 0.460149 0.749211 0.458023 0.749211 0.456961 0.747634 0.430393 0.747634 0.428268 0.750789 0.428268 0.757098 0.427205 0.758675 0.427205 0.768139 0.426142 0.769716 0.427205 0.771293 0.427205 0.776025 0.426142 0.777603 0.426142 0.790221 0.427205 0.791798 0.427205 0.799685 0.428268 0.799685 0.429330 0.798107 0.460149 0.798107 0.461211 0.796530 0.461211 0.772871 0.462274 0.771293 0.462274 0.768139 0.461211 0.766562 0.461211 0.750789 0.462274 0.749211
3 0.017003 0.891167 0.015940 0.892744 0.013815 0.892744 0.013815 0.894322 0.012752 0.895899 0.012752 0.900631 0.011690 0.902208 0.011690 0.906940 0.010627 0.908517 0.010627 0.913249 0.011690 0.914826 0.011690 0.921136 0.010627 0.922713 0.010627 0.940063 0.011690 0.941640 0.041445 0.941640 0.043571 0.938486 0.043571 0.922713 0.042508 0.921136 0.042508 0.905363 0.041445 0.903785 0.041445 0.900631 0.040383 0.899054 0.040383 0.894322 0.039320 0.892744 0.035069 0.892744 0.034006 0.891167 0.029756 0.891167 0.028693 0.892744 0.018066 0.892744
9 0.427056 0.805379 0.424006 0.803123 0.320308 0.978801 0.324251 0.979590
9 0.437492 0.806120 0.387843 0.978344 0.385994 0.973028 0.434559 0.804132
