6 0.917152 0.276861 0.917152 0.270079 0.625739 0.209069 0.626397 0.216151
6 0.313199 0.253896 0.319256 0.253580 0.317535 0.474069 0.313815 0.472334
6 0.331775 0.795284 0.332434 0.811325 0.442179 0.834211 0.443061 0.817855
6 0.503847 0.822855 0.503358 0.840726 0.607014 0.836909 0.605420 0.820347
6 0.650531 0.826073 0.649702 0.832950 0.747609 0.833438 0.747503 0.827603
6 0.795175 0.806940 0.795175 0.818707 1.000000 0.672082 1.000000 0.668707 0.999819 0.664164
6 0.997843 0.367161 0.998587 0.356278 0.957141 0.299180 0.952040 0.307697
13 0.310308 0.201893 0.309033 0.202050 0.306695 0.203155 0.306057 0.205047 0.305632 0.206940 0.304995 0.209779 0.304251 0.212145 0.303932 0.214511 0.303932 0.235016 0.304145 0.239432 0.307864 0.240852 0.313603 0.240536 0.316791 0.240379 0.319129 0.240063 0.321573 0.240536 0.324442 0.240852 0.326567 0.240221 0.329437 0.238486 0.330074 0.232334 0.328799 0.214511 0.328799 0.212934 0.328374 0.210095 0.328055 0.206309 0.326567 0.202208 0.325186 0.201577 0.323379 0.201735 0.320935 0.201893 0.319554 0.201577 0.312115 0.201577
6 0.109416 0.064054 0.109277 0.056656 0.000000 0.141404 -0.000000 0.146309 0.000128 0.149732
6 0.147556 0.059495 0.147131 0.068170 0.294017 0.206845 0.294761 0.196751
6 0.338927 0.216625 0.339543 0.223549 0.588427 0.213533 0.588427 0.206956
12 0.116684 0.025237 0.114984 0.030442 0.114028 0.037066 0.114134 0.043849 0.113815 0.049211 0.113921 0.057413 0.113709 0.059937 0.114028 0.063565 0.120723 0.064511 0.124123 0.064196 0.130499 0.063565 0.141020 0.064511 0.140276 0.055678 0.140701 0.048423 0.140914 0.044006 0.140383 0.039432 0.140276 0.035331 0.139426 0.032019 0.138789 0.028707 0.137832 0.025237
16 0.492030 0.873817 0.494155 0.873817 0.495218 0.875394 0.500531 0.875394 0.500531 0.870662 0.499469 0.872240 0.497343 0.872240 0.496281 0.873817 0.492030 0.873817 0.449522 0.870662 0.451647 0.873817 0.445271 0.873817 0.446334 0.872240 0.497343 0.859621 0.496281 0.859621 0.495218 0.861199 0.494155 0.861199 0.493092 0.862776 0.492030 0.862776 0.490967 0.864353 0.489904 0.864353 0.488842 0.865931 0.486716 0.865931 0.485654 0.867508 0.483528 0.867508 0.482465 0.869085 0.481403 0.869085 0.480340 0.870662 0.472901 0.870662 0.471838 0.872240 0.469713 0.872240 0.468650 0.870662 0.463337 0.870662 0.462274 0.869085 0.460149 0.869085 0.459086 0.867508 0.455898 0.867508 0.451647 0.793375 0.445271 0.793375 0.451647 0.793375 0.455898 0.867508 0.454835 0.865931 0.451647 0.865931 0.451647 0.864353 0.450584 0.862776 0.449522 0.864353 0.448459 0.864353 0.447396 0.865931 0.446334 0.865931 0.446334 0.862776 0.445271 0.861199 0.445271 0.856467 0.444208 0.854890 0.444208 0.848580 0.445271 0.847003 0.445271 0.831230 0.444208 0.829653 0.444208 0.824921 0.445271 0.823344 0.445271 0.821767 0.444208 0.820189 0.444208 0.813880 0.445271 0.812303 0.445271 0.807571 0.447396 0.804416 0.448459 0.804416 0.449522 0.802839 0.450584 0.802839 0.451647 0.801262 0.452710 0.801262 0.454835 0.798107 0.454835 0.796530 0.460149 0.796530 0.461211 0.794953 0.480340 0.794953 0.481403 0.796530 0.488842 0.796530 0.494155 0.804416 0.497343 0.799685 0.497343 0.798107 0.495218 0.794953 0.494155 0.794953 0.493092 0.793375 0.492030 0.793375 0.498406 0.793375 0.498406 0.802839 0.499469 0.804416 0.499469 0.813880 0.498406 0.815457 0.499469 0.817035 0.499469 0.818612 0.500531 0.820189 0.500531 0.824921 0.499469 0.826498 0.499469 0.858044 0.498406 0.858044 0.497343 0.859621 0.446334 0.872240 0.446334 0.870662 0.449522 0.870662
16 0.767269 0.805994 0.766206 0.807571 0.760893 0.807571 0.759830 0.809148 0.757705 0.809148 0.755579 0.812303 0.754516 0.812303 0.753454 0.813880 0.753454 0.815457 0.752391 0.817035 0.752391 0.834385 0.753454 0.835962 0.753454 0.845426 0.754516 0.847003 0.754516 0.848580 0.755579 0.848580 0.756642 0.850158 0.757705 0.850158 0.758767 0.851735 0.761955 0.851735 0.763018 0.853312 0.775770 0.853312 0.776833 0.851735 0.780021 0.851735 0.781084 0.850158 0.783209 0.850158 0.786397 0.845426 0.786397 0.840694 0.787460 0.839117 0.787460 0.834385 0.786397 0.832808 0.786397 0.813880 0.784272 0.810726 0.783209 0.810726 0.782147 0.809148 0.781084 0.809148 0.780021 0.807571 0.771520 0.807571 0.770457 0.805994
13 0.329437 0.476341 0.328374 0.477918 0.327311 0.477918 0.326249 0.479495 0.321998 0.479495 0.320935 0.481073 0.303932 0.481073 0.302869 0.479495 0.300744 0.479495 0.302869 0.482650 0.302869 0.484227 0.300744 0.487382 0.300744 0.518927 0.301807 0.520505 0.329437 0.520505 0.329437 0.518927 0.328374 0.517350 0.328374 0.515773 0.327311 0.514196 0.327311 0.511041 0.328374 0.509464 0.328374 0.504732 0.329437 0.503155 0.329437 0.500000 0.328374 0.498423 0.328374 0.492114 0.327311 0.490536 0.328374 0.488959 0.329437 0.488959 0.329437 0.482650 0.330499 0.481073 0.330499 0.477918
16 0.329437 0.818612 0.329437 0.821767 0.329437 0.818612 0.326249 0.815457 0.328374 0.812303 0.328374 0.809148 0.327311 0.807571 0.327311 0.801262 0.328374 0.799685 0.328374 0.788644 0.329437 0.787066 0.329437 0.785489 0.328374 0.783912 0.328374 0.779180 0.329437 0.777603 0.329437 0.776025 0.328374 0.776025 0.327311 0.777603 0.326249 0.777603 0.325186 0.779180 0.317747 0.779180 0.316684 0.777603 0.312434 0.777603 0.311371 0.779180 0.309245 0.779180 0.308183 0.780757 0.304995 0.780757 0.303932 0.782334 0.300744 0.782334 0.298618 0.779180 0.298618 0.794953 0.297556 0.796530 0.297556 0.798107 0.298618 0.799685 0.298618 0.805994 0.299681 0.807571 0.299681 0.812303 0.301807 0.815457 0.302869 0.815457 0.303932 0.817035 0.307120 0.817035 0.308183 0.818612 0.316684 0.818612 0.317747 0.817035 0.320935 0.817035 0.321998 0.815457 0.326249 0.815457
17 0.598300 0.189274 0.597237 0.190852 0.596174 0.190852 0.592986 0.195584 0.592986 0.201893 0.591923 0.203470 0.591923 0.223975 0.590861 0.225552 0.590861 0.228707 0.591923 0.228707 0.594049 0.225552 0.600425 0.225552 0.601488 0.223975 0.609989 0.223975 0.611052 0.222397 0.618491 0.222397 0.618491 0.217666 0.619554 0.216088 0.619554 0.209779 0.620616 0.208202 0.620616 0.192429 0.619554 0.190852 0.619554 0.189274 0.616366 0.189274 0.615303 0.190852 0.609989 0.190852 0.608927 0.189274
17 0.922423 0.253943 0.921360 0.255521 0.921360 0.258675 0.922423 0.260252 0.922423 0.266562 0.921360 0.268139 0.921360 0.290221 0.920298 0.291798 0.920298 0.293375 0.919235 0.294953 0.919235 0.299685 0.920298 0.299685 0.922423 0.296530 0.927736 0.296530 0.928799 0.294953 0.937301 0.294953 0.938363 0.293375 0.939426 0.294953 0.945802 0.294953 0.946865 0.293375 0.950053 0.293375 0.950053 0.291798 0.948990 0.290221 0.948990 0.282334 0.950053 0.280757 0.950053 0.255521 0.948990 0.253943 0.945802 0.253943 0.942614 0.258675 0.940489 0.258675 0.939426 0.257098 0.938363 0.258675 0.933050 0.258675 0.931987 0.257098 0.930925 0.257098 0.929862 0.255521 0.925611 0.255521 0.924548 0.253943
16 0.606801 0.801262 0.606801 0.813880 0.607864 0.815457 0.607864 0.835962 0.608927 0.837539 0.608927 0.843849 0.609989 0.845426 0.609989 0.848580 0.611052 0.850158 0.611052 0.856467 0.615303 0.856467 0.616366 0.854890 0.621679 0.854890 0.622742 0.856467 0.623804 0.856467 0.624867 0.858044 0.638682 0.858044 0.639745 0.856467 0.639745 0.853312 0.640808 0.851735 0.640808 0.850158 0.641870 0.848580 0.642933 0.848580 0.643996 0.850158 0.643996 0.856467 0.646121 0.859621 0.646121 0.858044 0.647184 0.856467 0.647184 0.854890 0.646121 0.853312 0.646121 0.848580 0.645058 0.847003 0.645058 0.809148 0.643996 0.807571 0.641870 0.807571 0.639745 0.804416 0.639745 0.802839 0.638682 0.802839 0.637620 0.801262 0.623804 0.801262 0.622742 0.802839 0.621679 0.802839 0.620616 0.801262
6 0.313475 0.530505 0.317938 0.530662 0.316281 0.771388 0.311488 0.771751
6 0.293029 0.804606 0.294506 0.793218 0.000096 0.783707 0.000000 0.788091 0.000000 0.790726
