2 0.792774 0.712934 0.791711 0.714511 0.790648 0.714511 0.789586 0.716088 0.789586 0.722397 0.788523 0.723975 0.788523 0.733438 0.787460 0.735016 0.788523 0.736593 0.788523 0.739748 0.787460 0.741325 0.787460 0.747634 0.786397 0.749211 0.786397 0.757098 0.787460 0.758675 0.787460 0.760252 0.788523 0.760252 0.789586 0.761830 0.819341 0.761830 0.819341 0.725552 0.818278 0.723975 0.818278 0.719243 0.817216 0.717666 0.817216 0.716088 0.816153 0.714511 0.814028 0.714511 0.812965 0.712934 0.806589 0.712934 0.805526 0.714511 0.804463 0.712934
2 0.738576 0.681388 0.737513 0.682965 0.736451 0.682965 0.736451 0.686120 0.735388 0.687697 0.735388 0.692429 0.734325 0.694006 0.734325 0.697161 0.733262 0.698738 0.733262 0.728707 0.734325 0.730284 0.765143 0.730284 0.766206 0.728707 0.766206 0.698738 0.765143 0.697161 0.765143 0.692429 0.764081 0.690852 0.764081 0.687697 0.763018 0.686120 0.763018 0.682965 0.760893 0.682965 0.759830 0.681388
2 0.637620 0.700315 0.636557 0.701893 0.622742 0.701893 0.620616 0.705047 0.620616 0.711356 0.619554 0.712934 0.619554 0.716088 0.618491 0.717666 0.618491 0.749211 0.650372 0.749211 0.651435 0.747634 0.651435 0.738170 0.650372 0.736593 0.650372 0.725552 0.651435 0.723975 0.651435 0.722397 0.650372 0.720820 0.650372 0.712934 0.649309 0.711356 0.649309 0.706625 0.648247 0.705047 0.648247 0.703470 0.647184 0.701893 0.643996 0.701893 0.642933 0.700315
9 0.705919 0.067981 0.710531 0.067240 0.937991 0.688328 0.932774 0.691341
1 0.332625 0.676656 0.330499 0.679811 0.328374 0.679811 0.327311 0.678233 0.312434 0.678233 0.311371 0.679811 0.309245 0.679811 0.308183 0.678233 0.306057 0.678233 0.304995 0.679811 0.302869 0.679811 0.301807 0.681388 0.300744 0.681388 0.300744 0.686120 0.301807 0.687697 0.301807 0.689274 0.300744 0.690852 0.300744 0.695584 0.299681 0.697161 0.299681 0.698738 0.298618 0.700315 0.298618 0.708202 0.299681 0.709779 0.299681 0.720820 0.300744 0.722397 0.300744 0.723975 0.299681 0.725552 0.299681 0.728707 0.301807 0.731861 0.302869 0.730284 0.332625 0.730284 0.333688 0.728707 0.333688 0.705047 0.334750 0.703470 0.334750 0.697161 0.333688 0.695584 0.333688 0.692429 0.332625 0.690852 0.332625 0.681388 0.335813 0.676656
6 0.689862 0.075142 0.695175 0.075584 0.641955 0.692429 0.635112 0.691767
9 0.679171 0.068801 0.674176 0.068013 0.336004 0.667792 0.337853 0.671987
9 0.683730 0.068517 0.690149 0.069006 0.515877 0.682902 0.510446 0.680473
9 0.696227 0.068360 0.699851 0.067508 0.749075 0.673486 0.744963 0.674101
6 0.719394 0.031546 0.719543 0.039574 0.932529 0.039196 0.932295 0.029716
6 0.331477 0.011577 0.331158 0.018044 0.673943 0.036893 0.674070 0.029227
1 0.296493 0.000000 0.296493 0.006309 0.295430 0.007886 0.296493 0.009464 0.296493 0.014196 0.295430 0.015773 0.295430 0.033123 0.296493 0.034700 0.296493 0.036278 0.327311 0.036278 0.328374 0.034700 0.328374 0.015773 0.327311 0.014196 0.328374 0.012618 0.328374 0.006309 0.327311 0.004732 0.327311 0.000000
2 0.935175 0.697161 0.934113 0.698738 0.933050 0.698738 0.931987 0.700315 0.931987 0.706625 0.930925 0.708202 0.930925 0.714511 0.929862 0.716088 0.929862 0.720820 0.930925 0.722397 0.930925 0.728707 0.929862 0.730284 0.929862 0.746057 0.945802 0.746057 0.946865 0.747634 0.959617 0.747634 0.960680 0.746057 0.962806 0.746057 0.962806 0.730284 0.961743 0.728707 0.961743 0.722397 0.962806 0.720820 0.962806 0.716088 0.961743 0.714511 0.961743 0.711356 0.960680 0.709779 0.960680 0.703470 0.959617 0.701893 0.959617 0.700315 0.958555 0.698738 0.956429 0.698738 0.955367 0.697161 0.941552 0.697161 0.940489 0.698738 0.937301 0.698738 0.936238 0.697161
2 0.493092 0.689274 0.492030 0.690852 0.490967 0.690852 0.489904 0.692429 0.489904 0.697161 0.488842 0.698738 0.488842 0.720820 0.487779 0.722397 0.487779 0.735016 0.488842 0.736593 0.488842 0.738170 0.519660 0.738170 0.520723 0.736593 0.520723 0.731861 0.519660 0.730284 0.519660 0.719243 0.520723 0.717666 0.520723 0.705047 0.519660 0.703470 0.519660 0.700315 0.518597 0.698738 0.518597 0.694006 0.517535 0.692429 0.517535 0.690852 0.516472 0.690852 0.515409 0.689274
9 0.700181 0.067997 0.703156 0.067666 0.801775 0.703864 0.796833 0.704590
4 0.970244 0.000000 0.970244 0.001577 0.969182 0.003155 0.968119 0.003155 0.967056 0.004732 0.942614 0.004732 0.941552 0.003155 0.935175 0.003155 0.934113 0.004732 0.934113 0.006309 0.933050 0.007886 0.933050 0.012618 0.934113 0.014196 0.934113 0.042587 0.933050 0.044164 0.933050 0.055205 0.934113 0.056782 0.934113 0.059937 0.935175 0.061514 0.972370 0.061514 0.973433 0.059937 0.973433 0.056782 0.974495 0.055205 0.974495 0.033123 0.973433 0.031546 0.973433 0.023659 0.974495 0.022082 0.974495 0.007886 0.973433 0.006309 0.973433 0.004732 0.972370 0.004732 0.970244 0.001577
3 0.712009 0.004732 0.710946 0.006309 0.676939 0.006309 0.675877 0.007886 0.675877 0.009464 0.678002 0.012618 0.678002 0.014196 0.679065 0.015773 0.679065 0.020505 0.676939 0.023659 0.676939 0.026814 0.675877 0.028391 0.675877 0.039432 0.676939 0.041009 0.676939 0.047319 0.675877 0.048896 0.675877 0.059937 0.676939 0.061514 0.687566 0.061514 0.688629 0.059937 0.690755 0.059937 0.691817 0.061514 0.708820 0.061514 0.709883 0.059937 0.716259 0.059937 0.715197 0.059937 0.714134 0.058360 0.714134 0.056782 0.713071 0.055205 0.713071 0.044164 0.714134 0.042587 0.714134 0.039432 0.715197 0.037855 0.715197 0.031546 0.714134 0.029968 0.714134 0.025237 0.713071 0.023659 0.713071 0.012618 0.714134 0.011041 0.714134 0.009464 0.715197 0.007886 0.714134 0.006309 0.713071 0.006309
