9 0.608162 0.681956 0.611668 0.681167 0.620648 0.825095 0.615760 0.826830
1 0.596174 0.621924 0.594049 0.626183 0.594049 0.627760 0.592986 0.629338 0.592986 0.635647 0.591923 0.637224 0.591923 0.640379 0.590861 0.641956 0.590861 0.671924 0.591923 0.673502 0.594049 0.673502 0.595112 0.675079 0.597237 0.675079 0.598300 0.673502 0.600425 0.673502 0.601488 0.675079 0.615303 0.675079 0.623061 0.675868 0.625292 0.673817 0.625292 0.643691 0.623486 0.636435 0.623379 0.631388 0.622635 0.628707 0.622210 0.626814 0.619872 0.623028
9 0.044952 0.075363 0.045728 0.082539 0.589075 0.067934 0.589745 0.061088
9 0.355324 0.270694 0.354899 0.261703 0.587736 0.078454 0.589012 0.083344
9 0.042529 0.113218 0.045579 0.108123 0.164304 0.297050 0.161126 0.302129
9 0.031467 0.113028 0.034548 0.111136 0.157970 0.498375 0.153858 0.501309
7 0.613571 0.096325 0.616876 0.095694 0.654208 0.421940 0.649532 0.421940
3 0.599362 0.036278 0.598300 0.037855 0.597237 0.037855 0.597237 0.039432 0.596174 0.041009 0.596174 0.044164 0.595112 0.045741 0.595112 0.047319 0.594049 0.048896 0.594049 0.052050 0.592986 0.053628 0.592986 0.058360 0.591923 0.059937 0.591923 0.085174 0.592986 0.086751 0.592986 0.088328 0.608927 0.088328 0.609989 0.089905 0.614240 0.089905 0.615303 0.088328 0.624867 0.088328 0.625930 0.086751 0.628055 0.086751 0.628055 0.061514 0.626993 0.059937 0.626993 0.052050 0.625930 0.050473 0.625930 0.048896 0.624867 0.047319 0.624867 0.044164 0.623804 0.042587 0.623804 0.039432 0.622742 0.037855 0.622742 0.036278
2 0.608927 0.832808 0.607864 0.834385 0.606801 0.834385 0.605739 0.835962 0.605739 0.840694 0.604676 0.842271 0.604676 0.848580 0.603613 0.850158 0.603613 0.881703 0.604676 0.883281 0.626993 0.883281 0.628055 0.881703 0.630181 0.881703 0.631243 0.883281 0.634431 0.883281 0.636557 0.880126 0.636557 0.878549 0.635494 0.876972 0.635494 0.853312 0.636557 0.851735 0.635494 0.850158 0.635494 0.843849 0.634431 0.842271 0.634431 0.837539 0.633369 0.835962 0.633369 0.834385 0.632306 0.834385 0.631243 0.832808
2 0.716259 0.514196 0.714134 0.517350 0.714134 0.525237 0.713071 0.526814 0.713071 0.529968 0.712009 0.531546 0.712009 0.561514 0.713071 0.563091 0.743889 0.563091 0.744952 0.561514 0.744952 0.547319 0.743889 0.545741 0.743889 0.541009 0.744952 0.539432 0.744952 0.536278 0.743889 0.534700 0.743889 0.525237 0.742827 0.523659 0.742827 0.518927 0.739639 0.514196
1 0.789586 0.708202 0.788523 0.709779 0.787460 0.709779 0.786397 0.711356 0.786397 0.719243 0.785335 0.720820 0.785335 0.727129 0.784272 0.728707 0.784272 0.730284 0.785335 0.731861 0.785335 0.736593 0.784272 0.738170 0.784272 0.753943 0.785335 0.755521 0.785335 0.757098 0.786397 0.758675 0.807651 0.758675 0.808714 0.757098 0.817216 0.757098 0.817216 0.727129 0.816153 0.725552 0.816153 0.719243 0.815090 0.717666 0.815090 0.714511 0.814028 0.712934 0.814028 0.709779 0.811902 0.709779 0.810840 0.708202
2 0.825717 0.542587 0.824655 0.544164 0.809777 0.544164 0.807651 0.547319 0.807651 0.553628 0.806589 0.555205 0.806589 0.558360 0.805526 0.559937 0.805526 0.591483 0.806589 0.593060 0.837407 0.593060 0.838470 0.591483 0.838470 0.559937 0.837407 0.558360 0.837407 0.553628 0.836344 0.552050 0.836344 0.548896 0.835282 0.547319 0.835282 0.545741 0.834219 0.545741 0.833156 0.544164 0.826780 0.544164
1 0.930925 0.755521 0.929862 0.757098 0.927736 0.757098 0.927736 0.758675 0.926674 0.760252 0.926674 0.766562 0.925611 0.768139 0.925611 0.772871 0.924548 0.774448 0.924548 0.777603 0.925611 0.779180 0.925611 0.782334 0.924548 0.783912 0.924548 0.802839 0.926674 0.805994 0.954304 0.805994 0.955367 0.804416 0.957492 0.804416 0.957492 0.794953 0.958555 0.793375 0.958555 0.791798 0.957492 0.790221 0.957492 0.782334 0.956429 0.780757 0.957492 0.779180 0.957492 0.774448 0.956429 0.772871 0.956429 0.766562 0.955367 0.764984 0.955367 0.760252 0.954304 0.758675 0.954304 0.757098 0.952179 0.757098 0.951116 0.755521
1 0.010627 0.053628 0.009564 0.055205 0.009564 0.056782 0.008502 0.058360 0.008502 0.063091 0.007439 0.064669 0.007439 0.069401 0.006376 0.070978 0.006376 0.075710 0.007439 0.077287 0.007439 0.078864 0.006376 0.080442 0.006376 0.100946 0.008502 0.104101 0.023379 0.104101 0.024442 0.102524 0.029756 0.102524 0.030818 0.104101 0.036132 0.104101 0.037194 0.102524 0.038257 0.102524 0.039320 0.100946 0.039320 0.096215 0.040383 0.094637 0.039320 0.093060 0.039320 0.082019 0.038257 0.080442 0.038257 0.075710 0.039320 0.074132 0.039320 0.072555 0.038257 0.070978 0.038257 0.066246 0.037194 0.064669 0.037194 0.061514 0.036132 0.059937 0.036132 0.055205 0.035069 0.055205 0.034006 0.053628
3 0.187035 0.305994 0.185972 0.307571 0.170032 0.307571 0.167906 0.310726 0.167906 0.317035 0.166844 0.318612 0.166844 0.321767 0.165781 0.323344 0.165781 0.356467 0.196599 0.356467 0.197662 0.354890 0.198725 0.354890 0.198725 0.343849 0.197662 0.342271 0.197662 0.329653 0.198725 0.328076 0.198725 0.326498 0.197662 0.324921 0.197662 0.320189 0.196599 0.318612 0.196599 0.310726 0.194474 0.307571 0.191286 0.307571 0.190223 0.305994
1 0.348565 0.258675 0.348565 0.258675 0.346440 0.260252 0.343252 0.260252 0.342189 0.258675 0.326249 0.258675 0.325186 0.260252 0.319872 0.260252 0.317747 0.263407 0.317747 0.266562 0.316684 0.268139 0.316684 0.272871 0.315622 0.274448 0.315622 0.283912 0.314559 0.285489 0.314559 0.287066 0.315622 0.288644 0.315622 0.293375 0.314559 0.294953 0.314559 0.301262 0.315622 0.302839 0.315622 0.305994 0.314559 0.307571 0.314559 0.309148 0.313496 0.310726 0.315622 0.310726 0.316684 0.312303 0.318810 0.312303 0.319872 0.310726 0.348565 0.310726 0.349628 0.309148 0.349628 0.294953 0.348565 0.293375 0.348565 0.291798 0.349628 0.290221 0.349628 0.287066 0.350691 0.285489 0.350691 0.279180 0.349628 0.277603 0.349628 0.276025 0.348565 0.274448 0.348565 0.272871 0.347503 0.271293 0.347503 0.266562 0.346440 0.264984 0.346440 0.260252
3 0.336876 0.582019 0.335813 0.583596 0.333688 0.583596 0.333688 0.585174 0.332625 0.586751 0.332625 0.591483 0.331562 0.593060 0.331562 0.599369 0.330499 0.600946 0.330499 0.602524 0.331562 0.604101 0.331562 0.610410 0.330499 0.611987 0.330499 0.629338 0.331562 0.630915 0.340064 0.630915 0.341126 0.632492 0.342189 0.632492 0.343252 0.630915 0.346440 0.630915 0.347503 0.632492 0.350691 0.632492 0.351753 0.630915 0.362380 0.630915 0.363443 0.629338 0.363443 0.600946 0.362380 0.599369 0.362380 0.594637 0.361318 0.593060 0.361318 0.588328 0.360255 0.586751 0.360255 0.583596 0.358130 0.583596 0.357067 0.582019 0.350691 0.582019 0.349628 0.583596 0.344315 0.583596 0.343252 0.582019
1 0.095643 0.621451 0.094580 0.623028 0.089267 0.623028 0.088204 0.624606 0.085016 0.624606 0.083953 0.623028 0.083953 0.645110 0.085016 0.646688 0.083953 0.648265 0.083953 0.651420 0.082891 0.652997 0.083953 0.654574 0.083953 0.656151 0.085016 0.657729 0.085016 0.660883 0.083953 0.662461 0.083953 0.676656 0.087141 0.676656 0.088204 0.678233 0.093518 0.678233 0.094580 0.676656 0.113709 0.676656 0.114772 0.678233 0.119022 0.678233 0.120085 0.676656 0.120085 0.656151 0.119022 0.654574 0.119022 0.652997 0.120085 0.651420 0.120085 0.635647 0.119022 0.634069 0.119022 0.632492 0.117960 0.630915 0.117960 0.629338 0.120085 0.626183 0.122210 0.626183 0.122210 0.623028 0.121148 0.623028 0.120085 0.621451 0.117960 0.621451 0.116897 0.623028 0.096706 0.623028
1 0.160468 0.529968 0.159405 0.531546 0.158342 0.531546 0.158342 0.533123 0.157279 0.534700 0.157279 0.541009 0.156217 0.542587 0.156217 0.547319 0.155154 0.548896 0.155154 0.550473 0.156217 0.552050 0.156217 0.561514 0.155154 0.563091 0.155154 0.577287 0.156217 0.577287 0.157279 0.578864 0.187035 0.578864 0.188098 0.577287 0.188098 0.558360 0.187035 0.556782 0.187035 0.552050 0.188098 0.550473 0.188098 0.547319 0.187035 0.545741 0.187035 0.542587 0.185972 0.541009 0.185972 0.536278 0.184910 0.534700 0.184910 0.531546 0.183847 0.529968
4 0.645058 0.449527 0.643996 0.451104 0.642933 0.451104 0.642933 0.454259 0.640808 0.457413 0.640808 0.458991 0.639745 0.460568 0.639745 0.462145 0.638682 0.463722 0.638682 0.503155 0.640808 0.503155 0.641870 0.504732 0.649309 0.504732 0.650372 0.503155 0.656748 0.503155 0.657811 0.504732 0.658874 0.503155 0.673751 0.503155 0.674814 0.501577 0.674814 0.481073 0.673751 0.479495 0.673751 0.477918 0.674814 0.476341 0.674814 0.471609 0.673751 0.470032 0.673751 0.460568 0.672689 0.458991 0.672689 0.455836 0.671626 0.454259 0.671626 0.452681 0.669501 0.449527 0.666312 0.449527 0.665250 0.451104 0.657811 0.451104 0.656748 0.449527 0.652497 0.449527 0.651435 0.451104 0.648247 0.451104 0.647184 0.449527
9 0.608013 0.096814 0.612582 0.096183 0.609649 0.616420 0.606461 0.616420
9 0.012402 0.111041 0.015377 0.112461 0.000000 0.159621 0.000000 0.146625
9 0.018300 0.112461 0.021711 0.111404 0.000319 0.344322 0.000117 0.314101
9 0.025940 0.112366 0.030138 0.111246 0.101817 0.616924 0.095207 0.617256
6 0.200499 0.366325 0.205388 0.363486 0.332784 0.571814 0.328374 0.580047
9 0.633698 0.075457 0.633379 0.081136 0.999734 0.350599 0.999734 0.341562
9 0.633369 0.082224 0.633156 0.086798 0.992519 0.441151 0.996142 0.430978
9 0.633390 0.092997 0.633284 0.087950 1.000000 0.521956 1.000000 0.535647
9 0.839352 0.602082 0.841796 0.597666 0.926748 0.746435 0.921063 0.751703
9 0.739416 0.572950 0.743348 0.571057 0.784548 0.681893 0.781583 0.685063
9 0.630765 0.098328 0.633953 0.094543 1.000000 0.661467 1.000000 0.671924
9 0.622965 0.096341 0.627216 0.095552 0.803677 0.517539 0.801966 0.523454
9 0.617768 0.096782 0.621488 0.096151 0.716993 0.482224 0.713007 0.483707
