4 0.380446 0.000000 0.380446 0.004732 0.379384 0.006309 0.379384 0.011041 0.378321 0.012618 0.378321 0.015773 0.377258 0.017350 0.377258 0.028391 0.376196 0.029968 0.376196 0.045741 0.375133 0.047319 0.375133 0.053628 0.376196 0.055205 0.377258 0.055205 0.378321 0.053628 0.408077 0.053628 0.409139 0.052050 0.410202 0.052050 0.410202 0.050473 0.411265 0.048896 0.411265 0.044164 0.412327 0.042587 0.412327 0.025237 0.411265 0.023659 0.411265 0.017350 0.410202 0.015773 0.410202 0.012618 0.409139 0.011041 0.409139 0.007886 0.408077 0.006309 0.408077 0.004732 0.407014 0.003155 0.407014 0.000000
1 0.865037 0.099369 0.863974 0.100946 0.862912 0.100946 0.862912 0.104101 0.861849 0.105678 0.861849 0.108833 0.860786 0.110410 0.860786 0.148265 0.862912 0.148265 0.863974 0.149842 0.866100 0.149842 0.867163 0.148265 0.891605 0.148265 0.892667 0.146688 0.892667 0.127760 0.891605 0.126183 0.891605 0.121451 0.892667 0.119874 0.892667 0.116719 0.891605 0.115142 0.891605 0.110410 0.890542 0.108833 0.890542 0.107256 0.889479 0.105678 0.889479 0.102524 0.888417 0.100946 0.887354 0.100946 0.886291 0.099369
1 0.984060 0.059937 0.981934 0.063091 0.981934 0.070978 0.980871 0.072555 0.980871 0.089905 0.979809 0.091483 0.979809 0.107256 0.980871 0.108833 0.998937 0.108833 0.998937 0.059937
4 0.642933 0.422713 0.639745 0.427445 0.639745 0.435331 0.638682 0.436909 0.638682 0.473186 0.639745 0.474763 0.673751 0.474763 0.674814 0.473186 0.674814 0.452681 0.673751 0.451104 0.673751 0.446372 0.674814 0.444795 0.673751 0.443218 0.673751 0.427445 0.672689 0.425868 0.672689 0.424290 0.671626 0.422713
9 0.751828 0.000789 0.746908 0.000237 0.791945 0.204401 0.796249 0.202035
6 0.667173 0.481309 0.661435 0.482098 0.708980 0.671215 0.715037 0.666009
6 0.567524 0.099338 0.562104 0.102808 0.638661 0.394464 0.642274 0.391625
3 0.497343 0.582019 0.496281 0.583596 0.488842 0.583596 0.488842 0.588328 0.487779 0.589905 0.487779 0.593060 0.486716 0.594637 0.486716 0.597792 0.485654 0.599369 0.485654 0.630915 0.517535 0.630915 0.518597 0.629338 0.518597 0.616719 0.517535 0.615142 0.517535 0.604101 0.518597 0.602524 0.518597 0.600946 0.517535 0.599369 0.517535 0.594637 0.516472 0.593060 0.516472 0.588328 0.515409 0.586751 0.515409 0.583596 0.514346 0.583596 0.513284 0.582019 0.503719 0.582019 0.502657 0.583596 0.499469 0.583596 0.498406 0.582019
2 0.794899 0.233438 0.793836 0.235016 0.791711 0.235016 0.790648 0.236593 0.790648 0.246057 0.789586 0.247634 0.789586 0.250789 0.788523 0.252366 0.788523 0.257098 0.789586 0.258675 0.789586 0.264984 0.788523 0.266562 0.788523 0.280757 0.789586 0.282334 0.798087 0.282334 0.799150 0.283912 0.818278 0.283912 0.819341 0.282334 0.820404 0.282334 0.821467 0.280757 0.821467 0.264984 0.820404 0.263407 0.821467 0.261830 0.821467 0.252366 0.820404 0.250789 0.820404 0.247634 0.819341 0.246057 0.819341 0.242902 0.818278 0.241325 0.818278 0.236593 0.817216 0.235016 0.812965 0.235016 0.811902 0.233438 0.808714 0.233438 0.807651 0.235016 0.795962 0.235016
3 0.543039 0.042587 0.541977 0.044164 0.541977 0.045741 0.540914 0.047319 0.540914 0.053628 0.539851 0.055205 0.539851 0.058360 0.538789 0.059937 0.538789 0.063091 0.539851 0.064669 0.539851 0.069401 0.538789 0.070978 0.538789 0.089905 0.539851 0.091483 0.541977 0.091483 0.543039 0.093060 0.547290 0.093060 0.548353 0.091483 0.549416 0.093060 0.552604 0.093060 0.553666 0.091483 0.557917 0.091483 0.558980 0.093060 0.569607 0.093060 0.570670 0.091483 0.571732 0.091483 0.571732 0.059937 0.570670 0.058360 0.570670 0.055205 0.569607 0.053628 0.569607 0.048896 0.568544 0.047319 0.568544 0.044164 0.567481 0.042587
9 0.822742 0.000757 0.815484 0.000757 0.856801 0.084558 0.856801 0.074085
9 0.931339 0.000394 0.924230 0.000552 0.975122 0.063312 0.975632 0.052713
6 0.374580 0.062524 0.370521 0.059243 0.243029 0.265505 0.247481 0.270142
6 0.570053 0.037192 0.564952 0.036215 0.578544 0.000000 0.583549 0.000000 0.585027 0.000063
6 0.554378 0.101798 0.549702 0.101640 0.504070 0.577713 0.509330 0.578139
