9 0.680329 0.744984 0.680648 0.750347 0.984963 0.755110 0.985069 0.748170
6 0.680808 0.766498 0.680808 0.774890 0.826270 0.933423 0.835218 0.933644
7 0.655792 0.508044 0.659830 0.508517 0.660893 0.694006 0.656323 0.694006
6 0.680191 0.780710 0.680404 0.775820 0.802657 0.934700 0.794665 0.933533
6 0.662030 0.780457 0.665430 0.779511 0.693677 0.977666 0.689320 0.979085
9 0.654676 0.779921 0.658300 0.779606 0.654772 0.980394 0.650946 0.980237
9 0.675271 0.781009 0.678884 0.779748 0.803762 0.999890 0.803592 1.000000 0.798650 1.000000
4 0.670563 0.449527 0.669501 0.451104 0.643996 0.451104 0.640808 0.455836 0.640808 0.462145 0.639745 0.463722 0.639745 0.476341 0.638682 0.477918 0.638682 0.503155 0.640808 0.503155 0.641870 0.504732 0.647184 0.504732 0.648247 0.503155 0.656748 0.503155 0.657811 0.504732 0.658874 0.503155 0.673751 0.503155 0.674814 0.501577 0.675877 0.501577 0.675877 0.498423 0.674814 0.496845 0.674814 0.468454 0.673751 0.466877 0.673751 0.458991 0.674814 0.457413 0.674814 0.454259 0.673751 0.452681 0.673751 0.451104 0.672689 0.449527
4 0.369819 0.457413 0.369819 0.458991 0.368757 0.460568 0.368757 0.466877 0.367694 0.468454 0.367694 0.471609 0.366631 0.473186 0.366631 0.482650 0.367694 0.484227 0.366631 0.485804 0.366631 0.500000 0.365569 0.501577 0.366631 0.503155 0.366631 0.504732 0.367694 0.506309 0.398512 0.506309 0.399575 0.504732 0.399575 0.476341 0.398512 0.474763 0.398512 0.470032 0.397450 0.468454 0.397450 0.463722 0.396387 0.462145 0.396387 0.458991 0.395324 0.457413
3 0.637620 0.717666 0.637620 0.742902 0.636557 0.744479 0.636557 0.766562 0.637620 0.768139 0.637620 0.776025 0.639745 0.776025 0.640808 0.774448 0.655685 0.774448 0.656748 0.776025 0.660999 0.776025 0.662062 0.774448 0.668438 0.774448 0.669501 0.772871 0.673751 0.772871 0.673751 0.771293 0.674814 0.769716 0.674814 0.760252 0.675877 0.758675 0.675877 0.755521 0.674814 0.753943 0.674814 0.736593 0.673751 0.735016 0.673751 0.731861 0.672689 0.730284 0.672689 0.728707 0.671626 0.727129 0.671626 0.725552 0.669501 0.722397 0.669501 0.720820 0.645058 0.720820 0.643996 0.722397 0.642933 0.722397 0.641870 0.723975 0.638682 0.719243 0.638682 0.717666
6 0.406918 0.478991 0.406812 0.483722 0.635494 0.480442 0.635409 0.475331
