13 0.290625 0.180988 0.290625 0.23067 0.320312 0.23067 0.320312 0.180988
13 0.915625 0.243745 0.915625 0.290812 0.942187 0.290812 0.945312 0.285582 0.951562 0.285582 0.951562 0.259434 0.946875 0.259434 0.945312 0.256819 0.945312 0.243745
6 0.329688 0.201907 0.329688 0.209752 0.33125 0.209752 0.332812 0.212366 0.3375 0.212366 0.339062 0.214981 0.35 0.214981 0.351562 0.217596 0.365625 0.217596 0.367188 0.220211 0.373437 0.220211 0.375 0.222826 0.38125 0.222826 0.382812 0.225441 0.392188 0.225441 0.39375 0.228056 0.414062 0.228056 0.415625 0.23067 0.421875 0.23067 0.423438 0.233285 0.429688 0.233285 0.43125 0.2359 0.446875 0.2359 0.448437 0.238515 0.464062 0.238515 0.465625 0.24113 0.471875 0.24113 0.473437 0.243745 0.479687 0.243745 0.48125 0.246359 0.49375 0.246359 0.495312 0.248974 0.5125 0.248974 0.514062 0.251589 0.521875 0.251589 0.523438 0.254204 0.529687 0.254204 0.53125 0.256819 0.554688 0.256819 0.55625 0.259434 0.567187 0.259434 0.570312 0.264663 0.570312 0.272508 0.595312 0.272508 0.595312 0.259434 0.5875 0.259434 0.585938 0.256819 0.576562 0.256819 0.575 0.254204 0.571875 0.254204 0.570312 0.251589 0.5625 0.251589 0.560937 0.248974 0.54375 0.248974 0.542188 0.246359 0.529687 0.246359 0.528125 0.243745 0.523438 0.243745 0.521875 0.24113 0.517187 0.24113 0.515625 0.238515 0.503125 0.238515 0.501563 0.2359 0.482812 0.2359 0.48125 0.233285 0.475 0.233285 0.473437 0.23067 0.465625 0.23067 0.464062 0.228056 0.439063 0.228056 0.4375 0.225441 0.428125 0.225441 0.426562 0.222826 0.423438 0.222826 0.421875 0.220211 0.417187 0.220211 0.415625 0.217596 0.395312 0.217596 0.39375 0.214981 0.38125 0.214981 0.378125 0.209752 0.378125 0.201907
6 0.25 0.201907 0.25 0.212366 0.248437 0.214981 0.24375 0.214981 0.242188 0.217596 0.225 0.217596 0.223438 0.220211 0.217187 0.220211 0.214062 0.225441 0.2125 0.225441 0.210938 0.228056 0.190625 0.228056 0.189062 0.23067 0.182812 0.23067 0.18125 0.233285 0.179688 0.233285 0.178125 0.2359 0.171875 0.2359 0.170312 0.238515 0.153125 0.238515 0.151562 0.24113 0.146875 0.24113 0.145313 0.243745 0.14375 0.243745 0.14375 0.246359 0.142187 0.248974 0.117188 0.248974 0.115625 0.251589 0.110937 0.251589 0.109375 0.254204 0.103125 0.254204 0.103125 0.259434 0.115625 0.259434 0.117188 0.256819 0.132812 0.256819 0.134375 0.254204 0.140625 0.254204 0.142187 0.251589 0.14375 0.251589 0.14375 0.248974 0.145313 0.246359 0.171875 0.246359 0.173437 0.243745 0.178125 0.243745 0.179688 0.24113 0.18125 0.24113 0.182812 0.238515 0.189062 0.238515 0.190625 0.2359 0.20625 0.2359 0.207813 0.233285 0.2125 0.233285 0.214062 0.23067 0.215625 0.23067 0.217187 0.228056 0.221875 0.228056 0.223438 0.225441 0.240625 0.225441 0.242188 0.222826 0.25 0.222826 0.251562 0.220211 0.253125 0.220211 0.254687 0.217596 0.259375 0.217596 0.260937 0.214981 0.275 0.214981 0.276562 0.212366 0.289062 0.212366 0.289062 0.201907
16 0.071875 0.766715 0.071875 0.816397 0.09375 0.816397 0.0953125 0.819012 0.0953125 0.826856 0.101562 0.826856 0.101562 0.766715
13 0.065625 0.243745 0.065625 0.290812 0.0875 0.290812 0.0890625 0.288197 0.0953125 0.288197 0.0953125 0.243745
16 0.921875 0.745796 0.921875 0.795478 0.926562 0.795478 0.928125 0.798093 0.928125 0.805937 0.951562 0.805937 0.951562 0.798093 0.953125 0.795478 0.957812 0.795478 0.957812 0.745796
13 0.596875 0.243745 0.596875 0.293427 0.626562 0.293427 0.626562 0.285582 0.621875 0.285582 0.620313 0.282967 0.620313 0.267278 0.621875 0.264663 0.626562 0.264663 0.621875 0.264663 0.620313 0.262049 0.620313 0.259434 0.61875 0.256819 0.61875 0.243745
6 0.934375 0.536608 0.934375 0.75364 0.945312 0.75364 0.945312 0.536608
6 0.895312 0.264663 0.895312 0.282967 0.910937 0.282967 0.910937 0.264663
6 0.078125 0.31696 0.078125 0.7641 0.0890625 0.7641 0.0890625 0.31696
6 0.315625 0.766715 0.315625 0.774559 0.314063 0.777174 0.28125 0.777174 0.279687 0.779789 0.190625 0.779789 0.190625 0.805937 0.320312 0.805937 0.320312 0.798093 0.321875 0.795478 0.351562 0.795478 0.353125 0.792863 0.471875 0.792863 0.473437 0.790248 0.775 0.790248 0.776563 0.787633 0.860937 0.787633 0.8625 0.785019 0.9 0.785019 0.901563 0.782404 0.917188 0.782404 0.91875 0.779789 0.920312 0.779789 0.921875 0.777174 0.921875 0.766715
6 0.171875 0.777174 0.171875 0.805937 0.317187 0.805937 0.317187 0.798093 0.31875 0.795478 0.348437 0.795478 0.35 0.792863 0.473437 0.792863 0.475 0.790248 0.545312 0.790248 0.545312 0.777174
