7 0.396875 0.254175 0.396875 0.261132 0.403125 0.261132 0.404687 0.263451 0.40625 0.263451 0.407813 0.26577 0.4125 0.26577 0.414062 0.26809 0.414062 0.270409 0.415625 0.270409 0.417188 0.272728 0.41875 0.272728 0.420312 0.275047 0.421875 0.275047 0.426563 0.282004 0.429688 0.282004 0.43125 0.284323 0.432813 0.284323 0.4375 0.291281 0.440625 0.291281 0.442188 0.2936 0.44375 0.2936 0.445312 0.295919 0.446875 0.295919 0.451562 0.302876 0.45625 0.302876 0.460938 0.309833 0.4625 0.309833 0.464063 0.312152 0.46875 0.312152 0.473438 0.31911 0.475 0.31911 0.476562 0.321429 0.479688 0.321429 0.484375 0.328386 0.485938 0.328386 0.4875 0.330705 0.49375 0.330705 0.495313 0.333024 0.495313 0.335344 0.496875 0.335344 0.498437 0.337663 0.5 0.337663 0.501563 0.339982 0.503125 0.339982 0.504687 0.342301 0.50625 0.342301 0.507813 0.34462 0.507813 0.346939 0.510938 0.346939 0.5125 0.349258 0.514063 0.349258 0.515625 0.351577 0.517188 0.351577 0.520312 0.356216 0.521875 0.356216 0.523438 0.358535 0.526563 0.358535 0.53125 0.365492 0.532813 0.365492 0.534375 0.367811 0.5375 0.367811 0.539063 0.37013 0.540625 0.37013 0.54375 0.374768 0.545313 0.374768 0.546875 0.377087 0.55 0.377087 0.554688 0.384045 0.55625 0.384045 0.557813 0.386364 0.5625 0.386364 0.567187 0.393321 0.56875 0.393321 0.570312 0.39564 0.573438 0.39564 0.578125 0.402598 0.58125 0.402598 0.582812 0.404917 0.585938 0.404917 0.590625 0.411874 0.592188 0.411874 0.59375 0.414193 0.595313 0.414193 0.596875 0.416512 0.598437 0.416512 0.601562 0.42115 0.604688 0.42115 0.60625 0.42347 0.607813 0.42347 0.6125 0.430427 0.614062 0.430427 0.615625 0.432746 0.61875 0.432746 0.623438 0.439703 0.625 0.439703 0.626563 0.442022 0.63125 0.442022 0.634375 0.446661 0.639063 0.446661 0.639063 0.437384 0.632812 0.437384 0.63125 0.435065 0.629687 0.435065 0.628125 0.432746 0.626563 0.432746 0.623438 0.428108 0.621875 0.428108 0.620313 0.425789 0.617188 0.425789 0.615625 0.42347 0.614062 0.42347 0.610938 0.418831 0.607813 0.418831 0.60625 0.416512 0.604688 0.416512 0.6 0.409555 0.596875 0.409555 0.595313 0.407236 0.592188 0.407236 0.5875 0.400279 0.584375 0.400279 0.582812 0.397959 0.579688 0.397959 0.578125 0.39564 0.578125 0.393321 0.576563 0.391002 0.573438 0.391002 0.571875 0.388683 0.56875 0.388683 0.564063 0.381726 0.560938 0.381726 0.559375 0.379407 0.55625 0.379407 0.554688 0.377087 0.554688 0.374768 0.553125 0.372449 0.55 0.372449 0.548438 0.37013 0.545313 0.37013 0.540625 0.363173 0.539063 0.363173 0.5375 0.360854 0.532813 0.360854 0.529688 0.356216 0.529688 0.353896 0.526563 0.353896 0.525 0.351577 0.521875 0.351577 0.515625 0.342301 0.510938 0.342301 0.50625 0.335344 0.504687 0.335344 0.503125 0.333024 0.498437 0.333024 0.49375 0.326067 0.492188 0.326067 0.490625 0.323748 0.485938 0.323748 0.482812 0.31911 0.482812 0.316791 0.479688 0.316791 0.478125 0.314472 0.475 0.314472 0.470313 0.307514 0.467187 0.307514 0.465625 0.305195 0.4625 0.305195 0.460938 0.302876 0.460938 0.300557 0.459375 0.298238 0.45625 0.298238 0.454688 0.295919 0.451562 0.295919 0.446875 0.288961 0.44375 0.288961 0.442188 0.286642 0.439063 0.286642 0.4375 0.284323 0.4375 0.282004 0.435937 0.279685 0.432813 0.279685 0.43125 0.277366 0.428125 0.277366 0.423438 0.270409 0.420312 0.270409 0.41875 0.26809 0.415625 0.26809 0.414062 0.26577 0.414062 0.254175
3 0.709375 0.217069 0.709375 0.270409 0.745313 0.270409 0.745313 0.217069
4 0.190625 0.745825 0.190625 0.799165 0.223438 0.799165 0.223438 0.787569 0.225 0.78525 0.225 0.762059 0.223438 0.75974 0.223438 0.745825
9 0.10625 0.949906 0.10625 0.956864 0.114063 0.956864 0.114063 0.947587 0.107813 0.947587 0.10625 0.949906 0.103125 0.945268 0.103125 0.942949 0.104688 0.94063 0.103125 0.938311 0.101562 0.938311 0.0984375 0.933673 0.0984375 0.931354 0.0953125 0.926715 0.09375 0.926715 0.0921875 0.924396 0.0921875 0.922077 0.090625 0.919758 0.090625 0.917439 0.0875 0.917439 0.0859375 0.91512 0.0859375 0.910482 0.084375 0.908162 0.0828125 0.908162 0.0796875 0.903524 0.0796875 0.901205 0.078125 0.898886 0.0765625 0.898886 0.0734375 0.894248 0.0734375 0.891929 0.059375 0.871057 0.059375 0.868738 0.053125 0.868738 0.053125 0.878014 0.059375 0.878014 0.0625 0.882652 0.0625 0.884971 0.0640625 0.887291 0.0671875 0.887291 0.06875 0.88961 0.06875 0.894248 0.0703125 0.896567 0.071875 0.896567 0.075 0.901205 0.075 0.903524 0.0765625 0.905843 0.078125 0.905843 0.08125 0.910482 0.08125 0.912801 0.0828125 0.91512 0.084375 0.91512 0.0875 0.919758 0.0875 0.922077 0.0890625 0.924396 0.090625 0.924396 0.09375 0.929034 0.09375 0.931354 0.103125 0.945268
4 0.515625 0.588126 0.515625 0.641465 0.54375 0.641465 0.54375 0.634508 0.546875 0.62987 0.551562 0.62987 0.551562 0.60436 0.546875 0.60436 0.54375 0.599722 0.54375 0.588126
4 0.178125 0.393321 0.178125 0.446661 0.201563 0.446661 0.203125 0.444341 0.204688 0.444341 0.207813 0.439703 0.214062 0.439703 0.214062 0.42115 0.209375 0.42115 0.207813 0.418831 0.207813 0.416512 0.20625 0.414193 0.20625 0.404917 0.204688 0.402598 0.204688 0.393321
4 0.015625 0.801484 0.015625 0.854823 0.0390625 0.854823 0.040625 0.852504 0.0515625 0.852504 0.0515625 0.801484
4 0.178125 0.115029 0.178125 0.168368 0.214062 0.168368 0.214062 0.115029
2 0.059375 0.346939 0.059375 0.400279 0.084375 0.400279 0.0875 0.39564 0.0890625 0.39564 0.090625 0.393321 0.0953125 0.393321 0.0953125 0.365492 0.090625 0.365492 0.0875 0.360854 0.0875 0.346939
2 0.059375 0.124305 0.059375 0.177644 0.0953125 0.177644 0.0953125 0.124305
4 0.453125 0.717996 0.453125 0.769016 0.489063 0.769016 0.489063 0.717996
4 0.303125 0.57885 0.303125 0.62987 0.339063 0.62987 0.339063 0.57885
4 0.734375 0.820036 0.734375 0.873376 0.759375 0.873376 0.760938 0.871057 0.770312 0.871057 0.770312 0.831632 0.765625 0.831632 0.7625 0.826994 0.7625 0.820036
4 0.734375 0.597402 0.734375 0.650742 0.770312 0.650742 0.770312 0.597402
9 0.148438 0.773654 0.148438 0.782931 0.145313 0.787569 0.132813 0.787569 0.13125 0.789888 0.125 0.789888 0.123438 0.792207 0.123438 0.794526 0.121875 0.796845 0.107813 0.796845 0.10625 0.799165 0.0984375 0.799165 0.09375 0.806122 0.078125 0.806122 0.0765625 0.808441 0.071875 0.808441 0.0703125 0.81076 0.06875 0.81076 0.06875 0.813079 0.0671875 0.815398 0.053125 0.815398 0.053125 0.826994 0.06875 0.826994 0.06875 0.815398 0.0703125 0.813079 0.0890625 0.813079 0.090625 0.81076 0.09375 0.81076 0.0984375 0.803803 0.114063 0.803803 0.115625 0.801484 0.120313 0.801484 0.121875 0.799165 0.121875 0.796845 0.123438 0.794526 0.140625 0.794526 0.142188 0.792207 0.146875 0.792207 0.15 0.787569 0.151562 0.787569 0.153125 0.78525 0.165625 0.78525 0.167187 0.782931 0.173438 0.782931 0.175 0.780612 0.175 0.773654
4 0.640625 0.430427 0.640625 0.493043 0.676562 0.493043 0.676562 0.469852 0.675 0.467533 0.675 0.460575 0.676562 0.458256 0.675 0.455937 0.675 0.430427
1 0.515625 0.207793 0.515625 0.26577 0.553125 0.26577 0.55625 0.261132 0.55625 0.258813 0.554688 0.256494 0.554688 0.219388 0.553125 0.217069 0.553125 0.207793
9 0.715625 0.833951 0.714063 0.83627 0.714063 0.845547 0.732813 0.845547 0.732813 0.83627 0.726562 0.83627 0.725 0.833951 0.715625 0.833951 0.698438 0.824675 0.7 0.826994 0.710938 0.826994 0.7125 0.829313 0.7125 0.831632 0.703125 0.831632 0.701563 0.829313 0.6875 0.822356 0.6875 0.820036 0.685938 0.820036 0.684375 0.817717 0.675 0.817717 0.673438 0.815398 0.664062 0.815398 0.6625 0.813079 0.6625 0.81076 0.660937 0.808441 0.653125 0.808441 0.651563 0.806122 0.639063 0.806122 0.6375 0.803803 0.6375 0.801484 0.635938 0.799165 0.628125 0.799165 0.626563 0.796845 0.614062 0.796845 0.6125 0.794526 0.6125 0.792207 0.610938 0.789888 0.60625 0.789888 0.604688 0.787569 0.590625 0.787569 0.585938 0.780612 0.579688 0.780612 0.578125 0.778293 0.565625 0.778293 0.560938 0.771335 0.55625 0.771335 0.554688 0.769016 0.540625 0.769016 0.535937 0.762059 0.529688 0.762059 0.528125 0.75974 0.514063 0.75974 0.5125 0.757421 0.5125 0.745825 0.490625 0.745825 0.490625 0.757421 0.50625 0.757421 0.507813 0.75974 0.510938 0.75974 0.5125 0.762059 0.514063 0.762059 0.515625 0.764378 0.520312 0.764378 0.521875 0.766697 0.532813 0.766697 0.534375 0.769016 0.5375 0.769016 0.540625 0.773654 0.54375 0.773654 0.545313 0.775974 0.560938 0.775974 0.565625 0.782931 0.570312 0.782931 0.571875 0.78525 0.585938 0.78525 0.590625 0.792207 0.59375 0.792207 0.595313 0.794526 0.6125 0.794526 0.614062 0.796845 0.614062 0.799165 0.615625 0.801484 0.621875 0.801484 0.623438 0.803803 0.635938 0.803803 0.640625 0.81076 0.645312 0.81076 0.646875 0.813079 0.6625 0.813079 0.664062 0.815398 0.664062 0.817717 0.665625 0.820036 0.671875 0.820036 0.673438 0.822356 0.6875 0.822356 0.701563 0.829313 0.692187 0.829313 0.690625 0.826994 0.689063 0.826994 0.690625 0.824675 0.698438 0.824675
9 0.01875 0.384045 0.01875 0.393321 0.015625 0.397959 0.003125 0.397959 0.003125 0.404917 0.0109375 0.404917 0.0125 0.402598 0.0171875 0.402598 0.021875 0.39564 0.0328125 0.39564 0.034375 0.393321 0.0390625 0.393321 0.040625 0.391002 0.040625 0.384045
3 0.359375 0.207793 0.359375 0.258813 0.385938 0.258813 0.3875 0.256494 0.395313 0.256494 0.395313 0.221707 0.390625 0.221707 0.3875 0.217069 0.3875 0.207793
4 0.109375 0.959183 0.109375 1 0.14375 1 0.14375 0.975417 0.142188 0.973097 0.142188 0.959183
6 0.246875 0.00371155 0.246875 0.012988 0.245312 0.0153071 0.245312 0.0176262 0.242188 0.0222644 0.242188 0.0245835 0.239063 0.0292217 0.239063 0.0315408 0.235938 0.036179 0.235938 0.0384981 0.232813 0.0431363 0.232813 0.0454554 0.23125 0.0477745 0.23125 0.0500937 0.229687 0.0524128 0.229687 0.0547319 0.226562 0.0593701 0.226562 0.0616892 0.223438 0.0663274 0.223438 0.0686465 0.21875 0.0756038 0.21875 0.0779229 0.217188 0.080242 0.217188 0.0825611 0.215625 0.0848802 0.209375 0.0848802 0.209375 0.105752 0.214062 0.105752 0.217188 0.101114 0.217188 0.0987949 0.221875 0.0918375 0.221875 0.0895184 0.223438 0.0871993 0.223438 0.0848802 0.225 0.0825611 0.225 0.080242 0.228125 0.0756038 0.228125 0.0732847 0.23125 0.0686465 0.23125 0.0663274 0.235938 0.0593701 0.235938 0.057051 0.2375 0.0547319 0.2375 0.0524128 0.240625 0.0477745 0.240625 0.0454554 0.24375 0.0408172 0.24375 0.0384981 0.248438 0.0315408 0.248438 0.0269026 0.253125 0.0199453 0.253125 0.0176262 0.25625 0.012988 0.25625 0.00371155
9 0.2875 0.745825 0.2875 0.755102 0.284375 0.75974 0.228125 0.75974 0.228125 0.771335 0.289062 0.771335 0.289062 0.762059 0.290625 0.75974 0.3 0.75974 0.301563 0.757421 0.36875 0.757421 0.370313 0.755102 0.385938 0.755102 0.3875 0.752782 0.390625 0.752782 0.390625 0.745825
6 0.365625 0.0871993 0.365625 0.205474 0.376563 0.205474 0.376563 0.0871993
7 0.553125 0.606679 0.553125 0.615955 0.590625 0.615955 0.592188 0.618274 0.726562 0.618274 0.728125 0.615955 0.728125 0.606679
9 0.190625 0.170687 0.190625 0.312152 0.201563 0.312152 0.201563 0.170687
9 0.028125 0.365492 0.028125 0.381726 0.0578125 0.381726 0.0578125 0.365492
9 0.003125 0.142858 0.003125 0.159092 0.0578125 0.159092 0.0578125 0.142858
