6 0.476047 0.464732 0.475940 0.460789 0.632274 0.446956 0.633124 0.454842
13 0.441020 0.438486 0.441020 0.440063 0.442083 0.441640 0.442083 0.470032 0.443146 0.471609 0.443146 0.473186 0.442083 0.474763 0.442083 0.484227 0.443146 0.485804 0.473964 0.485804 0.473964 0.465300 0.472901 0.463722 0.472901 0.458991 0.473964 0.457413 0.473964 0.438486
13 0.665250 0.424290 0.664187 0.425868 0.663124 0.425868 0.662062 0.427445 0.649309 0.427445 0.648247 0.425868 0.641870 0.425868 0.641870 0.429022 0.640808 0.430599 0.640808 0.436909 0.639745 0.438486 0.639745 0.440063 0.640808 0.441640 0.640808 0.446372 0.639745 0.447950 0.639745 0.465300 0.640808 0.466877 0.640808 0.468454 0.641870 0.470032 0.652497 0.470032 0.653560 0.471609 0.654623 0.471609 0.655685 0.470032 0.660999 0.470032 0.662062 0.471609 0.667375 0.471609 0.668438 0.470032 0.670563 0.470032 0.670563 0.468454 0.671626 0.466877 0.671626 0.465300 0.672689 0.463722 0.672689 0.427445 0.671626 0.425868 0.670563 0.425868 0.669501 0.424290
13 0.198725 0.435331 0.197662 0.436909 0.197662 0.438486 0.196599 0.440063 0.196599 0.443218 0.195537 0.444795 0.195537 0.470032 0.196599 0.471609 0.219979 0.471609 0.219979 0.468454 0.221041 0.466877 0.221041 0.463722 0.219979 0.462145 0.219979 0.447950 0.218916 0.446372 0.218916 0.441640 0.217853 0.440063 0.217853 0.436909 0.216791 0.435331
13 0.648247 0.706625 0.650372 0.706625 0.652497 0.709779 0.652497 0.712934 0.651435 0.714511 0.651435 0.716088 0.649309 0.719243 0.648247 0.719243 0.647184 0.717666 0.647184 0.709779 0.646121 0.708202 0.646121 0.755521 0.647184 0.753943 0.651435 0.753943 0.652497 0.752366 0.657811 0.752366 0.658874 0.753943 0.668438 0.753943 0.669501 0.752366 0.674814 0.752366 0.675877 0.750789 0.675877 0.736593 0.676939 0.735016 0.675877 0.733438 0.675877 0.722397 0.674814 0.720820 0.674814 0.716088 0.673751 0.714511 0.673751 0.712934 0.672689 0.712934 0.670563 0.709779 0.665250 0.709779 0.664187 0.708202 0.655685 0.708202 0.654623 0.706625
6 0.008937 0.454606 0.009075 0.449117 0.191180 0.449700 0.191605 0.454921
6 0.229915 0.453817 0.229277 0.461073 0.440011 0.464653 0.440446 0.459921
6 0.000329 0.904527 0.000329 0.920615 0.143082 1.000000 0.167024 1.000000
6 0.000106 0.561167 0.000213 0.578044 0.163783 0.978423 0.171328 0.978423
6 0.665664 0.758344 0.661945 0.758344 0.663209 0.978817 0.667885 0.979132
6 0.659819 0.480946 0.655356 0.480631 0.660244 0.704653 0.664495 0.704811
