2 0.005313 0.641956 0.003188 0.645110 0.003188 0.652997 0.002125 0.654574 0.002125 0.664038 0.001063 0.665615 0.000000 0.665615 0.000000 0.686120 0.001063 0.686120 0.002125 0.687697 0.002125 0.690852 0.032944 0.690852 0.034006 0.689274 0.034006 0.671924 0.032944 0.670347 0.032944 0.651420 0.031881 0.649842 0.031881 0.646688 0.030818 0.645110 0.030818 0.643533 0.029756 0.643533 0.028693 0.641956
9 0.465462 0.166309 0.462062 0.166467 0.282157 0.958817 0.291031 0.958817
6 0.491010 0.165363 0.486557 0.166625 0.795792 0.758754 0.799405 0.752287
9 0.448151 0.150868 0.448470 0.145820 0.051775 0.434085 0.051881 0.440079
9 0.460563 0.166325 0.457906 0.165694 0.223943 0.893502 0.228874 0.894968
9 0.452019 0.167303 0.448725 0.165726 0.064091 0.812256 0.068863 0.813707
9 0.448300 0.161703 0.448087 0.157918 0.036674 0.639385 0.041934 0.644464
1 0.849097 0.069401 0.848034 0.070978 0.844846 0.070978 0.844846 0.074132 0.843783 0.075710 0.843783 0.080442 0.842721 0.082019 0.842721 0.085174 0.841658 0.086751 0.841658 0.093060 0.842721 0.094637 0.842721 0.096215 0.841658 0.097792 0.841658 0.118297 0.873539 0.118297 0.874601 0.116719 0.874601 0.099369 0.873539 0.097792 0.873539 0.094637 0.874601 0.093060 0.874601 0.088328 0.873539 0.086751 0.873539 0.083596 0.872476 0.082019 0.872476 0.075710 0.871413 0.074132 0.871413 0.072555 0.869288 0.069401
2 0.558980 0.875394 0.557917 0.876972 0.555792 0.876972 0.554729 0.878549 0.554729 0.881703 0.553666 0.883281 0.553666 0.889590 0.552604 0.891167 0.552604 0.911672 0.551541 0.913249 0.551541 0.917981 0.552604 0.919558 0.552604 0.924290 0.554729 0.924290 0.555792 0.925868 0.583422 0.925868 0.585547 0.922713 0.585547 0.916404 0.584485 0.914826 0.585547 0.913249 0.585547 0.905363 0.584485 0.903785 0.584485 0.900631 0.585547 0.899054 0.585547 0.895899 0.584485 0.894322 0.584485 0.886435 0.583422 0.884858 0.583422 0.881703 0.582359 0.880126 0.582359 0.878549 0.581296 0.876972 0.577046 0.876972 0.575983 0.875394 0.571732 0.875394 0.570670 0.876972 0.564293 0.876972 0.563231 0.875394
1 0.450584 0.108833 0.450584 0.107256 0.450584 0.108833 0.452710 0.115142 0.452710 0.116719 0.451647 0.118297 0.451647 0.124606 0.450584 0.126183 0.450584 0.140379 0.451647 0.141956 0.451647 0.143533 0.450584 0.145110 0.450584 0.160883 0.452710 0.160883 0.453773 0.159306 0.461211 0.159306 0.462274 0.157729 0.463337 0.157729 0.464400 0.159306 0.483528 0.159306 0.484591 0.157729 0.487779 0.157729 0.488842 0.159306 0.489904 0.159306 0.489904 0.157729 0.488842 0.156151 0.488842 0.151420 0.487779 0.149842 0.487779 0.132492 0.486716 0.130915 0.486716 0.129338 0.487779 0.127760 0.487779 0.123028 0.486716 0.121451 0.486716 0.118297 0.485654 0.116719 0.485654 0.115142 0.484591 0.113565 0.484591 0.110410 0.483528 0.108833 0.483528 0.107256 0.482465 0.105678 0.458023 0.105678 0.456961 0.107256 0.455898 0.107256 0.455898 0.111987 0.453773 0.115142 0.452710 0.115142
9 0.476546 0.166325 0.473571 0.166640 0.563571 0.869148 0.568130 0.867886
6 0.472519 0.166073 0.468948 0.165899 0.445972 0.876120 0.452147 0.877082
1 0.000000 0.206625 0.000000 0.257098 0.024442 0.257098 0.026567 0.253943 0.026567 0.247634 0.025505 0.246057 0.025505 0.244479 0.026567 0.242902 0.026567 0.241325 0.025505 0.239748 0.025505 0.220820 0.024442 0.219243 0.024442 0.211356 0.021254 0.206625
1 0.039320 0.424290 0.038257 0.425868 0.029756 0.425868 0.028693 0.427445 0.027630 0.427445 0.026567 0.425868 0.023379 0.425868 0.022317 0.427445 0.020191 0.427445 0.019129 0.425868 0.009564 0.425868 0.009564 0.427445 0.010627 0.429022 0.011690 0.429022 0.013815 0.432177 0.012752 0.433754 0.012752 0.438486 0.011690 0.440063 0.011690 0.468454 0.010627 0.470032 0.010627 0.476341 0.009564 0.477918 0.009564 0.479495 0.029756 0.479495 0.030818 0.481073 0.045696 0.481073 0.046759 0.482650 0.048884 0.482650 0.049947 0.481073 0.049947 0.470032 0.048884 0.468454 0.048884 0.466877 0.049947 0.465300 0.049947 0.447950 0.048884 0.446372 0.048884 0.441640 0.049947 0.440063 0.049947 0.432177 0.048884 0.430599 0.048884 0.424290
4 0.462274 0.886435 0.461211 0.888013 0.459086 0.888013 0.458023 0.889590 0.456961 0.888013 0.451647 0.888013 0.450584 0.889590 0.443146 0.889590 0.442083 0.888013 0.436769 0.888013 0.435707 0.889590 0.430393 0.889590 0.429330 0.891167 0.429330 0.902208 0.428268 0.903785 0.428268 0.906940 0.427205 0.908517 0.427205 0.933754 0.426142 0.935331 0.426142 0.938486 0.427205 0.940063 0.427205 0.941640 0.429330 0.941640 0.430393 0.943218 0.431456 0.943218 0.432519 0.941640 0.460149 0.941640 0.461211 0.943218 0.463337 0.943218 0.463337 0.941640 0.464400 0.940063 0.464400 0.921136 0.463337 0.919558 0.463337 0.894322 0.464400 0.892744 0.464400 0.891167 0.462274 0.888013
2 0.204038 0.902208 0.202976 0.903785 0.201913 0.903785 0.201913 0.905363 0.200850 0.906940 0.200850 0.911672 0.199787 0.913249 0.199787 0.917981 0.198725 0.919558 0.198725 0.924290 0.199787 0.925868 0.199787 0.927445 0.198725 0.929022 0.198725 0.949527 0.200850 0.952681 0.229543 0.952681 0.230606 0.951104 0.231668 0.951104 0.231668 0.933754 0.230606 0.932177 0.230606 0.927445 0.231668 0.925868 0.231668 0.921136 0.230606 0.919558 0.230606 0.914826 0.229543 0.913249 0.229543 0.906940 0.228480 0.905363 0.228480 0.903785 0.227418 0.903785 0.226355 0.902208 0.213603 0.902208 0.212540 0.903785 0.207226 0.903785 0.206164 0.902208
1 0.048884 0.820189 0.047821 0.821767 0.031881 0.821767 0.031881 0.824921 0.030818 0.826498 0.030818 0.829653 0.028693 0.832808 0.028693 0.839117 0.027630 0.840694 0.027630 0.873817 0.028693 0.875394 0.029756 0.875394 0.030818 0.873817 0.039320 0.873817 0.040383 0.872240 0.041445 0.873817 0.046759 0.873817 0.047821 0.872240 0.055260 0.872240 0.056323 0.873817 0.060574 0.873817 0.061637 0.872240 0.062699 0.872240 0.062699 0.870662 0.063762 0.869085 0.063762 0.840694 0.062699 0.839117 0.062699 0.834385 0.061637 0.832808 0.061637 0.826498 0.060574 0.824921 0.060574 0.823344 0.059511 0.821767 0.055260 0.821767 0.054198 0.820189
2 0.802338 0.761830 0.801275 0.763407 0.799150 0.763407 0.798087 0.764984 0.798087 0.771293 0.797024 0.772871 0.797024 0.777603 0.795962 0.779180 0.795962 0.785489 0.797024 0.787066 0.797024 0.788644 0.795962 0.790221 0.795962 0.809148 0.797024 0.810726 0.828905 0.810726 0.828905 0.788644 0.827843 0.787066 0.827843 0.785489 0.828905 0.783912 0.828905 0.780757 0.827843 0.779180 0.827843 0.774448 0.826780 0.772871 0.826780 0.769716 0.825717 0.768139 0.825717 0.763407 0.821467 0.763407 0.820404 0.761830 0.815090 0.761830 0.814028 0.763407 0.803401 0.763407
