6 0.671743 0.418912 0.672402 0.403028 0.984825 0.434763 0.985579 0.450694
6 0.550117 0.108644 0.549373 0.102650 0.667949 0.037934 0.667949 0.043454
6 0.511169 0.121940 0.511169 0.116104 0.356164 0.143202 0.356057 0.149353
6 0.359054 0.161940 0.357779 0.165252 0.635579 0.397334 0.635048 0.391341
13 0.671626 0.007886 0.671626 0.015773 0.672689 0.017350 0.672689 0.039432 0.671626 0.041009 0.671626 0.045741 0.670563 0.047319 0.670563 0.048896 0.672689 0.048896 0.673751 0.050473 0.695005 0.050473 0.696068 0.052050 0.697131 0.052050 0.698193 0.050473 0.700319 0.050473 0.701382 0.048896 0.701382 0.028391 0.700319 0.026814 0.700319 0.007886
6 0.705813 0.032950 0.706026 0.028218 0.945664 0.026767 0.945345 0.032129
13 0.330499 0.129338 0.328374 0.132492 0.328374 0.134069 0.327311 0.135647 0.327311 0.138801 0.326249 0.140379 0.326249 0.154574 0.325186 0.156151 0.325186 0.160883 0.326249 0.162461 0.326249 0.165615 0.328374 0.165615 0.329437 0.167192 0.332625 0.167192 0.333688 0.165615 0.334750 0.165615 0.335813 0.167192 0.337938 0.167192 0.339001 0.165615 0.350691 0.165615 0.350691 0.141956 0.349628 0.140379 0.349628 0.135647 0.348565 0.134069 0.348565 0.130915 0.347503 0.130915 0.346440 0.129338
13 0.517535 0.093060 0.517535 0.104101 0.516472 0.105678 0.515409 0.105678 0.514346 0.107256 0.515409 0.108833 0.515409 0.118297 0.514346 0.119874 0.514346 0.126183 0.515409 0.127760 0.515409 0.130915 0.513284 0.134069 0.513284 0.137224 0.533475 0.137224 0.534538 0.135647 0.540914 0.135647 0.541977 0.137224 0.544102 0.137224 0.545165 0.135647 0.545165 0.126183 0.544102 0.124606 0.545165 0.123028 0.545165 0.104101 0.544102 0.102524 0.544102 0.099369 0.545165 0.097792 0.545165 0.091483 0.544102 0.089905 0.541977 0.089905 0.540914 0.091483 0.540914 0.093060 0.539851 0.094637 0.538789 0.093060 0.534538 0.093060 0.533475 0.091483 0.532412 0.091483 0.531350 0.093060 0.530287 0.093060 0.529224 0.094637 0.526036 0.094637 0.524973 0.093060 0.517535 0.093060 0.515409 0.094637 0.515409 0.089905 0.513284 0.089905 0.513284 0.094637 0.515409 0.094637
13 0.960680 0.007886 0.959617 0.009464 0.953241 0.009464 0.952179 0.011041 0.952179 0.012618 0.951116 0.014196 0.951116 0.017350 0.950053 0.018927 0.950053 0.045741 0.951116 0.047319 0.971307 0.047319 0.972370 0.045741 0.974495 0.045741 0.974495 0.020505 0.973433 0.018927 0.973433 0.015773 0.972370 0.014196 0.972370 0.011041 0.970244 0.007886
16 0.637620 0.384858 0.636557 0.386435 0.636557 0.416404 0.637620 0.417981 0.637620 0.419558 0.638682 0.421136 0.638682 0.429022 0.639745 0.429022 0.640808 0.430599 0.666312 0.430599 0.667375 0.432177 0.669501 0.432177 0.669501 0.384858 0.664187 0.384858 0.663124 0.386435 0.659936 0.386435 0.658874 0.384858
