6 0.810903 0.203943 0.807928 0.205678 0.762094 0.005962 0.765600 0.003912
7 0.213284 0.296215 0.210946 0.285647 0.495430 0.000000 0.503188 0.000000
7 0.525505 0.000158 0.521785 0.000473 0.518342 0.383281 0.522954 0.379858
6 0.800319 0.294795 0.807014 0.295268 0.632200 0.615142 0.631031 0.606309
7 0.159299 0.001104 0.150223 0.000126 0.009458 0.104101 0.008608 0.113722
6 0.008852 0.142508 0.008852 0.149763 0.170011 0.299227 0.170436 0.287555
6 0.529904 0.008722 0.526823 0.009353 0.607970 0.611199 0.610946 0.610883
4 0.178533 0.287066 0.177471 0.288644 0.176408 0.288644 0.176408 0.290221 0.175345 0.291798 0.175345 0.298107 0.174283 0.299685 0.174283 0.302839 0.173220 0.304416 0.173220 0.337539 0.204038 0.337539 0.206164 0.334385 0.206164 0.318612 0.205101 0.317035 0.205101 0.312303 0.206164 0.310726 0.206164 0.309148 0.205101 0.307571 0.205101 0.301262 0.204038 0.299685 0.204038 0.291798 0.202976 0.290221 0.202976 0.288644 0.201913 0.288644 0.200850 0.287066
3 0.811902 0.233438 0.810840 0.235016 0.806589 0.235016 0.805526 0.236593 0.805526 0.244479 0.804463 0.246057 0.804463 0.253943 0.803401 0.255521 0.803401 0.269716 0.804463 0.271293 0.804463 0.283912 0.805526 0.283912 0.806589 0.285489 0.836344 0.285489 0.837407 0.283912 0.838470 0.283912 0.838470 0.247634 0.837407 0.246057 0.837407 0.242902 0.836344 0.241325 0.836344 0.238170 0.837407 0.236593 0.837407 0.235016 0.836344 0.235016 0.835282 0.233438 0.825717 0.233438 0.824655 0.235016 0.817216 0.235016 0.816153 0.233438
4 0.505845 0.411672 0.505845 0.414826 0.504782 0.416404 0.504782 0.422713 0.503719 0.424290 0.503719 0.429022 0.502657 0.430599 0.502657 0.433754 0.503719 0.435331 0.503719 0.440063 0.502657 0.441640 0.502657 0.458991 0.503719 0.460568 0.534538 0.460568 0.535600 0.458991 0.535600 0.441640 0.534538 0.440063 0.534538 0.436909 0.535600 0.435331 0.535600 0.430599 0.534538 0.429022 0.534538 0.424290 0.533475 0.422713 0.533475 0.417981 0.532412 0.416404 0.532412 0.413249 0.531350 0.411672
2 0.601488 0.618297 0.600425 0.619874 0.599362 0.619874 0.598300 0.621451 0.598300 0.626183 0.597237 0.627760 0.597237 0.648265 0.596174 0.649842 0.596174 0.660883 0.597237 0.662461 0.597237 0.665615 0.598300 0.667192 0.628055 0.667192 0.629118 0.665615 0.629118 0.656151 0.628055 0.654574 0.628055 0.651420 0.629118 0.649842 0.629118 0.635647 0.628055 0.634069 0.628055 0.629338 0.626993 0.627760 0.626993 0.621451 0.624867 0.618297
