6 0.785441 0.910883 0.785654 0.918454 0.804570 0.932650 0.813921 0.932492
14 0.646121 0.424290 0.645058 0.425868 0.641870 0.425868 0.640808 0.427445 0.640808 0.466877 0.641870 0.468454 0.641870 0.470032 0.669501 0.470032 0.670563 0.468454 0.671626 0.468454 0.672689 0.466877 0.671626 0.465300 0.671626 0.429022 0.670563 0.427445 0.670563 0.425868 0.647184 0.425868
14 0.172157 0.578864 0.171095 0.580442 0.171095 0.582019 0.170032 0.583596 0.170032 0.588328 0.168969 0.589905 0.168969 0.615142 0.170032 0.616719 0.173220 0.616719 0.174283 0.615142 0.192349 0.615142 0.193411 0.613565 0.193411 0.591483 0.192349 0.589905 0.192349 0.585174 0.191286 0.583596 0.191286 0.580442 0.190223 0.578864
17 0.760893 0.881703 0.759830 0.883281 0.757705 0.883281 0.754516 0.888013 0.754516 0.889590 0.753454 0.891167 0.753454 0.895899 0.752391 0.897476 0.752391 0.903785 0.753454 0.905363 0.753454 0.911672 0.754516 0.913249 0.761955 0.913249 0.763018 0.914826 0.764081 0.913249 0.775770 0.913249 0.776833 0.911672 0.776833 0.910095 0.777896 0.908517 0.777896 0.906940 0.778959 0.905363 0.778959 0.894322 0.780021 0.892744 0.780021 0.888013 0.778959 0.886435 0.778959 0.883281 0.776833 0.883281 0.775770 0.881703
13 0.681190 0.701893 0.680128 0.703470 0.678002 0.703470 0.678002 0.705047 0.676939 0.706625 0.676939 0.716088 0.675877 0.717666 0.676939 0.719243 0.676939 0.723975 0.675877 0.725552 0.675877 0.736593 0.676939 0.738170 0.684378 0.738170 0.685441 0.739748 0.686504 0.738170 0.699256 0.738170 0.700319 0.736593 0.700319 0.717666 0.699256 0.716088 0.699256 0.711356 0.698193 0.709779 0.698193 0.705047 0.697131 0.703470 0.685441 0.703470 0.684378 0.701893
16 0.324123 0.886435 0.324123 0.927445 0.325186 0.929022 0.325186 0.938486 0.326249 0.940063 0.326249 0.943218 0.327311 0.943218 0.328374 0.944795 0.351753 0.944795 0.352816 0.946372 0.353879 0.946372 0.354942 0.944795 0.357067 0.944795 0.358130 0.946372 0.362380 0.946372 0.363443 0.944795 0.364506 0.944795 0.364506 0.930599 0.365569 0.929022 0.365569 0.905363 0.364506 0.903785 0.364506 0.897476 0.365569 0.895899 0.365569 0.886435
14 0.777896 0.493691 0.776833 0.495268 0.776833 0.496845 0.775770 0.498423 0.775770 0.503155 0.774708 0.504732 0.774708 0.529968 0.792774 0.529968 0.793836 0.531546 0.794899 0.531546 0.795962 0.529968 0.798087 0.529968 0.799150 0.528391 0.799150 0.504732 0.798087 0.503155 0.798087 0.498423 0.797024 0.496845 0.797024 0.495268 0.795962 0.493691
8 0.183071 0.624085 0.180414 0.623770 0.173231 0.979653 0.175250 0.979653
8 0.787545 0.538659 0.784102 0.538659 0.766270 0.871625 0.769702 0.870221
6 0.370000 0.930994 0.366493 0.945189 0.401424 0.979085 0.417726 0.979085
8 0.199617 0.593123 0.199511 0.596909 0.770319 0.516498 0.769681 0.512555
6 0.671201 0.734227 0.670776 0.726498 0.368757 0.898265 0.368863 0.908517
6 0.707226 0.717823 0.707970 0.724448 0.985122 0.732492 0.985122 0.725237
6 0.999139 0.776483 0.998820 0.771909 0.787035 0.883438 0.786504 0.890221
