2 0.914984 0.339117 0.913921 0.340694 0.892667 0.340694 0.891605 0.342271 0.891605 0.343849 0.890542 0.345426 0.890542 0.348580 0.889479 0.350158 0.889479 0.353312 0.888417 0.354890 0.888417 0.373817 0.887354 0.375394 0.888417 0.376972 0.888417 0.388013 0.889479 0.388013 0.890542 0.389590 0.899044 0.389590 0.900106 0.388013 0.905420 0.388013 0.906482 0.389590 0.913921 0.389590 0.914984 0.388013 0.921360 0.388013 0.921360 0.358044 0.920298 0.356467 0.920298 0.353312 0.919235 0.351735 0.919235 0.348580 0.918172 0.347003 0.918172 0.345426 0.917109 0.343849 0.917109 0.342271
2 0.967056 0.042587 0.964931 0.045741 0.964931 0.050473 0.963868 0.052050 0.963868 0.058360 0.962806 0.059937 0.962806 0.089905 0.963868 0.091483 0.964931 0.091483 0.965994 0.093060 0.967056 0.093060 0.968119 0.091483 0.993624 0.091483 0.994687 0.089905 0.994687 0.069401 0.993624 0.067823 0.993624 0.063091 0.994687 0.061514 0.994687 0.059937 0.993624 0.058360 0.993624 0.047319 0.990436 0.042587
2 0.453773 0.257098 0.452710 0.258675 0.450584 0.258675 0.450584 0.260252 0.449522 0.261830 0.449522 0.268139 0.448459 0.269716 0.448459 0.274448 0.447396 0.276025 0.448459 0.277603 0.448459 0.280757 0.447396 0.282334 0.447396 0.305994 0.465462 0.305994 0.466525 0.307571 0.478215 0.307571 0.480340 0.304416 0.480340 0.302839 0.479277 0.301262 0.479277 0.282334 0.480340 0.280757 0.479277 0.279180 0.479277 0.269716 0.478215 0.268139 0.478215 0.261830 0.476089 0.258675 0.469713 0.258675 0.468650 0.257098 0.460149 0.257098 0.459086 0.258675 0.456961 0.258675 0.455898 0.257098
4 0.031881 0.810726 0.030818 0.812303 0.026567 0.812303 0.025505 0.813880 0.023379 0.813880 0.023379 0.815457 0.022317 0.817035 0.022317 0.832808 0.021254 0.834385 0.021254 0.842271 0.022317 0.843849 0.022317 0.847003 0.021254 0.848580 0.021254 0.862776 0.023379 0.865931 0.029756 0.865931 0.030818 0.867508 0.054198 0.867508 0.055260 0.869085 0.056323 0.869085 0.059511 0.864353 0.059511 0.858044 0.058448 0.856467 0.059511 0.854890 0.059511 0.848580 0.058448 0.847003 0.058448 0.840694 0.059511 0.839117 0.058448 0.837539 0.058448 0.823344 0.059511 0.821767 0.059511 0.817035 0.058448 0.815457 0.058448 0.810726 0.041445 0.810726 0.040383 0.812303 0.039320 0.810726
7 0.503379 0.000000 0.683337 0.180662 0.682051 0.187129 0.490861 0.000000
6 0.735824 0.223864 0.734336 0.231909 0.883656 0.351325 0.884825 0.343123
6 0.958225 0.056451 0.957694 0.062918 0.796918 0.000978 0.808608 0.000347
6 0.976482 0.102350 0.969575 0.100931 0.909989 0.332760 0.917003 0.330394
6 0.928470 0.386498 0.926982 0.396278 0.984920 0.454148 0.984814 0.440741
6 0.019469 0.138281 0.013943 0.139069 0.037928 0.455599 0.042179 0.455284
9 0.711647 0.238391 0.706759 0.238233 0.753358 0.657634 0.757290 0.657003
9 0.704857 0.238549 0.701243 0.237918 0.672402 0.611703 0.677396 0.609180
6 0.476196 0.251798 0.471520 0.249905 0.541796 0.000000 0.546472 0.000158
7 0.044442 0.524669 0.038704 0.524353 0.039915 0.805852 0.044378 0.806483
6 0.399044 0.000221 0.404304 0.000000 0.334963 0.175946 0.330712 0.171041
6 0.340755 0.212965 0.340967 0.222114 0.440776 0.275410 0.442572 0.265473
6 0.412136 0.000473 0.407460 0.000315 0.604155 0.342886 0.608618 0.337997
6 0.487588 0.293170 0.486950 0.299322 0.603305 0.366625 0.603528 0.358896
6 0.032954 0.090189 0.033698 0.096972 0.150213 0.036167 0.150319 0.025915
6 0.166971 0.051987 0.161977 0.051672 0.049554 0.456088 0.056993 0.456877
2 0.317747 0.179811 0.316684 0.181388 0.306057 0.181388 0.306057 0.184543 0.304995 0.186120 0.304995 0.190852 0.303932 0.192429 0.303932 0.206625 0.302869 0.208202 0.302869 0.228707 0.335813 0.228707 0.334750 0.227129 0.334750 0.192429 0.333688 0.190852 0.333688 0.182965 0.332625 0.181388 0.330499 0.181388 0.329437 0.179811 0.327311 0.179811 0.326249 0.181388 0.318810 0.181388
3 0.157279 0.000000 0.157279 0.001577 0.156217 0.003155 0.156217 0.004732 0.155154 0.006309 0.155154 0.009464 0.154091 0.011041 0.154091 0.041009 0.153029 0.042587 0.154091 0.044164 0.156217 0.044164 0.157279 0.045741 0.166844 0.045741 0.167906 0.044164 0.172157 0.044164 0.173220 0.045741 0.181722 0.045741 0.182784 0.044164 0.185972 0.044164 0.187035 0.045741 0.188098 0.045741 0.189160 0.047319 0.190223 0.045741 0.190223 0.037855 0.189160 0.036278 0.189160 0.022082 0.188098 0.020505 0.188098 0.018927 0.189160 0.017350 0.189160 0.012618 0.188098 0.011041 0.188098 0.007886 0.187035 0.006309 0.187035 0.004732 0.185972 0.003155 0.185972 0.000000
3 0.032944 0.458991 0.031881 0.460568 0.026567 0.460568 0.025505 0.462145 0.024442 0.462145 0.026567 0.465300 0.026567 0.473186 0.025505 0.474763 0.025505 0.476341 0.022317 0.481073 0.022317 0.487382 0.021254 0.488959 0.021254 0.492114 0.022317 0.493691 0.022317 0.503155 0.023379 0.504732 0.023379 0.512618 0.024442 0.514196 0.027630 0.514196 0.028693 0.515773 0.060574 0.515773 0.061637 0.514196 0.061637 0.460568 0.045696 0.460568 0.044633 0.458991
3 0.000000 0.077287 0.000000 0.126183 0.004251 0.126183 0.005313 0.127760 0.006376 0.126183 0.026567 0.126183 0.027630 0.124606 0.028693 0.124606 0.028693 0.094637 0.027630 0.093060 0.027630 0.089905 0.026567 0.088328 0.026567 0.085174 0.025505 0.083596 0.025505 0.078864 0.024442 0.077287
3 0.630181 0.348580 0.629118 0.350158 0.613177 0.350158 0.611052 0.353312 0.611052 0.358044 0.609989 0.359621 0.609989 0.361199 0.608927 0.362776 0.608927 0.364353 0.607864 0.365931 0.607864 0.386435 0.606801 0.388013 0.606801 0.392744 0.607864 0.394322 0.607864 0.397476 0.609989 0.400631 0.616366 0.400631 0.617428 0.399054 0.623804 0.399054 0.624867 0.400631 0.640808 0.400631 0.641870 0.399054 0.641870 0.395899 0.642933 0.394322 0.642933 0.383281 0.641870 0.381703 0.641870 0.362776 0.639745 0.359621 0.639745 0.356467 0.638682 0.354890 0.638682 0.353312 0.637620 0.351735 0.637620 0.350158 0.632306 0.350158 0.631243 0.348580
3 0.687566 0.176656 0.686504 0.178233 0.685441 0.178233 0.685441 0.182965 0.684378 0.184543 0.684378 0.190852 0.685441 0.192429 0.685441 0.194006 0.684378 0.195584 0.684378 0.233438 0.685441 0.235016 0.686504 0.233438 0.688629 0.233438 0.689692 0.231861 0.717322 0.231861 0.718385 0.230284 0.721573 0.230284 0.722635 0.228707 0.722635 0.209779 0.723698 0.208202 0.723698 0.198738 0.722635 0.197161 0.722635 0.194006 0.721573 0.192429 0.721573 0.186120 0.720510 0.184543 0.720510 0.176656 0.705632 0.176656 0.704570 0.178233 0.691817 0.178233 0.690755 0.176656
3 0.746015 0.665615 0.744952 0.667192 0.744952 0.668770 0.743889 0.670347 0.743889 0.676656 0.742827 0.678233 0.742827 0.686120 0.741764 0.687697 0.741764 0.690852 0.742827 0.692429 0.742827 0.694006 0.741764 0.695584 0.741764 0.712934 0.742827 0.714511 0.773645 0.714511 0.774708 0.712934 0.774708 0.695584 0.773645 0.694006 0.773645 0.679811 0.772582 0.678233 0.772582 0.673502 0.771520 0.671924 0.771520 0.668770 0.769394 0.665615
1 0.659936 0.618297 0.658874 0.619874 0.658874 0.621451 0.657811 0.623028 0.657811 0.629338 0.656748 0.630915 0.656748 0.634069 0.655685 0.635647 0.655685 0.638801 0.656748 0.640379 0.656748 0.646688 0.655685 0.648265 0.655685 0.665615 0.656748 0.667192 0.686504 0.667192 0.687566 0.665615 0.688629 0.665615 0.688629 0.645110 0.687566 0.643533 0.687566 0.640379 0.688629 0.638801 0.688629 0.635647 0.687566 0.634069 0.687566 0.632492 0.686504 0.630915 0.686504 0.624606 0.685441 0.623028 0.685441 0.619874 0.684378 0.618297
