4 0.671626 0.433754 0.670563 0.435331 0.638682 0.435331 0.637620 0.436909 0.637620 0.441640 0.638682 0.443218 0.638682 0.452681 0.637620 0.454259 0.637620 0.488959 0.638682 0.490536 0.643996 0.490536 0.645058 0.492114 0.648247 0.492114 0.649309 0.490536 0.650372 0.490536 0.651435 0.492114 0.673751 0.492114 0.674814 0.490536 0.676939 0.490536 0.676939 0.455836 0.675877 0.454259 0.675877 0.451104 0.674814 0.449527 0.674814 0.447950 0.675877 0.446372 0.675877 0.440063 0.676939 0.438486 0.673751 0.433754
3 0.621679 0.058360 0.620616 0.059937 0.619554 0.059937 0.619554 0.061514 0.618491 0.063091 0.618491 0.069401 0.617428 0.070978 0.617428 0.075710 0.616366 0.077287 0.616366 0.105678 0.617428 0.107256 0.648247 0.107256 0.648247 0.105678 0.649309 0.104101 0.649309 0.086751 0.648247 0.085174 0.648247 0.070978 0.647184 0.069401 0.647184 0.066246 0.646121 0.064669 0.646121 0.059937 0.643996 0.059937 0.642933 0.058360 0.635494 0.058360 0.634431 0.059937 0.633369 0.059937 0.632306 0.058360
1 0.427205 0.053628 0.426142 0.055205 0.425080 0.055205 0.426142 0.056782 0.426142 0.102524 0.425080 0.104101 0.425080 0.108833 0.427205 0.111987 0.428268 0.110410 0.433581 0.110410 0.434644 0.108833 0.445271 0.108833 0.446334 0.110410 0.463337 0.110410 0.463337 0.108833 0.464400 0.107256 0.464400 0.105678 0.463337 0.104101 0.463337 0.097792 0.462274 0.096215 0.462274 0.088328 0.463337 0.086751 0.463337 0.072555 0.462274 0.070978 0.462274 0.063091 0.463337 0.061514 0.463337 0.056782 0.464400 0.055205 0.463337 0.055205 0.462274 0.053628 0.461211 0.055205 0.451647 0.055205 0.450584 0.056782 0.445271 0.056782 0.444208 0.055205 0.442083 0.055205 0.441020 0.056782 0.436769 0.056782 0.435707 0.055205 0.434644 0.055205 0.433581 0.056782 0.430393 0.056782 0.429330 0.055205 0.428268 0.055205
4 0.424017 0.429022 0.424017 0.432177 0.422954 0.433754 0.422954 0.440063 0.421892 0.441640 0.421892 0.443218 0.420829 0.444795 0.420829 0.474763 0.421892 0.476341 0.421892 0.477918 0.452710 0.477918 0.453773 0.476341 0.453773 0.444795 0.452710 0.443218 0.452710 0.440063 0.451647 0.438486 0.451647 0.435331 0.450584 0.433754 0.450584 0.430599 0.449522 0.429022
4 0.364506 0.563091 0.363443 0.564669 0.363443 0.567823 0.362380 0.569401 0.362380 0.572555 0.361318 0.574132 0.361318 0.580442 0.360255 0.582019 0.360255 0.585174 0.361318 0.586751 0.361318 0.589905 0.360255 0.591483 0.360255 0.610410 0.361318 0.611987 0.392136 0.611987 0.393199 0.610410 0.393199 0.591483 0.392136 0.589905 0.392136 0.588328 0.393199 0.586751 0.393199 0.580442 0.392136 0.578864 0.392136 0.574132 0.391073 0.572555 0.391073 0.567823 0.390011 0.566246 0.390011 0.564669 0.388948 0.563091
4 0.023379 0.802839 0.021254 0.805994 0.021254 0.813880 0.020191 0.815457 0.020191 0.818612 0.019129 0.820189 0.019129 0.824921 0.020191 0.826498 0.020191 0.831230 0.019129 0.832808 0.019129 0.851735 0.020191 0.851735 0.021254 0.853312 0.049947 0.853312 0.051010 0.851735 0.052072 0.851735 0.052072 0.821767 0.051010 0.820189 0.051010 0.815457 0.049947 0.813880 0.049947 0.809148 0.048884 0.807571 0.048884 0.804416 0.045696 0.804416 0.044633 0.802839 0.037194 0.802839 0.036132 0.804416 0.031881 0.804416 0.030818 0.802839
4 0.105207 0.586751 0.104145 0.588328 0.103082 0.588328 0.103082 0.589905 0.102019 0.591483 0.102019 0.596215 0.100956 0.597792 0.100956 0.602524 0.099894 0.604101 0.099894 0.610410 0.100956 0.611987 0.099894 0.613565 0.099894 0.623028 0.098831 0.624606 0.099894 0.626183 0.099894 0.635647 0.132837 0.635647 0.132837 0.605678 0.131775 0.604101 0.131775 0.599369 0.130712 0.597792 0.130712 0.593060 0.129649 0.591483 0.129649 0.588328 0.128587 0.588328 0.127524 0.586751
4 0.215728 0.424290 0.213603 0.427445 0.213603 0.433754 0.212540 0.435331 0.212540 0.441640 0.211477 0.443218 0.211477 0.444795 0.212540 0.446372 0.212540 0.449527 0.211477 0.451104 0.211477 0.471609 0.212540 0.473186 0.243358 0.473186 0.244421 0.471609 0.244421 0.451104 0.243358 0.449527 0.244421 0.447950 0.244421 0.443218 0.243358 0.441640 0.243358 0.435331 0.242295 0.433754 0.242295 0.430599 0.241233 0.429022 0.241233 0.425868 0.240170 0.424290
3 0.275239 0.052050 0.274176 0.053628 0.267800 0.053628 0.266738 0.055205 0.266738 0.059937 0.265675 0.061514 0.265675 0.064669 0.264612 0.066246 0.264612 0.070978 0.263549 0.072555 0.263549 0.100946 0.264612 0.102524 0.265675 0.102524 0.266738 0.104101 0.268863 0.104101 0.269926 0.102524 0.298618 0.102524 0.299681 0.100946 0.299681 0.099369 0.298618 0.097792 0.298618 0.074132 0.297556 0.072555 0.297556 0.064669 0.296493 0.063091 0.296493 0.058360 0.295430 0.056782 0.295430 0.055205 0.294368 0.053628 0.291180 0.053628 0.290117 0.052050
4 0.087141 0.239748 0.086079 0.241325 0.086079 0.244479 0.085016 0.246057 0.085016 0.250789 0.083953 0.252366 0.083953 0.255521 0.082891 0.257098 0.082891 0.288644 0.083953 0.290221 0.114772 0.290221 0.115834 0.288644 0.115834 0.257098 0.114772 0.255521 0.114772 0.252366 0.113709 0.250789 0.113709 0.247634 0.112646 0.246057 0.112646 0.242902 0.110521 0.239748
4 0.646121 0.667192 0.645058 0.668770 0.643996 0.668770 0.642933 0.670347 0.642933 0.676656 0.641870 0.678233 0.641870 0.684543 0.640808 0.686120 0.640808 0.687697 0.641870 0.689274 0.641870 0.716088 0.654623 0.716088 0.655685 0.717666 0.663124 0.717666 0.664187 0.716088 0.665250 0.716088 0.666312 0.717666 0.669501 0.717666 0.670563 0.716088 0.672689 0.716088 0.673751 0.714511 0.673751 0.697161 0.672689 0.695584 0.672689 0.692429 0.673751 0.690852 0.673751 0.686120 0.672689 0.684543 0.672689 0.679811 0.671626 0.678233 0.671626 0.673502 0.670563 0.671924 0.670563 0.670347 0.669501 0.668770 0.669501 0.667192
4 0.552604 0.280757 0.551541 0.282334 0.551541 0.285489 0.550478 0.287066 0.550478 0.290221 0.549416 0.291798 0.549416 0.294953 0.548353 0.296530 0.548353 0.328076 0.549416 0.328076 0.550478 0.329653 0.579171 0.329653 0.580234 0.328076 0.581296 0.328076 0.581296 0.312303 0.580234 0.310726 0.580234 0.293375 0.579171 0.291798 0.579171 0.287066 0.578108 0.285489 0.578108 0.282334 0.577046 0.280757
7 0.305728 0.093375 0.305303 0.100631 0.542455 0.293864 0.545250 0.282382
6 0.633804 0.467918 0.633698 0.460032 0.457333 0.452508 0.458608 0.459448
6 0.613071 0.080694 0.613071 0.085757 0.467970 0.086388 0.467970 0.079842
6 0.281690 0.043533 0.276908 0.043691 0.278066 0.000000 0.278990 0.000000 0.281265 0.000789
9 0.100128 0.017114 0.105080 0.017397 0.102147 0.214054 0.097460 0.213407
9 0.416142 0.454369 0.416461 0.449968 0.249214 0.445789 0.248789 0.452098
9 0.355207 0.593927 0.356196 0.584401 0.137832 0.605410 0.137620 0.613470
9 0.095569 0.621577 0.094081 0.614479 0.000000 0.647997 0.000000 0.655552
9 0.013964 0.796845 0.016663 0.794290 0.000000 0.764826 0.000000 0.776672
9 0.399819 0.591877 0.399639 0.596972 0.636982 0.687019 0.637184 0.680726
9 0.659947 0.635804 0.656440 0.638801 0.655781 0.495095 0.659501 0.495095
9 0.442359 0.000237 0.446185 0.000079 0.446716 0.051041 0.441722 0.050410
