7 0.254919 0.407903 0.253945 0.400040 0.000049 0.260343 0.000211 0.267802
7 0.702500 0.434698 0.702662 0.444355 0.000000 0.231794 0.000000 0.222964
4 0.267857 0.391129 0.266234 0.393145 0.266234 0.397177 0.264610 0.399194 0.264610 0.405242 0.262987 0.407258 0.262987 0.413306 0.261364 0.415323 0.261364 0.419355 0.264610 0.423387 0.262987 0.425403 0.262987 0.427419 0.261364 0.429435 0.261364 0.451613 0.262987 0.453629 0.310065 0.453629 0.311688 0.451613 0.311688 0.429435 0.310065 0.427419 0.310065 0.421371 0.311688 0.419355 0.311688 0.415323 0.310065 0.413306 0.310065 0.407258 0.308442 0.405242 0.308442 0.401210 0.306818 0.399194 0.306818 0.393145 0.305195 0.391129
4 0.870130 0.616935 0.868506 0.618952 0.866883 0.618952 0.866883 0.622984 0.865260 0.625000 0.865260 0.631048 0.863636 0.633065 0.863636 0.639113 0.862013 0.641129 0.862013 0.647177 0.863636 0.649194 0.863636 0.653226 0.862013 0.655242 0.862013 0.679435 0.863636 0.679435 0.865260 0.681452 0.907468 0.681452 0.909091 0.679435 0.910714 0.679435 0.912338 0.677419 0.912338 0.655242 0.910714 0.653226 0.910714 0.649194 0.912338 0.647177 0.912338 0.641129 0.910714 0.639113 0.910714 0.633065 0.909091 0.631048 0.909091 0.625000 0.907468 0.622984 0.907468 0.618952 0.905844 0.618952 0.904221 0.616935
2 0.504870 0.129032 0.503247 0.131048 0.503247 0.135081 0.501623 0.137097 0.501623 0.141129 0.500000 0.143145 0.500000 0.149194 0.498377 0.151210 0.498377 0.157258 0.500000 0.159274 0.500000 0.165323 0.498377 0.167339 0.498377 0.189516 0.500000 0.189516 0.501623 0.191532 0.511364 0.191532 0.512987 0.189516 0.514610 0.191532 0.530844 0.191532 0.532468 0.189516 0.534091 0.189516 0.535714 0.191532 0.537338 0.191532 0.538961 0.189516 0.548701 0.189516 0.548701 0.167339 0.547078 0.165323 0.547078 0.163306 0.545455 0.161290 0.548701 0.157258 0.548701 0.151210 0.547078 0.149194 0.547078 0.143145 0.545455 0.141129 0.545455 0.137097 0.543831 0.135081 0.543831 0.131048 0.542208 0.131048 0.540584 0.129032
4 0.719156 0.419355 0.719156 0.421371 0.717532 0.423387 0.717532 0.431452 0.715909 0.433468 0.715909 0.435484 0.714286 0.437500 0.714286 0.441532 0.712662 0.443548 0.712662 0.483871 0.764610 0.483871 0.766234 0.481855 0.766234 0.455645 0.764610 0.453629 0.764610 0.439516 0.762987 0.437500 0.762987 0.435484 0.761364 0.433468 0.761364 0.427419 0.759740 0.425403 0.759740 0.419355
9 0.859286 0.605040 0.855779 0.611593 0.766510 0.494798 0.776558 0.488246
9 0.978149 0.386714 0.977338 0.378448 0.773295 0.438105 0.774432 0.446169
9 0.490487 0.166794 0.491656 0.158569 0.000438 0.177198 0.000097 0.181411
9 0.421526 0.001512 0.401558 0.000302 0.000032 0.133488 0.000357 0.142359
