6 0.185664 0.651877 0.185664 0.670110 0.569862 0.686025 0.569862 0.669401
16 0.607864 0.659306 0.605739 0.659306 0.604676 0.657729 0.602550 0.657729 0.601488 0.656151 0.600425 0.656151 0.599362 0.654574 0.596174 0.654574 0.595112 0.652997 0.594049 0.654574 0.585547 0.654574 0.584485 0.656151 0.580234 0.656151 0.579171 0.657729 0.578108 0.657729 0.574920 0.662461 0.574920 0.675079 0.573858 0.676656 0.574920 0.678233 0.574920 0.684543 0.573858 0.686120 0.573858 0.694006 0.574920 0.695584 0.574920 0.697161 0.575983 0.697161 0.577046 0.698738 0.578108 0.698738 0.579171 0.700315 0.581296 0.700315 0.582359 0.701893 0.585547 0.701893 0.586610 0.703470 0.596174 0.703470 0.597237 0.701893 0.598300 0.701893 0.599362 0.700315 0.602550 0.700315 0.605739 0.695584 0.606801 0.695584 0.607864 0.694006 0.607864 0.692429 0.608927 0.690852 0.608927 0.660883 0.607864 0.659306 0.611052 0.648265 0.611052 0.648265
13 0.056323 0.288644 0.055260 0.290221 0.028693 0.290221 0.028693 0.301262 0.029756 0.302839 0.029756 0.323344 0.030818 0.324921 0.030818 0.334385 0.031881 0.335962 0.032944 0.335962 0.034006 0.337539 0.038257 0.337539 0.039320 0.335962 0.054198 0.335962 0.055260 0.337539 0.062699 0.337539 0.062699 0.335962 0.063762 0.334385 0.063762 0.331230 0.062699 0.329653 0.062699 0.298107 0.063762 0.296530 0.063762 0.291798 0.062699 0.290221 0.060574 0.290221 0.059511 0.288644
13 0.259299 0.113565 0.259299 0.154574 0.260361 0.154574 0.261424 0.156151 0.263549 0.156151 0.264612 0.154574 0.281615 0.154574 0.282678 0.152997 0.283741 0.154574 0.286929 0.154574 0.287991 0.152997 0.287991 0.138801 0.286929 0.137224 0.286929 0.113565 0.277365 0.113565 0.276302 0.115142 0.274176 0.115142 0.273114 0.113565 0.266738 0.113565 0.265675 0.115142 0.260361 0.115142
6 0.066334 0.305158 0.064633 0.294511 0.255430 0.147603 0.256801 0.156215
6 0.056355 0.346151 0.061456 0.343454 0.159490 0.632855 0.154920 0.632855
6 0.065143 0.319795 0.065143 0.331956 0.569277 0.668596 0.569277 0.658975
16 0.149841 0.635647 0.149841 0.673502 0.150903 0.675079 0.150903 0.678233 0.149841 0.679811 0.149841 0.682965 0.181722 0.682965 0.181722 0.676656 0.182784 0.675079 0.182784 0.637224 0.181722 0.635647
6 0.293401 0.125047 0.292635 0.112934 0.422412 0.000915 0.431498 0.000000 0.433390 0.000000
6 0.614825 0.670804 0.615016 0.688044 0.986674 0.692397 0.986674 0.675741
6 0.186451 0.647271 0.185770 0.653344 0.984952 0.245473 0.983794 0.239353
