9 0.635728 0.137744 0.632763 0.141167 0.745590 0.364700 0.747928 0.356830
6 0.326366 0.652397 0.323698 0.645047 0.132965 0.845473 0.133284 0.854306
6 0.325069 0.626577 0.324357 0.618770 0.000000 0.569716 0.000000 0.570599 0.000840 0.576057
6 0.397503 0.338659 0.392083 0.346230 0.617598 0.659338 0.618215 0.647839
6 0.924740 0.173218 0.921552 0.171325 0.788597 0.362981 0.790723 0.370710
6 0.597673 0.077744 0.596716 0.082476 0.520468 0.000379 0.523241 0.000000 0.529182 0.000000
6 0.740925 0.000426 0.731084 0.000063 0.637885 0.085110 0.641913 0.091577
6 0.647651 0.000631 0.642869 0.000331 0.624378 0.077287 0.629798 0.075394
6 0.621403 0.000331 0.617790 0.000473 0.618002 0.077461 0.620871 0.076830
6 0.860202 0.000726 0.851382 0.000568 0.920043 0.115789 0.924400 0.107744
2 0.222104 0.151420 0.221041 0.152997 0.207226 0.152997 0.207226 0.156151 0.206164 0.157729 0.206164 0.162461 0.205101 0.164038 0.205101 0.179811 0.204038 0.181388 0.204038 0.200315 0.235919 0.200315 0.236982 0.198738 0.236982 0.179811 0.235919 0.178233 0.235919 0.173502 0.236982 0.171924 0.236982 0.170347 0.235919 0.168770 0.235919 0.160883 0.234857 0.159306 0.234857 0.156151 0.233794 0.154574 0.233794 0.152997 0.225292 0.152997 0.224230 0.151420
1 0.359192 0.285489 0.357067 0.288644 0.357067 0.293375 0.356004 0.294953 0.356004 0.301262 0.354942 0.302839 0.354942 0.305994 0.356004 0.307571 0.356004 0.315457 0.354942 0.317035 0.354942 0.332808 0.356004 0.332808 0.357067 0.334385 0.384697 0.334385 0.385760 0.332808 0.386823 0.332808 0.387885 0.331230 0.387885 0.315457 0.386823 0.313880 0.386823 0.309148 0.387885 0.307571 0.387885 0.304416 0.386823 0.302839 0.386823 0.298107 0.385760 0.296530 0.385760 0.291798 0.384697 0.290221 0.384697 0.287066 0.383634 0.285489
4 0.122210 0.847003 0.121148 0.848580 0.096706 0.848580 0.095643 0.850158 0.092455 0.850158 0.091392 0.851735 0.092455 0.853312 0.092455 0.854890 0.093518 0.856467 0.092455 0.858044 0.092455 0.867508 0.091392 0.869085 0.091392 0.888013 0.090329 0.889590 0.090329 0.897476 0.091392 0.899054 0.091392 0.902208 0.119022 0.902208 0.120085 0.903785 0.127524 0.903785 0.129649 0.900631 0.129649 0.894322 0.128587 0.892744 0.128587 0.850158 0.126461 0.847003
6 0.598597 0.128738 0.597535 0.123218 0.394888 0.287019 0.395313 0.295852
6 0.602327 0.142476 0.597333 0.140584 0.359596 0.597145 0.361690 0.602256
6 0.372455 0.344874 0.366185 0.343233 0.345707 0.594748 0.353964 0.593486
6 0.395558 0.009621 0.395175 0.004527 0.240946 0.154685 0.243730 0.161924
6 0.346854 0.296388 0.351435 0.287350 0.244400 0.189543 0.240967 0.198580
6 0.439086 0.000883 0.438661 0.006404 0.594665 0.098502 0.594665 0.090773
2 0.397450 0.000000 0.397450 0.012618 0.403826 0.012618 0.404888 0.014196 0.410202 0.014196 0.411265 0.012618 0.414453 0.012618 0.415515 0.014196 0.416578 0.012618 0.419766 0.012618 0.420829 0.014196 0.424017 0.014196 0.425080 0.012618 0.429330 0.012618 0.430393 0.011041 0.430393 0.000000
3 0.975558 0.397476 0.975558 0.399054 0.974495 0.400631 0.974495 0.406940 0.973433 0.408517 0.973433 0.413249 0.972370 0.414826 0.972370 0.417981 0.973433 0.419558 0.973433 0.427445 0.972370 0.429022 0.972370 0.443218 0.973433 0.444795 0.973433 0.446372 0.989373 0.446372 0.994687 0.438486 0.994687 0.436909 0.997875 0.432177 0.998937 0.432177 0.998937 0.397476
2 0.926674 0.118297 0.926674 0.119874 0.925611 0.121451 0.925611 0.126183 0.924548 0.127760 0.924548 0.132492 0.923486 0.134069 0.923486 0.164038 0.924548 0.165615 0.955367 0.165615 0.956429 0.164038 0.956429 0.146688 0.955367 0.145110 0.955367 0.140379 0.956429 0.138801 0.956429 0.135647 0.955367 0.134069 0.955367 0.129338 0.954304 0.127760 0.954304 0.123028 0.953241 0.121451 0.953241 0.119874 0.952179 0.118297
1 0.605739 0.082019 0.603613 0.085174 0.603613 0.091483 0.602550 0.093060 0.602550 0.099369 0.601488 0.100946 0.601488 0.102524 0.602550 0.104101 0.602550 0.108833 0.601488 0.110410 0.601488 0.130915 0.634431 0.130915 0.634431 0.108833 0.633369 0.107256 0.633369 0.105678 0.634431 0.104101 0.634431 0.099369 0.633369 0.097792 0.633369 0.094637 0.632306 0.093060 0.632306 0.088328 0.631243 0.086751 0.631243 0.083596 0.630181 0.082019
3 0.768332 0.373817 0.767269 0.375394 0.753454 0.375394 0.752391 0.376972 0.752391 0.378549 0.751328 0.380126 0.751328 0.383281 0.750266 0.384858 0.750266 0.388013 0.748140 0.391167 0.748140 0.397476 0.749203 0.399054 0.749203 0.406940 0.748140 0.408517 0.748140 0.421136 0.750266 0.424290 0.756642 0.424290 0.757705 0.422713 0.764081 0.422713 0.765143 0.424290 0.770457 0.424290 0.771520 0.422713 0.775770 0.422713 0.776833 0.424290 0.782147 0.424290 0.782147 0.421136 0.783209 0.419558 0.783209 0.405363 0.782147 0.403785 0.782147 0.386435 0.780021 0.383281 0.780021 0.381703 0.778959 0.380126 0.778959 0.376972 0.777896 0.375394 0.774708 0.375394 0.773645 0.373817
1 0.629118 0.659306 0.628055 0.660883 0.626993 0.660883 0.626993 0.662461 0.625930 0.664038 0.625930 0.670347 0.624867 0.671924 0.624867 0.673502 0.623804 0.675079 0.623804 0.684543 0.624867 0.686120 0.624867 0.687697 0.623804 0.689274 0.623804 0.706625 0.625930 0.709779 0.629118 0.709779 0.630181 0.708202 0.635494 0.708202 0.636557 0.709779 0.647184 0.709779 0.648247 0.708202 0.650372 0.708202 0.651435 0.709779 0.654623 0.709779 0.655685 0.708202 0.656748 0.708202 0.656748 0.676656 0.655685 0.675079 0.655685 0.671924 0.654623 0.670347 0.654623 0.667192 0.653560 0.665615 0.653560 0.662461 0.652497 0.660883 0.651435 0.660883 0.650372 0.659306
1 0.332625 0.602524 0.331562 0.604101 0.331562 0.605678 0.330499 0.607256 0.330499 0.613565 0.329437 0.615142 0.329437 0.643533 0.328374 0.645110 0.328374 0.648265 0.329437 0.649842 0.329437 0.651420 0.330499 0.652997 0.359192 0.652997 0.360255 0.651420 0.361318 0.651420 0.361318 0.648265 0.362380 0.646688 0.362380 0.637224 0.361318 0.635647 0.361318 0.632492 0.360255 0.630915 0.360255 0.629338 0.361318 0.627760 0.361318 0.618297 0.360255 0.616719 0.360255 0.613565 0.359192 0.611987 0.359192 0.607256 0.358130 0.605678 0.358130 0.604101 0.357067 0.602524
6 0.972880 0.000489 0.968842 0.000647 0.984017 0.336530 0.984453 0.260189
9 0.618640 0.681262 0.619394 0.676167 0.366918 0.628091 0.365643 0.634227
