9 0.817120 0.000347 0.823486 0.000631 0.341233 0.514038 0.340808 0.508202
2 0.964931 0.645110 0.963868 0.646688 0.962806 0.646688 0.961743 0.648265 0.961743 0.654574 0.960680 0.656151 0.960680 0.671924 0.959617 0.673502 0.959617 0.676656 0.958555 0.678233 0.958555 0.689274 0.959617 0.690852 0.959617 0.694006 0.980871 0.694006 0.981934 0.695584 0.982997 0.694006 0.985122 0.694006 0.984060 0.692429 0.984060 0.664038 0.985122 0.662461 0.985122 0.646688 0.984060 0.645110
3 0.837407 0.328076 0.836344 0.329653 0.835282 0.329653 0.834219 0.331230 0.831031 0.331230 0.829968 0.329653 0.825717 0.329653 0.824655 0.331230 0.807651 0.331230 0.806589 0.329653 0.805526 0.329653 0.804463 0.331230 0.803401 0.331230 0.803401 0.334385 0.804463 0.335962 0.804463 0.337539 0.805526 0.339117 0.805526 0.345426 0.803401 0.348580 0.802338 0.348580 0.802338 0.353312 0.801275 0.354890 0.801275 0.362776 0.802338 0.364353 0.802338 0.380126 0.801275 0.381703 0.801275 0.388013 0.802338 0.389590 0.803401 0.389590 0.804463 0.388013 0.811902 0.388013 0.812965 0.386435 0.833156 0.386435 0.834219 0.388013 0.840595 0.388013 0.841658 0.386435 0.841658 0.372240 0.840595 0.370662 0.840595 0.365931 0.841658 0.364353 0.841658 0.356467 0.840595 0.354890 0.840595 0.351735 0.839532 0.350158 0.839532 0.347003 0.838470 0.345426 0.839532 0.343849 0.839532 0.342271 0.840595 0.340694 0.840595 0.337539 0.841658 0.335962 0.841658 0.332808 0.839532 0.329653 0.838470 0.329653
1 0.075452 0.365931 0.074389 0.367508 0.059511 0.367508 0.058448 0.369085 0.058448 0.370662 0.057386 0.372240 0.057386 0.376972 0.056323 0.378549 0.056323 0.383281 0.055260 0.384858 0.055260 0.386435 0.056323 0.388013 0.056323 0.394322 0.055260 0.395899 0.055260 0.413249 0.056323 0.414826 0.057386 0.414826 0.058448 0.416404 0.062699 0.416404 0.063762 0.414826 0.064825 0.414826 0.065887 0.416404 0.070138 0.416404 0.071201 0.414826 0.072264 0.416404 0.078640 0.416404 0.079702 0.414826 0.080765 0.414826 0.081828 0.416404 0.083953 0.416404 0.085016 0.414826 0.088204 0.414826 0.088204 0.400631 0.087141 0.399054 0.087141 0.378549 0.086079 0.376972 0.086079 0.373817 0.085016 0.372240 0.085016 0.369085 0.083953 0.367508 0.079702 0.367508 0.078640 0.365931
1 0.674814 0.634069 0.673751 0.635647 0.672689 0.635647 0.672689 0.638801 0.671626 0.640379 0.671626 0.646688 0.669501 0.649842 0.669501 0.681388 0.670563 0.682965 0.701382 0.682965 0.702444 0.681388 0.702444 0.665615 0.701382 0.664038 0.701382 0.646688 0.700319 0.645110 0.700319 0.640379 0.699256 0.638801 0.699256 0.637224 0.697131 0.634069
1 0.893730 0.446372 0.892667 0.447950 0.883103 0.447950 0.882040 0.449527 0.880978 0.449527 0.880978 0.451104 0.879915 0.452681 0.879915 0.458991 0.878852 0.460568 0.878852 0.465300 0.877790 0.466877 0.877790 0.468454 0.878852 0.470032 0.878852 0.479495 0.877790 0.481073 0.877790 0.495268 0.878852 0.496845 0.909671 0.496845 0.910733 0.495268 0.910733 0.477918 0.909671 0.476341 0.909671 0.471609 0.910733 0.470032 0.910733 0.466877 0.909671 0.465300 0.909671 0.460568 0.908608 0.458991 0.908608 0.452681 0.907545 0.451104 0.907545 0.449527 0.906482 0.447950 0.897981 0.447950 0.896918 0.446372
6 0.898937 0.000631 0.896472 0.000442 0.894091 0.440994 0.896748 0.440552
9 0.908183 0.000804 0.904570 0.000174 0.970861 0.636562 0.974463 0.635931
20 0.885622 0.001041 0.881052 0.000726 0.825802 0.324858 0.830393 0.325978
6 0.930425 0.000016 0.985951 0.142303 0.985292 0.146546 0.927343 0.000016
6 0.085441 0.363880 0.081615 0.359621 0.204676 0.000315 0.211265 0.000315
4 0.739532 0.933438 0.737513 0.933596 0.736451 0.936909 0.736132 0.939590 0.735388 0.941640 0.734538 0.945899 0.734325 0.949527 0.733688 0.953155 0.733262 0.954259 0.733262 0.957413 0.734325 0.958991 0.733369 0.964038 0.733262 0.966877 0.733262 0.979495 0.734325 0.981073 0.766206 0.981073 0.767269 0.979495 0.767588 0.976183 0.767481 0.971293 0.767375 0.963722 0.765143 0.962145 0.765143 0.960568 0.767800 0.958833 0.767056 0.954890 0.766631 0.952208 0.766844 0.949211 0.765994 0.946845 0.765887 0.943849 0.765037 0.940694 0.764081 0.935331 0.761743 0.933123 0.757598 0.933281 0.752816 0.932965 0.746015 0.933438 0.742083 0.933123
9 0.876833 0.000158 0.873007 0.000473 0.694006 0.624543 0.697194 0.626120
7 0.820117 0.392760 0.818268 0.392019 0.754516 0.906940 0.758735 0.906435
6 0.851753 0.000631 0.856748 0.000315 0.329330 0.978707 0.319660 0.979180
6 0.869926 0.000631 0.863762 0.000000 0.493730 0.977287 0.501700 0.977603
