3 0.653560 0.451104 0.652497 0.452681 0.643996 0.452681 0.641870 0.455836 0.639745 0.455836 0.639745 0.457413 0.638682 0.458991 0.638682 0.468454 0.637620 0.470032 0.637620 0.495268 0.636557 0.496845 0.637620 0.498423 0.637620 0.500000 0.638682 0.501577 0.639745 0.501577 0.640808 0.503155 0.649309 0.503155 0.650372 0.501577 0.654623 0.501577 0.655685 0.503155 0.660999 0.503155 0.662062 0.501577 0.663124 0.503155 0.666312 0.503155 0.667375 0.501577 0.672689 0.501577 0.673751 0.500000 0.673751 0.465300 0.672689 0.463722 0.672689 0.458991 0.671626 0.457413 0.671626 0.454259 0.670563 0.452681 0.666312 0.452681 0.665250 0.451104 0.659936 0.451104 0.658874 0.452681 0.655685 0.452681 0.654623 0.451104
4 0.774708 0.331230 0.773645 0.332808 0.750266 0.332808 0.750266 0.335962 0.749203 0.337539 0.749203 0.342271 0.747078 0.345426 0.747078 0.383281 0.748140 0.384858 0.781084 0.384858 0.782147 0.383281 0.782147 0.354890 0.781084 0.353312 0.781084 0.345426 0.780021 0.343849 0.780021 0.337539 0.778959 0.335962 0.778959 0.334385 0.777896 0.332808 0.775770 0.332808
3 0.894793 0.682965 0.893730 0.684543 0.892667 0.684543 0.892667 0.687697 0.891605 0.689274 0.891605 0.694006 0.890542 0.695584 0.890542 0.697161 0.889479 0.698738 0.889479 0.730284 0.890542 0.731861 0.891605 0.731861 0.892667 0.733438 0.894793 0.733438 0.895855 0.731861 0.902232 0.731861 0.903294 0.733438 0.909671 0.733438 0.910733 0.731861 0.917109 0.731861 0.918172 0.733438 0.919235 0.733438 0.920298 0.731861 0.922423 0.731861 0.922423 0.730284 0.923486 0.728707 0.923486 0.712934 0.922423 0.711356 0.922423 0.700315 0.921360 0.698738 0.921360 0.694006 0.920298 0.692429 0.920298 0.690852 0.919235 0.689274 0.919235 0.686120 0.918172 0.684543 0.917109 0.684543 0.916047 0.682965
1 0.684378 0.657729 0.683316 0.659306 0.681190 0.659306 0.681190 0.660883 0.680128 0.662461 0.680128 0.668770 0.679065 0.670347 0.679065 0.675079 0.678002 0.676656 0.678002 0.705047 0.679065 0.706625 0.690755 0.706625 0.691817 0.708202 0.692880 0.708202 0.693943 0.706625 0.705632 0.706625 0.706695 0.708202 0.707758 0.708202 0.708820 0.706625 0.709883 0.706625 0.710946 0.705047 0.710946 0.684543 0.709883 0.682965 0.709883 0.681388 0.710946 0.679811 0.710946 0.676656 0.709883 0.675079 0.709883 0.671924 0.708820 0.670347 0.708820 0.665615 0.707758 0.664038 0.707758 0.659306 0.705632 0.659306 0.704570 0.657729
3 0.040383 0.895899 0.039320 0.897476 0.022317 0.897476 0.022317 0.899054 0.021254 0.900631 0.021254 0.906940 0.020191 0.908517 0.020191 0.913249 0.019129 0.914826 0.019129 0.916404 0.020191 0.917981 0.020191 0.922713 0.019129 0.924290 0.019129 0.943218 0.021254 0.946372 0.049947 0.946372 0.051010 0.944795 0.052072 0.944795 0.052072 0.913249 0.051010 0.911672 0.051010 0.908517 0.049947 0.906940 0.049947 0.902208 0.048884 0.900631 0.048884 0.897476 0.041445 0.897476
3 0.315622 0.328076 0.314559 0.329653 0.296493 0.329653 0.295430 0.331230 0.285866 0.331230 0.284803 0.332808 0.284803 0.334385 0.285866 0.335962 0.285866 0.342271 0.284803 0.343849 0.284803 0.347003 0.283741 0.348580 0.283741 0.351735 0.282678 0.353312 0.282678 0.361199 0.283741 0.362776 0.283741 0.376972 0.282678 0.378549 0.282678 0.381703 0.283741 0.381703 0.284803 0.383281 0.289054 0.383281 0.290117 0.381703 0.316684 0.381703 0.317747 0.380126 0.318810 0.380126 0.318810 0.365931 0.317747 0.364353 0.317747 0.362776 0.318810 0.361199 0.318810 0.347003 0.316684 0.343849 0.316684 0.340694 0.315622 0.339117 0.316684 0.337539 0.316684 0.334385 0.317747 0.332808 0.318810 0.332808 0.318810 0.329653 0.319872 0.328076
3 0.493092 0.746057 0.492030 0.747634 0.483528 0.747634 0.482465 0.749211 0.480340 0.749211 0.479277 0.747634 0.473964 0.747634 0.472901 0.749211 0.458023 0.749211 0.458023 0.750789 0.456961 0.752366 0.458023 0.753943 0.458023 0.763407 0.456961 0.764984 0.456961 0.804416 0.464400 0.804416 0.465462 0.802839 0.466525 0.802839 0.467588 0.804416 0.484591 0.804416 0.485654 0.802839 0.486716 0.802839 0.487779 0.804416 0.494155 0.804416 0.494155 0.801262 0.495218 0.799685 0.494155 0.798107 0.494155 0.783912 0.495218 0.782334 0.495218 0.779180 0.494155 0.777603 0.494155 0.771293 0.495218 0.769716 0.494155 0.768139 0.494155 0.755521 0.495218 0.753943 0.495218 0.750789 0.494155 0.749211 0.494155 0.747634
6 0.637800 0.519748 0.631318 0.514700 0.496132 0.738849 0.499320 0.743896
6 0.009479 0.457650 0.009267 0.465852 0.453730 0.765631 0.453826 0.755063
7 0.743422 0.388549 0.740340 0.381609 0.683656 0.445852 0.684516 0.452413
6 0.454506 0.810694 0.449214 0.804858 0.302030 0.976577 0.309894 0.978233
9 0.312497 0.390710 0.316748 0.389132 0.457747 0.725994 0.456259 0.731356
9 0.453305 0.786861 0.454400 0.779006 0.056833 0.910978 0.057354 0.915710
9 0.498746 0.768975 0.498321 0.762666 0.673294 0.688644 0.673082 0.694479
9 0.717184 0.682098 0.716865 0.686987 0.884548 0.706830 0.884878 0.699495
6 0.927885 0.713659 0.927885 0.702524 0.989490 0.704874 0.987513 0.713659
