6 0.540625 0.597402 0.540625 0.608998 0.545313 0.608998 0.55 0.615955 0.551562 0.615955 0.553125 0.618274 0.554688 0.618274 0.55625 0.620593 0.55625 0.622913 0.559375 0.627551 0.560938 0.627551 0.565625 0.634508 0.567187 0.634508 0.573438 0.643785 0.575 0.643785 0.578125 0.648423 0.579688 0.648423 0.58125 0.650742 0.58125 0.653061 0.582812 0.653061 0.584375 0.65538 0.585938 0.65538 0.592188 0.664656 0.59375 0.664656 0.595313 0.666976 0.595313 0.669295 0.596875 0.669295 0.6 0.673933 0.601562 0.673933 0.607813 0.683209 0.609375 0.683209 0.614062 0.690167 0.615625 0.690167 0.617188 0.692486 0.61875 0.692486 0.620313 0.694805 0.620313 0.697124 0.621875 0.697124 0.625 0.701762 0.626563 0.701762 0.632812 0.711039 0.634375 0.711039 0.639063 0.717996 0.640625 0.717996 0.646875 0.727272 0.648438 0.727272 0.654688 0.736549 0.65625 0.736549 0.657813 0.738868 0.659375 0.738868 0.665625 0.748144 0.667188 0.748144 0.671875 0.755102 0.673438 0.755102 0.678125 0.762059 0.679688 0.762059 0.682813 0.766697 0.684375 0.766697 0.690625 0.775974 0.692187 0.775974 0.696875 0.782931 0.698438 0.782931 0.703125 0.789888 0.704688 0.789888 0.707812 0.794526 0.709375 0.794526 0.715625 0.803803 0.717188 0.803803 0.721875 0.81076 0.723437 0.81076 0.729688 0.820036 0.73125 0.820036 0.734375 0.824675 0.735938 0.824675 0.7375 0.826994 0.7375 0.829313 0.739062 0.829313 0.740625 0.831632 0.74375 0.831632 0.745313 0.833951 0.745313 0.83627 0.748438 0.840908 0.751563 0.840908 0.753125 0.843228 0.754687 0.843228 0.75625 0.845547 0.75625 0.847866 0.757812 0.850185 0.7625 0.850185 0.7625 0.847866 0.759375 0.843228 0.757812 0.843228 0.75625 0.840908 0.75625 0.838589 0.754687 0.83627 0.753125 0.83627 0.751563 0.833951 0.75 0.833951 0.746875 0.829313 0.746875 0.826994 0.74375 0.826994 0.735938 0.815398 0.734375 0.815398 0.728125 0.806122 0.725 0.806122 0.721875 0.801484 0.721875 0.799165 0.720313 0.799165 0.71875 0.796845 0.717188 0.796845 0.715625 0.794526 0.715625 0.792207 0.714063 0.792207 0.710938 0.787569 0.709375 0.787569 0.703125 0.778293 0.701563 0.778293 0.695312 0.769016 0.69375 0.769016 0.6875 0.75974 0.685938 0.75974 0.68125 0.752782 0.679688 0.752782 0.678125 0.750463 0.676562 0.750463 0.673438 0.745825 0.673438 0.743506 0.671875 0.743506 0.670313 0.741187 0.66875 0.741187 0.664062 0.73423 0.6625 0.73423 0.65625 0.724953 0.654688 0.724953 0.651563 0.720315 0.65 0.720315 0.648438 0.717996 0.648438 0.715677 0.646875 0.715677 0.645312 0.713358 0.64375 0.713358 0.642188 0.711039 0.642188 0.708719 0.640625 0.7064 0.639063 0.7064 0.6375 0.704081 0.635938 0.704081 0.63125 0.697124 0.629687 0.697124 0.623438 0.687848 0.621875 0.687848 0.620313 0.685528 0.61875 0.685528 0.615625 0.68089 0.615625 0.678571 0.614062 0.678571 0.6125 0.676252 0.610938 0.676252 0.60625 0.669295 0.604688 0.669295 0.598437 0.660018 0.596875 0.660018 0.595313 0.657699 0.59375 0.657699 0.590625 0.653061 0.590625 0.650742 0.589063 0.650742 0.5875 0.648423 0.585938 0.648423 0.584375 0.646104 0.584375 0.643785 0.582812 0.643785 0.58125 0.641465 0.579688 0.641465 0.578125 0.639146 0.576563 0.639146 0.575 0.636827 0.575 0.634508 0.573438 0.632189 0.571875 0.632189 0.570312 0.62987 0.56875 0.62987 0.565625 0.625232 0.565625 0.622913 0.5625 0.622913 0.55625 0.613636 0.554688 0.613636 0.553125 0.611317 0.551562 0.611317 0.548438 0.606679 0.548438 0.597402
3 0.196875 0.903524 0.196875 0.956864 0.232813 0.956864 0.232813 0.903524
4 0.734375 0.671614 0.734375 0.722634 0.760938 0.722634 0.7625 0.720315 0.770312 0.720315 0.770312 0.671614
3 0.928125 0.912801 0.928125 0.938311 0.964063 0.938311 0.964063 0.912801
3 0.771875 0.857142 0.771875 0.919758 0.814063 0.919758 0.814063 0.857142
4 0.634375 0.458256 0.634375 0.520872 0.676562 0.520872 0.676562 0.458256
2 0.503125 0.55102 0.503125 0.613636 0.539063 0.613636 0.539063 0.55102
6 0.8375 0.894248 0.8375 0.901205 0.839063 0.901205 0.840625 0.903524 0.84375 0.903524 0.845313 0.905843 0.85625 0.905843 0.857813 0.908162 0.8625 0.908162 0.864062 0.910482 0.867188 0.910482 0.86875 0.912801 0.875 0.912801 0.876563 0.91512 0.8875 0.91512 0.889063 0.917439 0.895312 0.917439 0.898438 0.922077 0.901563 0.922077 0.903125 0.924396 0.910937 0.924396 0.9125 0.926715 0.926562 0.926715 0.926562 0.917439 0.910937 0.917439 0.909375 0.91512 0.904688 0.91512 0.903125 0.912801 0.901563 0.912801 0.9 0.910482 0.896875 0.910482 0.895312 0.908162 0.882812 0.908162 0.88125 0.905843 0.876563 0.905843 0.873438 0.901205 0.873438 0.894248
6 0.565625 0.884971 0.565625 0.891929 0.564063 0.894248 0.560938 0.894248 0.559375 0.896567 0.535937 0.896567 0.534375 0.898886 0.454688 0.898886 0.453125 0.901205 0.4375 0.901205 0.435937 0.903524 0.420312 0.903524 0.41875 0.905843 0.36875 0.905843 0.367188 0.908162 0.315625 0.908162 0.314063 0.910482 0.3 0.910482 0.298438 0.912801 0.28125 0.912801 0.279687 0.91512 0.234375 0.91512 0.234375 0.924396 0.2875 0.924396 0.289062 0.922077 0.301563 0.922077 0.303125 0.919758 0.315625 0.919758 0.317188 0.917439 0.345313 0.917439 0.346875 0.91512 0.415625 0.91512 0.417188 0.912801 0.4375 0.912801 0.439063 0.910482 0.451562 0.910482 0.453125 0.908162 0.496875 0.908162 0.498437 0.905843 0.557813 0.905843 0.559375 0.903524 0.576563 0.903524 0.578125 0.901205 0.5875 0.901205 0.589063 0.898886 0.607813 0.898886 0.609375 0.896567 0.679688 0.896567 0.68125 0.894248 0.707812 0.894248 0.709375 0.891929 0.721875 0.891929 0.721875 0.884971
6 0.775 0.912801 0.775 0.924396 0.770312 0.931354 0.770312 0.933673 0.76875 0.935992 0.76875 0.94063 0.767188 0.942949 0.767188 0.945268 0.765625 0.947587 0.759375 0.947587 0.759375 0.96614 0.764063 0.96614 0.767188 0.961502 0.767188 0.954545 0.771875 0.947587 0.771875 0.945268 0.773438 0.942949 0.773438 0.94063 0.775 0.938311 0.775 0.935992 0.778125 0.931354 0.778125 0.929034 0.779688 0.926715 0.779688 0.912801
4 0.965625 0.625232 0.965625 0.685528 0.998438 0.685528 0.998438 0.650742 0.996875 0.650742 0.995313 0.648423 0.992188 0.648423 0.9875 0.641465 0.9875 0.636827 0.985938 0.634508 0.985938 0.625232
9 0.721875 0.83627 0.723437 0.83627 0.725 0.838589 0.73125 0.838589 0.734375 0.843228 0.739062 0.843228 0.739062 0.838589 0.732813 0.838589 0.73125 0.83627 0.721875 0.83627 0.717188 0.826994 0.71875 0.829313 0.720313 0.829313 0.696875 0.815398 0.698438 0.817717 0.704688 0.817717 0.70625 0.820036 0.685938 0.808441 0.692187 0.808441 0.692187 0.81076 0.684375 0.81076 0.678125 0.799165 0.679688 0.801484 0.670313 0.801484 0.665625 0.789888 0.665625 0.792207 0.657813 0.792207 0.653125 0.780612 0.653125 0.78525 0.651563 0.78525 0.65 0.782931 0.645312 0.782931 0.640625 0.771335 0.640625 0.773654 0.632812 0.773654 0.626563 0.762059 0.628125 0.764378 0.620313 0.764378 0.614062 0.752782 0.615625 0.755102 0.607813 0.755102 0.601562 0.743506 0.603125 0.745825 0.595313 0.745825 0.5875 0.73423 0.589063 0.736549 0.582812 0.736549 0.575 0.724953 0.576563 0.727272 0.56875 0.727272 0.5625 0.715677 0.564063 0.717996 0.55625 0.717996 0.551562 0.708719 0.55 0.7064 0.542188 0.7064 0.539063 0.701762 0.539063 0.699443 0.5375 0.697124 0.532813 0.697124 0.53125 0.694805 0.528125 0.694805 0.526563 0.692486 0.526563 0.690167 0.525 0.687848 0.521875 0.687848 0.520312 0.685528 0.515625 0.685528 0.510938 0.678571 0.507813 0.678571 0.50625 0.676252 0.503125 0.676252 0.498437 0.669295 0.495313 0.669295 0.49375 0.666976 0.490625 0.666976 0.485938 0.660018 0.482812 0.660018 0.48125 0.657699 0.476562 0.657699 0.475 0.65538 0.475 0.653061 0.473438 0.650742 0.46875 0.650742 0.467187 0.648423 0.464063 0.648423 0.460938 0.643785 0.460938 0.641465 0.45625 0.641465 0.454688 0.639146 0.451562 0.639146 0.446875 0.632189 0.44375 0.632189 0.442188 0.62987 0.439063 0.62987 0.434375 0.622913 0.43125 0.622913 0.429688 0.620593 0.425 0.620593 0.423438 0.618274 0.423438 0.615955 0.421875 0.613636 0.417188 0.613636 0.415625 0.611317 0.4125 0.611317 0.409375 0.606679 0.409375 0.60436 0.404687 0.60436 0.403125 0.602041 0.398438 0.602041 0.396875 0.599722 0.396875 0.597402 0.395313 0.595083 0.392188 0.595083 0.390625 0.592764 0.385938 0.592764 0.384375 0.590445 0.384375 0.588126 0.382812 0.585807 0.378125 0.585807 0.376563 0.583488 0.371875 0.583488 0.370313 0.581169 0.370313 0.57885 0.36875 0.57653 0.365625 0.57653 0.364063 0.574211 0.359375 0.574211 0.357812 0.571892 0.357812 0.569573 0.35625 0.567254 0.35 0.567254 0.348438 0.564935 0.346875 0.564935 0.342187 0.557978 0.339063 0.557978 0.3375 0.555659 0.334375 0.555659 0.329688 0.548701 0.325 0.548701 0.323438 0.546382 0.320312 0.546382 0.31875 0.544063 0.31875 0.541744 0.317188 0.539425 0.314063 0.539425 0.3125 0.537106 0.307813 0.537106 0.30625 0.534787 0.30625 0.532467 0.304688 0.530148 0.3 0.530148 0.298438 0.527829 0.295312 0.527829 0.292188 0.523191 0.292188 0.520872 0.289062 0.520872 0.2875 0.518553 0.282813 0.518553 0.279687 0.513915 0.279687 0.511596 0.275 0.511596 0.273438 0.509276 0.270313 0.509276 0.265625 0.502319 0.2625 0.502319 0.260938 0.5 0.257813 0.5 0.253125 0.493043 0.25 0.493043 0.248438 0.490724 0.24375 0.490724 0.242188 0.488404 0.242188 0.486085 0.240625 0.483766 0.2375 0.483766 0.235938 0.481447 0.23125 0.481447 0.229687 0.479128 0.229687 0.476809 0.228125 0.47449 0.225 0.47449 0.223438 0.472171 0.21875 0.472171 0.214062 0.465213 0.210938 0.465213 0.209375 0.462894 0.204688 0.462894 0.203125 0.460575 0.203125 0.458256 0.201563 0.455937 0.198437 0.455937 0.196875 0.453618 0.192188 0.453618 0.1875 0.446661 0.185938 0.446661 0.184375 0.444341 0.179688 0.444341 0.175 0.437384 0.171875 0.437384 0.170313 0.435065 0.165625 0.435065 0.1625 0.430427 0.1625 0.428108 0.159375 0.428108 0.157813 0.425789 0.153125 0.425789 0.148438 0.418831 0.146875 0.418831 0.145313 0.416512 0.139063 0.416512 0.1375 0.414193 0.1375 0.411874 0.135937 0.409555 0.132813 0.409555 0.13125 0.407236 0.128125 0.407236 0.123438 0.400279 0.120313 0.400279 0.11875 0.397959 0.114063 0.397959 0.109375 0.391002 0.10625 0.391002 0.104688 0.388683 0.101562 0.388683 0.096875 0.381726 0.09375 0.381726 0.0921875 0.379407 0.0875 0.379407 0.0859375 0.377087 0.0859375 0.374768 0.084375 0.372449 0.0796875 0.372449 0.078125 0.37013 0.075 0.37013 0.0734375 0.367811 0.0734375 0.365492 0.071875 0.363173 0.0671875 0.363173 0.065625 0.360854 0.0625 0.360854 0.0578125 0.353896 0.0546875 0.353896 0.053125 0.351577 0.0484375 0.351577 0.046875 0.349258 0.046875 0.346939 0.0453125 0.34462 0.040625 0.34462 0.0390625 0.342301 0.0359375 0.342301 0.03125 0.335344 0.025 0.335344 0.0234375 0.333024 0.021875 0.333024 0.0203125 0.330705 0.0203125 0.328386 0.01875 0.326067 0.0140625 0.326067 0.0125 0.323748 0.0109375 0.323748 0.00625 0.316791 0 0.316791 0 0.321429 0.0046875 0.321429 0.009375 0.328386 0.0125 0.328386 0.0140625 0.330705 0.0171875 0.330705 0.0203125 0.335344 0.021875 0.335344 0.0234375 0.337663 0.025 0.337663 0.0265625 0.339982 0.03125 0.339982 0.0328125 0.342301 0.0328125 0.34462 0.034375 0.34462 0.0359375 0.346939 0.0375 0.346939 0.0390625 0.349258 0.04375 0.349258 0.0484375 0.356216 0.0515625 0.356216 0.053125 0.358535 0.05625 0.358535 0.0609375 0.365492 0.0640625 0.365492 0.065625 0.367811 0.06875 0.367811 0.0703125 0.37013 0.071875 0.37013 0.075 0.374768 0.0765625 0.374768 0.078125 0.377087 0.08125 0.377087 0.084375 0.381726 0.0859375 0.381726 0.0875 0.384045 0.0890625 0.384045 0.090625 0.386364 0.0953125 0.386364 0.1 0.393321 0.103125 0.393321 0.104688 0.39564 0.107813 0.39564 0.1125 0.402598 0.115625 0.402598 0.117188 0.404917 0.120313 0.404917 0.121875 0.407236 0.123438 0.407236 0.126563 0.411874 0.128125 0.411874 0.129688 0.414193 0.132813 0.414193 0.134375 0.416512 0.135937 0.416512 0.139063 0.42115 0.140625 0.42115 0.142188 0.42347 0.146875 0.42347 0.151562 0.430427 0.153125 0.430427 0.154688 0.432746 0.159375 0.432746 0.164062 0.439703 0.167187 0.439703 0.16875 0.442022 0.173438 0.442022 0.178125 0.44898 0.179688 0.44898 0.18125 0.451299 0.185938 0.451299 0.190625 0.458256 0.19375 0.458256 0.195312 0.460575 0.2 0.460575 0.204688 0.467533 0.20625 0.467533 0.207813 0.469852 0.2125 0.469852 0.217188 0.476809 0.21875 0.476809 0.220313 0.479128 0.226562 0.479128 0.229687 0.483766 0.229687 0.486085 0.232813 0.486085 0.234375 0.488404 0.2375 0.488404 0.239063 0.490724 0.240625 0.490724 0.24375 0.495362 0.245312 0.495362 0.246875 0.497681 0.251563 0.497681 0.25625 0.504638 0.259375 0.504638 0.260938 0.506957 0.264062 0.506957 0.26875 0.513915 0.271875 0.513915 0.273438 0.516234 0.278125 0.516234 0.28125 0.520872 0.28125 0.523191 0.284375 0.523191 0.285938 0.52551 0.289062 0.52551 0.29375 0.532467 0.296875 0.532467 0.298438 0.534787 0.303125 0.534787 0.307813 0.541744 0.310937 0.541744 0.3125 0.544063 0.315625 0.544063 0.320312 0.55102 0.323438 0.55102 0.325 0.553339 0.329688 0.553339 0.332813 0.557978 0.332813 0.560297 0.335938 0.560297 0.3375 0.562616 0.342187 0.562616 0.34375 0.564935 0.34375 0.567254 0.345313 0.569573 0.348438 0.569573 0.35 0.571892 0.35625 0.571892 0.357812 0.574211 0.357812 0.57653 0.359375 0.57885 0.3625 0.57885 0.364063 0.581169 0.36875 0.581169 0.370313 0.583488 0.370313 0.585807 0.371875 0.588126 0.375 0.588126 0.376563 0.590445 0.38125 0.590445 0.385938 0.597402 0.3875 0.597402 0.389062 0.599722 0.39375 0.599722 0.398438 0.606679 0.401563 0.606679 0.403125 0.608998 0.407813 0.608998 0.4125 0.615955 0.414062 0.615955 0.415625 0.618274 0.41875 0.618274 0.421875 0.622913 0.423438 0.622913 0.425 0.625232 0.426563 0.625232 0.428125 0.627551 0.432813 0.627551 0.4375 0.634508 0.440625 0.634508 0.442188 0.636827 0.445312 0.636827 0.45 0.643785 0.453125 0.643785 0.454688 0.646104 0.457813 0.646104 0.4625 0.653061 0.465625 0.653061 0.467187 0.65538 0.470313 0.65538 0.473438 0.660018 0.475 0.660018 0.476562 0.662337 0.479688 0.662337 0.48125 0.664656 0.484375 0.664656 0.489063 0.671614 0.492188 0.671614 0.49375 0.673933 0.496875 0.673933 0.501563 0.68089 0.504687 0.68089 0.50625 0.683209 0.510938 0.683209 0.5125 0.685528 0.5125 0.687848 0.514063 0.690167 0.517188 0.690167 0.51875 0.692486 0.525 0.692486 0.526563 0.694805 0.526563 0.697124 0.528125 0.699443 0.532813 0.699443 0.534375 0.701762 0.539063 0.701762 0.540625 0.704081 0.540625 0.7064 0.542188 0.708719 0.551562 0.708719 0.55625 0.717996 0.554688 0.715677 0.5625 0.715677 0.56875 0.727272 0.567187 0.724953 0.575 0.724953 0.582812 0.736549 0.58125 0.73423 0.5875 0.73423 0.595313 0.745825 0.59375 0.743506 0.601562 0.743506 0.607813 0.755102 0.607813 0.752782 0.614062 0.752782 0.620313 0.764378 0.61875 0.762059 0.626563 0.762059 0.632812 0.773654 0.632812 0.771335 0.640625 0.771335 0.645312 0.782931 0.64375 0.780612 0.653125 0.780612 0.657813 0.792207 0.657813 0.789888 0.665625 0.789888 0.670313 0.801484 0.670313 0.799165 0.678125 0.799165 0.684375 0.81076 0.682813 0.808441 0.684375 0.806122 0.685938 0.808441 0.70625 0.820036 0.696875 0.820036 0.695312 0.817717 0.695312 0.815398 0.696875 0.815398 0.720313 0.829313 0.710938 0.829313 0.709375 0.826994 0.717188 0.826994
9 0.754687 0.854823 0.75625 0.857142 0.759375 0.857142 0.759375 0.854823 0.754687 0.854823 0.745313 0.845547 0.745313 0.847866 0.74375 0.847866 0.710938 0.826994 0.717188 0.826994 0.71875 0.829313 0.720313 0.829313 0.720313 0.831632 0.723437 0.83627 0.732813 0.83627 0.732813 0.838589 0.734375 0.840908 0.734375 0.843228 0.735938 0.845547 0.734375 0.845547 0.734375 0.843228 0.732813 0.840908 0.696875 0.815398 0.698438 0.817717 0.704688 0.817717 0.70625 0.820036 0.684375 0.806122 0.685938 0.808441 0.692187 0.808441 0.671875 0.796845 0.673438 0.799165 0.679688 0.799165 0.679688 0.803803 0.676562 0.803803 0.675 0.801484 0.659375 0.787569 0.660937 0.789888 0.665625 0.789888 0.667188 0.792207 0.665625 0.794526 0.664062 0.794526 0.6625 0.792207 0.653125 0.780612 0.654688 0.782931 0.653125 0.78525 0.65 0.78525 0.648438 0.782931 0.645312 0.782931 0.640625 0.771335 0.640625 0.775974 0.639063 0.775974 0.6375 0.773654 0.632812 0.773654 0.628125 0.762059 0.628125 0.766697 0.625 0.766697 0.623438 0.764378 0.620313 0.764378 0.614062 0.752782 0.615625 0.755102 0.615625 0.757421 0.614062 0.757421 0.6125 0.755102 0.601562 0.743506 0.603125 0.745825 0.603125 0.748144 0.6 0.748144 0.598437 0.745825 0.590625 0.738868 0.590625 0.736549 0.589063 0.73423 0.58125 0.73423 0.578125 0.729591 0.578125 0.727272 0.576563 0.724953 0.571875 0.724953 0.570312 0.722634 0.567187 0.722634 0.565625 0.720315 0.565625 0.717996 0.564063 0.715677 0.559375 0.715677 0.557813 0.713358 0.554688 0.713358 0.553125 0.711039 0.553125 0.708719 0.551562 0.7064 0.546875 0.7064 0.545313 0.704081 0.542188 0.704081 0.5375 0.697124 0.534375 0.697124 0.532813 0.694805 0.529688 0.694805 0.525 0.687848 0.521875 0.687848 0.520312 0.685528 0.515625 0.685528 0.510938 0.678571 0.509375 0.678571 0.507813 0.676252 0.503125 0.676252 0.498437 0.669295 0.496875 0.669295 0.495313 0.666976 0.490625 0.666976 0.485938 0.660018 0.482812 0.660018 0.48125 0.657699 0.476562 0.657699 0.475 0.65538 0.475 0.653061 0.473438 0.650742 0.470313 0.650742 0.46875 0.648423 0.464063 0.648423 0.460938 0.643785 0.460938 0.641465 0.45625 0.641465 0.454688 0.639146 0.451562 0.639146 0.446875 0.632189 0.44375 0.632189 0.442188 0.62987 0.439063 0.62987 0.434375 0.622913 0.429688 0.622913 0.428125 0.620593 0.425 0.620593 0.423438 0.618274 0.423438 0.615955 0.421875 0.613636 0.417188 0.613636 0.415625 0.611317 0.4125 0.611317 0.409375 0.606679 0.409375 0.60436 0.403125 0.60436 0.401563 0.602041 0.398438 0.602041 0.396875 0.599722 0.396875 0.597402 0.395313 0.595083 0.390625 0.595083 0.389062 0.592764 0.385938 0.592764 0.384375 0.590445 0.384375 0.588126 0.382812 0.585807 0.375 0.585807 0.373437 0.583488 0.371875 0.583488 0.370313 0.581169 0.370313 0.57885 0.36875 0.57653 0.364063 0.57653 0.3625 0.574211 0.359375 0.574211 0.357812 0.571892 0.357812 0.569573 0.35625 0.569573 0.354688 0.567254 0.35 0.567254 0.348438 0.564935 0.346875 0.564935 0.342187 0.557978 0.3375 0.557978 0.335938 0.555659 0.334375 0.555659 0.329688 0.548701 0.325 0.548701 0.323438 0.546382 0.320312 0.546382 0.317188 0.541744 0.317188 0.539425 0.3125 0.539425 0.310937 0.537106 0.307813 0.537106 0.304688 0.532467 0.304688 0.530148 0.3 0.530148 0.298438 0.527829 0.295312 0.527829 0.290625 0.520872 0.2875 0.520872 0.285938 0.518553 0.282813 0.518553 0.279687 0.513915 0.279687 0.511596 0.275 0.511596 0.273438 0.509276 0.26875 0.509276 0.267188 0.506957 0.267188 0.504638 0.265625 0.502319 0.2625 0.502319 0.260938 0.5 0.25625 0.5 0.254688 0.497681 0.254688 0.495362 0.253125 0.493043 0.248438 0.493043 0.246875 0.490724 0.24375 0.490724 0.242188 0.488404 0.242188 0.486085 0.240625 0.483766 0.2375 0.483766 0.235938 0.481447 0.23125 0.481447 0.228125 0.476809 0.228125 0.47449 0.223438 0.47449 0.221875 0.472171 0.21875 0.472171 0.214062 0.465213 0.210938 0.465213 0.209375 0.462894 0.204688 0.462894 0.203125 0.460575 0.203125 0.458256 0.201563 0.455937 0.198437 0.455937 0.196875 0.453618 0.192188 0.453618 0.1875 0.446661 0.185938 0.446661 0.184375 0.444341 0.179688 0.444341 0.175 0.437384 0.171875 0.437384 0.170313 0.435065 0.165625 0.435065 0.164062 0.432746 0.164062 0.430427 0.1625 0.428108 0.159375 0.428108 0.157813 0.425789 0.153125 0.425789 0.148438 0.418831 0.146875 0.418831 0.145313 0.416512 0.140625 0.416512 0.135937 0.409555 0.132813 0.409555 0.13125 0.407236 0.128125 0.407236 0.123438 0.400279 0.120313 0.400279 0.11875 0.397959 0.114063 0.397959 0.109375 0.391002 0.10625 0.391002 0.104688 0.388683 0.096875 0.388683 0.096875 0.393321 0.103125 0.393321 0.104688 0.39564 0.107813 0.39564 0.1125 0.402598 0.115625 0.402598 0.117188 0.404917 0.120313 0.404917 0.121875 0.407236 0.123438 0.407236 0.126563 0.411874 0.128125 0.411874 0.129688 0.414193 0.132813 0.414193 0.134375 0.416512 0.135937 0.416512 0.139063 0.42115 0.140625 0.42115 0.142188 0.42347 0.146875 0.42347 0.151562 0.430427 0.153125 0.430427 0.154688 0.432746 0.159375 0.432746 0.164062 0.439703 0.167187 0.439703 0.16875 0.442022 0.173438 0.442022 0.178125 0.44898 0.179688 0.44898 0.18125 0.451299 0.185938 0.451299 0.190625 0.458256 0.19375 0.458256 0.195312 0.460575 0.2 0.460575 0.204688 0.467533 0.20625 0.467533 0.207813 0.469852 0.2125 0.469852 0.217188 0.476809 0.220313 0.476809 0.221875 0.479128 0.226562 0.479128 0.23125 0.486085 0.232813 0.486085 0.234375 0.488404 0.239063 0.488404 0.24375 0.495362 0.246875 0.495362 0.248438 0.497681 0.251563 0.497681 0.25625 0.504638 0.259375 0.504638 0.260938 0.506957 0.264062 0.506957 0.26875 0.513915 0.273438 0.513915 0.275 0.516234 0.278125 0.516234 0.282813 0.523191 0.285938 0.523191 0.2875 0.52551 0.289062 0.52551 0.290625 0.527829 0.292188 0.527829 0.295312 0.532467 0.298438 0.532467 0.3 0.534787 0.304688 0.534787 0.30625 0.537106 0.30625 0.539425 0.307813 0.541744 0.310937 0.541744 0.3125 0.544063 0.317188 0.544063 0.31875 0.546382 0.31875 0.548701 0.320312 0.55102 0.325 0.55102 0.326562 0.553339 0.33125 0.553339 0.332813 0.555659 0.332813 0.557978 0.334375 0.560297 0.3375 0.560297 0.339063 0.562616 0.342187 0.562616 0.34375 0.564935 0.34375 0.567254 0.345313 0.569573 0.35 0.569573 0.351562 0.571892 0.35625 0.571892 0.357812 0.574211 0.357812 0.57653 0.359375 0.57885 0.3625 0.57885 0.364063 0.581169 0.36875 0.581169 0.370313 0.583488 0.370313 0.585807 0.371875 0.588126 0.376563 0.588126 0.378125 0.590445 0.38125 0.590445 0.385938 0.597402 0.389062 0.597402 0.390625 0.599722 0.39375 0.599722 0.398438 0.606679 0.401563 0.606679 0.403125 0.608998 0.407813 0.608998 0.4125 0.615955 0.414062 0.615955 0.415625 0.618274 0.41875 0.618274 0.421875 0.622913 0.423438 0.622913 0.425 0.625232 0.428125 0.625232 0.429688 0.627551 0.432813 0.627551 0.4375 0.634508 0.440625 0.634508 0.442188 0.636827 0.44375 0.636827 0.445312 0.639146 0.446875 0.639146 0.45 0.643785 0.453125 0.643785 0.454688 0.646104 0.457813 0.646104 0.4625 0.653061 0.465625 0.653061 0.467187 0.65538 0.470313 0.65538 0.475 0.662337 0.479688 0.662337 0.48125 0.664656 0.484375 0.664656 0.489063 0.671614 0.490625 0.671614 0.492188 0.673933 0.495313 0.673933 0.496875 0.676252 0.498437 0.676252 0.501563 0.68089 0.504687 0.68089 0.50625 0.683209 0.509375 0.683209 0.514063 0.690167 0.517188 0.690167 0.51875 0.692486 0.523438 0.692486 0.528125 0.699443 0.53125 0.699443 0.532813 0.701762 0.5375 0.701762 0.539063 0.704081 0.539063 0.7064 0.540625 0.708719 0.54375 0.708719 0.545313 0.711039 0.55 0.711039 0.554688 0.717996 0.559375 0.717996 0.560938 0.720315 0.564063 0.720315 0.565625 0.722634 0.565625 0.724953 0.567187 0.727272 0.570312 0.727272 0.571875 0.729591 0.576563 0.729591 0.58125 0.736549 0.585938 0.736549 0.5875 0.738868 0.590625 0.738868 0.598437 0.745825 0.59375 0.745825 0.592188 0.743506 0.601562 0.743506 0.6125 0.755102 0.607813 0.755102 0.60625 0.752782 0.614062 0.752782 0.620313 0.764378 0.61875 0.762059 0.628125 0.762059 0.632812 0.773654 0.63125 0.771335 0.640625 0.771335 0.645312 0.782931 0.64375 0.780612 0.645312 0.778293 0.646875 0.780612 0.653125 0.780612 0.6625 0.792207 0.657813 0.792207 0.65625 0.789888 0.657813 0.787569 0.659375 0.787569 0.675 0.801484 0.670313 0.801484 0.66875 0.799165 0.670313 0.796845 0.671875 0.796845 0.692187 0.808441 0.69375 0.81076 0.682813 0.81076 0.682813 0.806122 0.684375 0.806122 0.70625 0.820036 0.696875 0.820036 0.695312 0.817717 0.695312 0.815398 0.696875 0.815398 0.732813 0.840908 0.73125 0.840908 0.729688 0.838589 0.725 0.838589 0.723437 0.83627 0.721875 0.83627 0.721875 0.833951 0.71875 0.829313 0.709375 0.829313 0.707812 0.826994 0.709375 0.824675 0.710938 0.826994 0.74375 0.847866 0.74375 0.845547 0.745313 0.845547
