16 0.468650 0.228707 0.467588 0.230284 0.466525 0.230284 0.466525 0.255521 0.467588 0.257098 0.467588 0.260252 0.466525 0.261830 0.466525 0.268139 0.467588 0.269716 0.466525 0.271293 0.466525 0.274448 0.467588 0.276025 0.493092 0.276025 0.494155 0.277603 0.497343 0.277603 0.498406 0.276025 0.499469 0.276025 0.499469 0.272871 0.498406 0.271293 0.498406 0.239748 0.499469 0.238170 0.499469 0.231861 0.498406 0.230284 0.498406 0.228707 0.480340 0.228707 0.479277 0.230284 0.472901 0.230284 0.471838 0.228707
14 0.580234 0.044164 0.580234 0.045741 0.579171 0.047319 0.579171 0.050473 0.578108 0.052050 0.578108 0.058360 0.577046 0.059937 0.577046 0.061514 0.578108 0.063091 0.578108 0.066246 0.577046 0.067823 0.577046 0.078864 0.579171 0.082019 0.581296 0.082019 0.582359 0.080442 0.600425 0.080442 0.601488 0.078864 0.601488 0.058360 0.600425 0.056782 0.600425 0.050473 0.599362 0.048896 0.599362 0.045741 0.598300 0.044164
6 0.338895 0.317666 0.339713 0.324432 0.450903 0.273028 0.449522 0.267350
6 0.875271 0.181388 0.874633 0.174921 0.986387 0.121972 0.986174 0.127808
6 0.615207 0.771972 0.613379 0.785536 0.869862 0.933991 0.892752 0.932981
6 0.339033 0.354259 0.336993 0.356530 0.580181 0.747145 0.582986 0.743360
8 0.476525 0.047319 0.473656 0.047634 0.480659 0.227098 0.484272 0.226625
15 0.589798 0.750789 0.588735 0.752366 0.586610 0.752366 0.585547 0.753943 0.584485 0.753943 0.583422 0.755521 0.583422 0.771293 0.582359 0.772871 0.582359 0.776025 0.583422 0.777603 0.583422 0.780757 0.584485 0.782334 0.585547 0.782334 0.586610 0.783912 0.588735 0.783912 0.589798 0.785489 0.601488 0.785489 0.602550 0.783912 0.604676 0.783912 0.606801 0.780757 0.606801 0.777603 0.607864 0.776025 0.607864 0.766562 0.606801 0.764984 0.606801 0.755521 0.605739 0.755521 0.604676 0.753943 0.603613 0.753943 0.602550 0.752366 0.598300 0.752366 0.597237 0.750789
13 0.310308 0.309148 0.310308 0.313880 0.309245 0.315457 0.309245 0.320189 0.308183 0.321767 0.308183 0.347003 0.309245 0.348580 0.312434 0.348580 0.313496 0.350158 0.314559 0.350158 0.315622 0.348580 0.330499 0.348580 0.332625 0.345426 0.332625 0.321767 0.331562 0.320189 0.331562 0.318612 0.330499 0.317035 0.330499 0.309148
13 0.841658 0.164038 0.840595 0.165615 0.841658 0.167192 0.842721 0.167192 0.844846 0.170347 0.842721 0.173502 0.842721 0.179811 0.841658 0.181388 0.841658 0.200315 0.840595 0.201893 0.840595 0.209779 0.841658 0.209779 0.842721 0.208202 0.845909 0.208202 0.846971 0.206625 0.854410 0.206625 0.855473 0.208202 0.858661 0.208202 0.859724 0.206625 0.868225 0.206625 0.869288 0.205047 0.869288 0.198738 0.868225 0.197161 0.868225 0.178233 0.867163 0.176656 0.868225 0.175079 0.868225 0.164038 0.867163 0.165615 0.843783 0.165615 0.842721 0.164038
14 0.464400 0.000000 0.464400 0.001577 0.463337 0.003155 0.462274 0.003155 0.462274 0.006309 0.461211 0.007886 0.461211 0.012618 0.460149 0.014196 0.460149 0.015773 0.461211 0.017350 0.461211 0.020505 0.460149 0.022082 0.460149 0.037855 0.472901 0.037855 0.473964 0.039432 0.475027 0.037855 0.483528 0.037855 0.484591 0.036278 0.484591 0.020505 0.483528 0.018927 0.484591 0.017350 0.484591 0.014196 0.483528 0.012618 0.483528 0.007886 0.482465 0.006309 0.482465 0.004732 0.481403 0.003155 0.481403 0.000000
