12 0.255048 0.110410 0.253985 0.111987 0.232731 0.111987 0.232731 0.113565 0.233794 0.115142 0.233794 0.123028 0.232731 0.124606 0.232731 0.127760 0.231668 0.129338 0.231668 0.135647 0.232731 0.137224 0.232731 0.149842 0.233794 0.151420 0.233794 0.152997 0.234857 0.152997 0.235919 0.154574 0.248672 0.154574 0.249734 0.152997 0.252922 0.152997 0.253985 0.154574 0.258236 0.154574 0.259299 0.152997 0.258236 0.151420 0.258236 0.143533 0.259299 0.141956 0.259299 0.140379 0.258236 0.138801 0.258236 0.134069 0.259299 0.132492 0.259299 0.111987 0.258236 0.110410
12 0.641870 0.104101 0.640808 0.105678 0.639745 0.105678 0.638682 0.107256 0.637620 0.107256 0.636557 0.108833 0.636557 0.111987 0.635494 0.113565 0.635494 0.115142 0.633369 0.118297 0.633369 0.143533 0.634431 0.145110 0.636557 0.145110 0.637620 0.146688 0.643996 0.146688 0.645058 0.148265 0.647184 0.148265 0.648247 0.146688 0.651435 0.146688 0.652497 0.148265 0.655685 0.148265 0.656748 0.146688 0.657811 0.146688 0.659936 0.143533 0.659936 0.119874 0.658874 0.118297 0.658874 0.110410 0.657811 0.108833 0.657811 0.107256 0.656748 0.105678 0.653560 0.105678 0.652497 0.104101
16 0.446334 0.700315 0.447396 0.700315 0.446334 0.700315 0.403826 0.700315 0.402763 0.698738 0.407014 0.690852 0.408077 0.690852 0.409139 0.692429 0.410202 0.692429 0.412327 0.695584 0.413390 0.695584 0.414453 0.697161 0.420829 0.697161 0.421892 0.698738 0.429330 0.698738 0.430393 0.700315 0.432519 0.700315 0.433581 0.698738 0.436769 0.698738 0.437832 0.697161 0.438895 0.697161 0.439957 0.695584 0.441020 0.695584 0.442083 0.694006 0.443146 0.694006 0.448459 0.686120 0.449522 0.686120 0.450584 0.684543 0.451647 0.684543 0.453773 0.687697 0.453773 0.700315 0.454835 0.700315 0.454835 0.684543 0.453773 0.682965 0.453773 0.676656 0.454835 0.675079 0.454835 0.627760 0.453773 0.629338 0.453773 0.630915 0.451647 0.634069 0.450584 0.634069 0.449522 0.632492 0.448459 0.632492 0.447396 0.630915 0.446334 0.630915 0.444208 0.627760 0.442083 0.627760 0.441020 0.626183 0.439957 0.626183 0.438895 0.624606 0.436769 0.624606 0.435707 0.623028 0.420829 0.623028 0.419766 0.624606 0.414453 0.624606 0.413390 0.626183 0.412327 0.626183 0.411265 0.627760 0.409139 0.627760 0.408077 0.629338 0.407014 0.629338 0.404888 0.632492 0.403826 0.632492 0.402763 0.634069 0.400638 0.634069 0.400638 0.682965 0.402763 0.686120 0.403826 0.686120 0.407014 0.690852 0.402763 0.698738 0.399575 0.698738 0.399575 0.700315 0.403826 0.700315
12 0.883103 0.113565 0.882040 0.115142 0.876727 0.115142 0.875664 0.116719 0.860786 0.116719 0.860786 0.118297 0.858661 0.121451 0.858661 0.123028 0.857598 0.124606 0.857598 0.127760 0.856536 0.129338 0.856536 0.132492 0.855473 0.134069 0.855473 0.149842 0.854410 0.151420 0.854410 0.159306 0.855473 0.159306 0.856536 0.160883 0.857598 0.160883 0.858661 0.159306 0.878852 0.159306 0.879915 0.160883 0.880978 0.159306 0.883103 0.159306 0.884166 0.157729 0.884166 0.149842 0.883103 0.148265 0.883103 0.146688 0.884166 0.145110 0.884166 0.140379 0.883103 0.138801 0.883103 0.116719 0.884166 0.115142 0.884166 0.113565
13 0.463337 0.123028 0.463337 0.124606 0.462274 0.126183 0.462274 0.132492 0.461211 0.134069 0.461211 0.156151 0.462274 0.157729 0.484591 0.157729 0.485654 0.156151 0.485654 0.134069 0.484591 0.132492 0.484591 0.129338 0.483528 0.127760 0.483528 0.124606 0.482465 0.123028
16 0.534538 0.496845 0.534538 0.506309 0.535600 0.507886 0.534538 0.509464 0.534538 0.539432 0.535600 0.541009 0.535600 0.545741 0.534538 0.547319 0.534538 0.552050 0.535600 0.553628 0.535600 0.564669 0.536663 0.566246 0.535600 0.567823 0.535600 0.577287 0.536663 0.578864 0.537726 0.577287 0.537726 0.570978 0.539851 0.567823 0.541977 0.567823 0.543039 0.569401 0.545165 0.569401 0.548353 0.574132 0.551541 0.574132 0.552604 0.575710 0.571732 0.575710 0.572795 0.574132 0.575983 0.574132 0.577046 0.572555 0.578108 0.572555 0.579171 0.570978 0.580234 0.570978 0.582359 0.567823 0.588735 0.567823 0.590861 0.570978 0.590861 0.572555 0.589798 0.574132 0.589798 0.575710 0.588735 0.577287 0.587673 0.577287 0.587673 0.578864 0.589798 0.578864 0.590861 0.580442 0.590861 0.498423 0.585547 0.498423 0.583422 0.501577 0.581296 0.501577 0.580234 0.503155 0.578108 0.500000 0.577046 0.500000 0.575983 0.498423 0.570670 0.498423 0.569607 0.496845 0.564293 0.496845 0.563231 0.498423 0.547290 0.498423 0.546227 0.500000 0.545165 0.500000 0.544102 0.501577 0.543039 0.500000 0.541977 0.500000 0.539851 0.496845
16 0.231668 0.498423 0.231668 0.533123 0.233794 0.536278 0.236982 0.536278 0.238045 0.537855 0.240170 0.537855 0.241233 0.539432 0.246546 0.539432 0.247609 0.541009 0.251860 0.541009 0.252922 0.539432 0.257173 0.539432 0.259299 0.536278 0.262487 0.536278 0.262487 0.529968 0.263549 0.528391 0.263549 0.515773 0.262487 0.514196 0.262487 0.501577 0.257173 0.501577 0.256111 0.503155 0.250797 0.503155 0.248672 0.500000 0.234857 0.500000 0.233794 0.498423
6 0.245090 0.163502 0.250106 0.162192 0.251732 0.493770 0.246334 0.492886
6 0.267205 0.132445 0.266886 0.137508 0.459894 0.143297 0.459894 0.137618
6 0.493199 0.134669 0.492774 0.141609 0.626344 0.133123 0.626769 0.128707
6 0.671583 0.126498 0.671583 0.134543 0.853167 0.141435 0.852168 0.134890
6 0.889182 0.139274 0.888863 0.145268 0.999947 0.152871 0.999947 0.146120
6 0.269182 0.521909 0.268969 0.527902 0.532710 0.541767 0.532816 0.534196
6 0.595048 0.535647 0.594942 0.540379 1.000000 0.529795 1.000000 0.522713
7 0.269713 0.530252 0.263879 0.542713 0.395462 0.643943 0.399267 0.631798
7 0.456578 0.626183 0.460723 0.640694 0.535345 0.573833 0.529075 0.560584
