13 0.646121 0.427445 0.645058 0.429022 0.645058 0.436909 0.643996 0.438486 0.643996 0.454259 0.642933 0.455836 0.642933 0.463722 0.643996 0.465300 0.643996 0.466877 0.645058 0.468454 0.669501 0.468454 0.670563 0.466877 0.670563 0.449527 0.669501 0.447950 0.669501 0.444795 0.668438 0.443218 0.668438 0.436909 0.667375 0.435331 0.667375 0.432177 0.665250 0.429022 0.664187 0.430599 0.659936 0.430599 0.658874 0.429022 0.654623 0.429022 0.653560 0.427445 0.652497 0.427445 0.651435 0.429022 0.649309 0.429022 0.648247 0.427445
6 0.853879 0.182334 0.853454 0.177129 0.558342 0.223186 0.558555 0.232019
6 0.746440 0.620032 0.746227 0.608202 0.996706 0.345426 1.000000 0.350946
16 0.701382 0.607256 0.701382 0.608833 0.702444 0.610410 0.702444 0.624606 0.703507 0.626183 0.703507 0.651420 0.704570 0.652997 0.704570 0.664038 0.707758 0.664038 0.708820 0.662461 0.709883 0.662461 0.710946 0.660883 0.713071 0.660883 0.714134 0.662461 0.733262 0.662461 0.739639 0.652997 0.739639 0.649842 0.740701 0.648265 0.740701 0.645110 0.739639 0.643533 0.739639 0.638801 0.740701 0.637224 0.740701 0.616719 0.739639 0.615142 0.739639 0.608833 0.710946 0.608833 0.709883 0.607256
13 0.530287 0.209779 0.528162 0.212934 0.528162 0.219243 0.527099 0.220820 0.527099 0.225552 0.526036 0.227129 0.526036 0.228707 0.527099 0.230284 0.527099 0.244479 0.526036 0.246057 0.528162 0.249211 0.541977 0.249211 0.543039 0.250789 0.547290 0.250789 0.548353 0.249211 0.549416 0.249211 0.551541 0.246057 0.551541 0.239748 0.550478 0.238170 0.550478 0.236593 0.549416 0.235016 0.549416 0.228707 0.550478 0.227129 0.550478 0.222397 0.549416 0.220820 0.549416 0.216088 0.548353 0.214511 0.548353 0.212934 0.547290 0.211356 0.545165 0.211356 0.544102 0.209779
6 0.556334 0.257571 0.553358 0.262461 0.637460 0.416467 0.640436 0.415994
9 0.745505 0.648233 0.745505 0.655647 0.916961 0.778675 0.916642 0.770000
6 0.887630 0.191672 0.887736 0.196877 0.999745 0.304038 0.999532 0.297098
6 0.962200 0.788596 0.962412 0.794432 0.999543 0.794763 0.999702 0.788170
6 0.745186 0.639590 0.745399 0.645899 0.998948 0.721877 0.999692 0.714148
6 0.671892 0.481278 0.666684 0.481593 0.709214 0.602145 0.712285 0.601514
13 0.862912 0.157729 0.861849 0.159306 0.860786 0.159306 0.859724 0.160883 0.859724 0.162461 0.858661 0.164038 0.858661 0.168770 0.857598 0.170347 0.857598 0.179811 0.856536 0.181388 0.856536 0.187697 0.857598 0.189274 0.857598 0.194006 0.858661 0.194006 0.859724 0.195584 0.871413 0.195584 0.872476 0.194006 0.882040 0.194006 0.882040 0.190852 0.883103 0.189274 0.883103 0.187697 0.882040 0.186120 0.882040 0.170347 0.880978 0.168770 0.880978 0.164038 0.879915 0.162461 0.879915 0.159306 0.878852 0.159306 0.877790 0.157729
16 0.935175 0.763407 0.934113 0.764984 0.930925 0.764984 0.929862 0.766562 0.928799 0.766562 0.927736 0.768139 0.926674 0.768139 0.925611 0.769716 0.924548 0.769716 0.923486 0.771293 0.922423 0.771293 0.921360 0.772871 0.921360 0.804416 0.923486 0.807571 0.924548 0.807571 0.925611 0.809148 0.926674 0.809148 0.927736 0.810726 0.928799 0.810726 0.929862 0.812303 0.937301 0.812303 0.938363 0.813880 0.939426 0.812303 0.947928 0.812303 0.948990 0.810726 0.950053 0.810726 0.954304 0.804416 0.955367 0.804416 0.955367 0.772871 0.953241 0.769716 0.952179 0.769716 0.951116 0.768139 0.948990 0.768139 0.947928 0.766562 0.945802 0.766562 0.944740 0.764984 0.942614 0.764984 0.941552 0.763407
