6 0.984548 0.653565 0.984878 0.646940 0.962561 0.627855 0.959904 0.632114
4 0.513284 0.700315 0.512221 0.701893 0.510096 0.701893 0.509033 0.703470 0.507970 0.703470 0.507970 0.705047 0.506908 0.706625 0.506908 0.719243 0.505845 0.720820 0.505845 0.753943 0.540914 0.753943 0.541977 0.752366 0.541977 0.747634 0.543039 0.746057 0.541977 0.744479 0.541977 0.712934 0.540914 0.711356 0.540914 0.706625 0.539851 0.705047 0.539851 0.701893 0.538789 0.700315 0.529224 0.700315 0.528162 0.701893 0.527099 0.700315
4 0.456961 0.365931 0.455898 0.367508 0.450584 0.367508 0.450584 0.369085 0.451647 0.370662 0.451647 0.372240 0.452710 0.373817 0.452710 0.376972 0.451647 0.378549 0.451647 0.383281 0.450584 0.384858 0.450584 0.403785 0.449522 0.405363 0.449522 0.417981 0.450584 0.419558 0.456961 0.419558 0.458023 0.421136 0.459086 0.421136 0.460149 0.419558 0.467588 0.419558 0.468650 0.421136 0.488842 0.421136 0.488842 0.417981 0.487779 0.416404 0.487779 0.413249 0.488842 0.411672 0.488842 0.410095 0.487779 0.408517 0.487779 0.384858 0.486716 0.383281 0.486716 0.380126 0.484591 0.376972 0.484591 0.370662 0.483528 0.369085 0.483528 0.367508 0.481403 0.367508 0.480340 0.365931 0.476089 0.365931 0.475027 0.367508 0.472901 0.367508 0.471838 0.365931
3 0.616366 0.848580 0.615303 0.850158 0.615303 0.851735 0.614240 0.853312 0.614240 0.859621 0.613177 0.861199 0.613177 0.865931 0.612115 0.867508 0.612115 0.872240 0.611052 0.873817 0.612115 0.875394 0.612115 0.876972 0.613177 0.878549 0.613177 0.881703 0.612115 0.883281 0.612115 0.895899 0.611052 0.897476 0.612115 0.899054 0.646121 0.899054 0.647184 0.897476 0.647184 0.895899 0.646121 0.894322 0.646121 0.862776 0.645058 0.861199 0.645058 0.858044 0.643996 0.856467 0.643996 0.853312 0.642933 0.851735 0.642933 0.850158 0.641870 0.848580
2 0.927736 0.585174 0.926674 0.586751 0.925611 0.586751 0.925611 0.588328 0.924548 0.589905 0.924548 0.594637 0.923486 0.596215 0.923486 0.605678 0.922423 0.607256 0.922423 0.615142 0.923486 0.616719 0.923486 0.618297 0.922423 0.619874 0.922423 0.632492 0.923486 0.634069 0.950053 0.634069 0.951116 0.635647 0.954304 0.635647 0.954304 0.634069 0.955367 0.632492 0.955367 0.602524 0.954304 0.600946 0.954304 0.594637 0.953241 0.593060 0.953241 0.589905 0.951116 0.586751 0.947928 0.586751 0.946865 0.585174 0.937301 0.585174 0.936238 0.586751 0.929862 0.586751 0.928799 0.585174
9 0.844176 0.912981 0.844283 0.905410 1.000000 0.775489 1.000000 0.777744 0.999936 0.781293
1 0.811902 0.902208 0.810840 0.903785 0.809458 0.905205 0.808289 0.906782 0.807758 0.907886 0.805526 0.908517 0.805526 0.910095 0.804463 0.911672 0.804463 0.917981 0.803401 0.919558 0.803401 0.925868 0.804463 0.927445 0.804463 0.929022 0.806589 0.932177 0.839532 0.932177 0.839532 0.927445 0.838470 0.925868 0.839532 0.924290 0.839532 0.919558 0.838470 0.917981 0.838470 0.916404 0.836344 0.913249 0.836344 0.911672 0.835282 0.910095 0.835282 0.906940 0.834219 0.905678 0.834006 0.904416 0.833475 0.904416 0.830499 0.902997 0.827418 0.902524 0.823379 0.902997 0.817109 0.902839
6 0.984538 0.132256 0.983401 0.122539 0.924506 0.196025 0.926493 0.205521
6 0.924304 0.259164 0.917184 0.260268 0.984623 0.409164 0.985473 0.395915
6 0.983794 0.477129 0.983486 0.469243 0.679915 0.460710 0.680553 0.466073
2 0.638682 0.435331 0.637620 0.436909 0.637620 0.440063 0.638682 0.441640 0.638682 0.447950 0.637620 0.449527 0.637620 0.451104 0.638682 0.452681 0.638682 0.457413 0.637620 0.458991 0.637620 0.462145 0.638682 0.463722 0.638682 0.468454 0.637620 0.470032 0.637620 0.487382 0.638682 0.488959 0.643996 0.488959 0.645058 0.490536 0.646121 0.490536 0.647184 0.488959 0.663124 0.488959 0.664187 0.490536 0.674814 0.490536 0.674814 0.488959 0.675877 0.487382 0.675877 0.468454 0.674814 0.466877 0.674814 0.447950 0.673751 0.446372 0.673751 0.440063 0.672689 0.438486 0.672689 0.436909 0.659936 0.436909 0.658874 0.435331 0.651435 0.435331 0.650372 0.436909 0.639745 0.436909
6 0.917715 0.614464 0.918130 0.606420 0.774570 0.605789 0.772976 0.613833
6 0.733507 0.624890 0.732338 0.615899 0.546057 0.711845 0.549564 0.718943
6 0.796769 0.927950 0.798045 0.920852 0.653135 0.874826 0.651955 0.887098
7 0.999947 0.727808 0.999841 0.721656 0.549267 0.722445 0.549469 0.728281
4 0.328374 0.515773 0.326249 0.518927 0.326249 0.522082 0.325186 0.523659 0.325186 0.526814 0.324123 0.528391 0.324123 0.539432 0.325186 0.541009 0.326249 0.541009 0.327311 0.542587 0.326249 0.544164 0.325186 0.544164 0.324123 0.545741 0.324123 0.556782 0.323061 0.558360 0.323061 0.561514 0.324123 0.563091 0.324123 0.564669 0.325186 0.566246 0.351753 0.566246 0.352816 0.567823 0.353879 0.567823 0.354942 0.566246 0.358130 0.566246 0.359192 0.564669 0.359192 0.556782 0.358130 0.555205 0.358130 0.533123 0.357067 0.531546 0.357067 0.529968 0.356004 0.528391 0.356004 0.526814 0.354942 0.525237 0.354942 0.518927 0.353879 0.517350 0.353879 0.515773
4 0.360255 0.943218 0.359192 0.944795 0.357067 0.944795 0.357067 0.946372 0.356004 0.947950 0.356004 0.954259 0.354942 0.955836 0.354942 0.958991 0.353879 0.960568 0.353879 0.976341 0.352816 0.977918 0.352816 0.979495 0.353879 0.981073 0.385760 0.981073 0.386823 0.979495 0.386823 0.962145 0.385760 0.960568 0.385760 0.957413 0.384697 0.955836 0.384697 0.949527 0.383634 0.947950 0.383634 0.946372 0.382572 0.944795 0.381509 0.944795 0.380446 0.943218 0.379384 0.943218 0.378321 0.944795 0.375133 0.944795 0.374070 0.943218 0.367694 0.943218 0.366631 0.944795 0.362380 0.944795 0.361318 0.943218
1 0.894793 0.200315 0.893730 0.201893 0.890542 0.201893 0.887354 0.206625 0.887354 0.214511 0.886291 0.216088 0.886291 0.252366 0.887354 0.252366 0.888417 0.253943 0.902232 0.253943 0.903294 0.252366 0.904357 0.253943 0.922423 0.253943 0.923486 0.252366 0.923486 0.250789 0.922423 0.249211 0.922423 0.241325 0.921360 0.239748 0.921360 0.233438 0.922423 0.231861 0.922423 0.216088 0.921360 0.214511 0.921360 0.211356 0.920298 0.209779 0.920298 0.208202 0.919235 0.206625 0.919235 0.205047 0.922423 0.200315
2 0.742827 0.583596 0.741764 0.585174 0.740701 0.585174 0.739639 0.586751 0.739639 0.589905 0.738576 0.591483 0.738576 0.599369 0.737513 0.600946 0.737513 0.602524 0.738576 0.604101 0.738576 0.608833 0.737513 0.610410 0.737513 0.630915 0.738576 0.632492 0.769394 0.632492 0.770457 0.630915 0.770457 0.600946 0.769394 0.599369 0.769394 0.594637 0.768332 0.593060 0.768332 0.588328 0.767269 0.586751 0.767269 0.585174 0.766206 0.585174 0.765143 0.583596
