3 0.399575 0.651420 0.398512 0.652997 0.397450 0.652997 0.397450 0.654574 0.396387 0.656151 0.396387 0.659306 0.395324 0.660883 0.395324 0.664038 0.394261 0.665615 0.394261 0.668770 0.393199 0.670347 0.393199 0.679811 0.394261 0.681388 0.393199 0.682965 0.393199 0.700315 0.394261 0.701893 0.394261 0.703470 0.425080 0.703470 0.426142 0.701893 0.427205 0.701893 0.428268 0.700315 0.428268 0.689274 0.429330 0.687697 0.428268 0.686120 0.428268 0.678233 0.429330 0.676656 0.428268 0.675079 0.428268 0.670347 0.426142 0.667192 0.426142 0.659306 0.425080 0.657729 0.425080 0.656151 0.422954 0.652997 0.420829 0.652997 0.419766 0.651420 0.404888 0.651420 0.403826 0.652997 0.402763 0.651420
2 0.188098 0.652997 0.187035 0.654574 0.187035 0.656151 0.185972 0.657729 0.185972 0.660883 0.184910 0.662461 0.184910 0.667192 0.183847 0.668770 0.183847 0.678233 0.184910 0.679811 0.184910 0.682965 0.183847 0.684543 0.183847 0.700315 0.184910 0.701893 0.210414 0.701893 0.211477 0.703470 0.212540 0.703470 0.213603 0.701893 0.215728 0.701893 0.215728 0.698738 0.216791 0.697161 0.216791 0.692429 0.215728 0.690852 0.215728 0.684543 0.216791 0.682965 0.216791 0.675079 0.215728 0.673502 0.215728 0.667192 0.214665 0.665615 0.214665 0.662461 0.213603 0.660883 0.213603 0.657729 0.212540 0.656151 0.212540 0.654574 0.210414 0.654574 0.209352 0.652997
3 0.936238 0.577287 0.935175 0.578864 0.921360 0.578864 0.920298 0.580442 0.906482 0.580442 0.905420 0.582019 0.904357 0.582019 0.904357 0.583596 0.903294 0.585174 0.903294 0.588328 0.902232 0.589905 0.902232 0.594637 0.901169 0.596215 0.901169 0.607256 0.900106 0.608833 0.900106 0.616719 0.901169 0.618297 0.901169 0.632492 0.902232 0.634069 0.933050 0.634069 0.934113 0.632492 0.937301 0.632492 0.938363 0.634069 0.938363 0.583596 0.939426 0.582019 0.939426 0.578864 0.938363 0.577287
9 0.402317 0.710568 0.398480 0.709511 0.318087 0.977744 0.321913 0.978202
6 0.434187 0.671262 0.434293 0.676940 0.896493 0.614826 0.896068 0.608044
6 0.052147 0.804968 0.051722 0.795189 0.388215 0.682650 0.388640 0.688328
6 0.006950 0.620284 0.006844 0.626120 0.179341 0.675110 0.179979 0.668644
9 0.413624 0.710584 0.410542 0.710584 0.417428 0.977524 0.421892 0.978155
7 0.635494 0.500631 0.634963 0.490694 0.434857 0.653785 0.434857 0.663407
9 0.430074 0.710252 0.426461 0.711356 0.555579 0.977445 0.562274 0.978391
6 0.388108 0.678864 0.389267 0.674448 0.222699 0.674558 0.222380 0.679148
3 0.047821 0.776025 0.047821 0.777603 0.045696 0.780757 0.034006 0.780757 0.032944 0.782334 0.031881 0.780757 0.017003 0.780757 0.012752 0.787066 0.013815 0.788644 0.013815 0.793375 0.012752 0.794953 0.012752 0.801262 0.011690 0.802839 0.011690 0.805994 0.012752 0.807571 0.012752 0.813880 0.011690 0.815457 0.011690 0.829653 0.013815 0.832808 0.015940 0.832808 0.017003 0.834385 0.018066 0.832808 0.029756 0.832808 0.030818 0.834385 0.042508 0.834385 0.043571 0.832808 0.044633 0.832808 0.045696 0.834385 0.046759 0.834385 0.047821 0.835962 0.048884 0.835962 0.048884 0.834385 0.049947 0.832808 0.049947 0.826498 0.048884 0.824921 0.048884 0.801262 0.047821 0.799685 0.047821 0.791798 0.048884 0.790221 0.048884 0.776025
4 0.670563 0.447950 0.669501 0.449527 0.637620 0.449527 0.637620 0.503155 0.638682 0.504732 0.645058 0.504732 0.646121 0.506309 0.647184 0.504732 0.674814 0.504732 0.675877 0.503155 0.676939 0.503155 0.676939 0.479495 0.675877 0.477918 0.675877 0.457413 0.676939 0.455836 0.676939 0.451104 0.674814 0.447950
