6 0.730776 0.726483 0.738427 0.726325 0.696578 0.978707 0.689671 0.978549
6 0.760850 0.723628 0.754591 0.725836 0.828874 0.870883 0.833549 0.866877
2 0.833156 0.869085 0.832094 0.870662 0.829968 0.870662 0.829968 0.872240 0.828905 0.873817 0.828905 0.878549 0.827843 0.880126 0.827843 0.884858 0.826780 0.886435 0.826780 0.916404 0.828905 0.919558 0.832094 0.919558 0.833156 0.917981 0.840595 0.917981 0.841658 0.919558 0.857598 0.919558 0.859724 0.916404 0.859724 0.891167 0.858661 0.889590 0.858661 0.881703 0.857598 0.880126 0.857598 0.875394 0.856536 0.873817 0.856536 0.872240 0.855473 0.870662 0.846971 0.870662 0.845909 0.869085 0.839532 0.869085 0.838470 0.870662 0.835282 0.870662 0.834219 0.869085
2 0.371945 0.719243 0.370882 0.720820 0.364506 0.720820 0.362380 0.723975 0.362380 0.728707 0.361318 0.730284 0.361318 0.749211 0.360255 0.750789 0.360255 0.766562 0.362380 0.769716 0.392136 0.769716 0.392136 0.768139 0.393199 0.766562 0.393199 0.749211 0.392136 0.747634 0.392136 0.744479 0.393199 0.742902 0.393199 0.738170 0.392136 0.736593 0.392136 0.731861 0.391073 0.730284 0.391073 0.727129 0.390011 0.725552 0.390011 0.722397 0.387885 0.719243 0.385760 0.719243 0.384697 0.720820 0.383634 0.720820 0.382572 0.719243
3 0.727949 0.667192 0.726886 0.668770 0.725824 0.668770 0.725824 0.670347 0.724761 0.671924 0.724761 0.676656 0.723698 0.678233 0.723698 0.692429 0.724761 0.694006 0.723698 0.695584 0.723698 0.697161 0.722635 0.698738 0.722635 0.712934 0.723698 0.714511 0.723698 0.716088 0.754516 0.716088 0.755579 0.714511 0.755579 0.697161 0.754516 0.695584 0.754516 0.690852 0.755579 0.689274 0.755579 0.686120 0.754516 0.684543 0.754516 0.679811 0.753454 0.678233 0.753454 0.673502 0.752391 0.671924 0.752391 0.668770 0.751328 0.667192
1 0.962806 0.550473 0.960680 0.553628 0.960680 0.558360 0.959617 0.559937 0.959617 0.563091 0.958555 0.564669 0.958555 0.582019 0.957492 0.583596 0.957492 0.596215 0.958555 0.597792 0.958555 0.599369 0.987248 0.599369 0.988310 0.597792 0.989373 0.597792 0.989373 0.591483 0.986185 0.591483 0.985122 0.589905 0.982997 0.589905 0.981934 0.588328 0.975558 0.588328 0.974495 0.586751 0.974495 0.585174 0.973433 0.583596 0.973433 0.558360 0.974495 0.556782 0.974495 0.555205 0.975558 0.553628 0.974495 0.552050 0.973433 0.552050 0.972370 0.550473
2 0.675877 0.069401 0.674814 0.070978 0.660999 0.070978 0.659936 0.072555 0.659936 0.074132 0.658874 0.075710 0.658874 0.078864 0.657811 0.080442 0.657811 0.118297 0.683316 0.118297 0.684378 0.119874 0.685441 0.119874 0.686504 0.118297 0.688629 0.118297 0.689692 0.116719 0.689692 0.099369 0.688629 0.097792 0.688629 0.094637 0.689692 0.093060 0.689692 0.088328 0.688629 0.086751 0.688629 0.080442 0.687566 0.078864 0.687566 0.077287 0.686504 0.075710 0.686504 0.072555 0.685441 0.070978 0.682253 0.070978 0.681190 0.069401
4 0.642933 0.406940 0.641870 0.408517 0.638682 0.408517 0.637620 0.410095 0.637620 0.414826 0.638682 0.416404 0.638682 0.425868 0.637620 0.427445 0.637620 0.460568 0.638682 0.462145 0.674814 0.462145 0.675877 0.460568 0.675877 0.457413 0.676939 0.455836 0.675877 0.454259 0.675877 0.440063 0.674814 0.438486 0.674814 0.408517 0.673751 0.408517 0.672689 0.406940
7 0.682062 0.426073 0.680149 0.419448 0.985101 0.223833 0.985101 0.232319
6 0.969702 0.608028 0.976929 0.607871 0.940584 0.934527 0.935058 0.934369
6 0.998916 0.081987 0.999235 0.072050 0.905420 -0.000000 0.899756 0.000000 0.895027 0.000300
6 0.984697 0.141877 0.985228 0.133202 0.695919 0.095047 0.695069 0.102934
6 0.952062 0.591167 0.951849 0.583438 0.759766 0.677445 0.760510 0.686278
6 0.718990 0.700016 0.719097 0.692918 0.397163 0.738107 0.396738 0.743470
6 0.373932 0.779038 0.379352 0.779038 0.375016 0.966136 0.369596 0.966136
6 0.713804 0.725032 0.722519 0.724558 0.568555 0.979369 0.560159 0.978896
