2 0.509969 0.044164 0.509202 0.045741 0.509202 0.047319 0.508436 0.048896 0.508436 0.075710 0.509202 0.077287 0.510736 0.077287 0.511503 0.078864 0.523773 0.078864 0.524540 0.077287 0.524540 0.050473 0.523773 0.048896 0.523773 0.047319 0.522239 0.044164
6 0.604939 0.811467 0.604785 0.816672 0.685560 0.814495 0.685713 0.808186
2 0.592791 0.444795 0.592025 0.446372 0.591258 0.446372 0.590491 0.447950 0.590491 0.451104 0.589724 0.452681 0.589724 0.479495 0.590491 0.481073 0.604294 0.481073 0.605828 0.477918 0.605828 0.465300 0.605061 0.463722 0.605061 0.457413 0.605828 0.455836 0.605061 0.454259 0.605061 0.449527 0.604294 0.447950 0.604294 0.446372 0.598926 0.446372 0.598160 0.444795
4 0.394939 0.640379 0.394172 0.641956 0.381135 0.641956 0.380368 0.643533 0.378067 0.643533 0.378067 0.646688 0.377301 0.648265 0.377301 0.675079 0.376534 0.676656 0.376534 0.681388 0.377301 0.682965 0.378067 0.682965 0.378834 0.684543 0.397239 0.684543 0.398006 0.682965 0.398773 0.682965 0.398773 0.681388 0.399540 0.679811 0.398773 0.678233 0.398773 0.659306 0.399540 0.657729 0.399540 0.648265 0.398773 0.646688 0.398773 0.643533 0.398006 0.641956 0.397239 0.641956 0.396472 0.640379
2 0.700153 0.171924 0.699387 0.173502 0.689417 0.173502 0.688650 0.175079 0.688650 0.179811 0.687883 0.181388 0.687883 0.198738 0.687117 0.200315 0.687117 0.206625 0.687883 0.208202 0.690951 0.208202 0.691718 0.209779 0.697086 0.209779 0.697853 0.208202 0.702454 0.208202 0.703221 0.206625 0.703988 0.206625 0.704755 0.205047 0.704755 0.186120 0.703988 0.184543 0.703988 0.178233 0.700920 0.171924
6 0.512692 0.466688 0.510544 0.465426 0.414954 0.806151 0.418482 0.809306
9 0.429218 0.159148 0.426687 0.163407 0.508129 0.414984 0.508589 0.407571
9 0.363574 0.296845 0.363113 0.304574 0.507209 0.435647 0.507745 0.429653
6 0.514701 0.819180 0.515084 0.812871 0.582032 0.812429 0.581802 0.817476
2 0.466258 0.074132 0.465491 0.075710 0.464724 0.075710 0.464724 0.091483 0.463957 0.093060 0.463957 0.097792 0.463190 0.099369 0.463190 0.100946 0.463957 0.102524 0.463957 0.105678 0.464724 0.107256 0.467791 0.107256 0.468558 0.108833 0.473160 0.108833 0.473926 0.107256 0.479294 0.107256 0.480061 0.105678 0.480061 0.082019 0.479294 0.080442 0.479294 0.075710 0.478528 0.074132
2 0.317485 0.782334 0.316718 0.783912 0.307515 0.783912 0.305982 0.787066 0.305982 0.802839 0.305215 0.804416 0.305215 0.810726 0.305982 0.812303 0.305982 0.817035 0.306748 0.818612 0.322086 0.818612 0.322086 0.817035 0.322853 0.815457 0.322853 0.807571 0.322086 0.805994 0.322086 0.787066 0.321319 0.785489 0.320552 0.785489 0.319785 0.783912 0.319018 0.783912 0.318252 0.782334
1 0.516871 0.424290 0.516104 0.425868 0.511503 0.425868 0.509969 0.429022 0.509969 0.441640 0.509202 0.443218 0.509202 0.458991 0.509969 0.460568 0.523006 0.460568 0.523773 0.458991 0.524540 0.458991 0.525307 0.457413 0.525307 0.429022 0.523773 0.425868 0.519172 0.425868 0.518405 0.424290
1 0.345092 0.271293 0.344325 0.272871 0.343558 0.272871 0.343558 0.274448 0.342791 0.276025 0.342791 0.282334 0.342025 0.283912 0.342025 0.304416 0.341258 0.305994 0.341258 0.310726 0.359663 0.310726 0.361196 0.307571 0.361196 0.291798 0.360429 0.290221 0.360429 0.280757 0.359663 0.279180 0.359663 0.274448 0.358896 0.272871 0.358129 0.272871 0.357362 0.271293 0.356595 0.271293 0.355828 0.272871 0.346626 0.272871 0.345859 0.271293
2 0.684816 0.449527 0.684049 0.451104 0.684049 0.455836 0.683282 0.457413 0.683282 0.482650 0.684049 0.484227 0.684816 0.484227 0.685583 0.485804 0.686350 0.485804 0.687117 0.484227 0.690184 0.484227 0.690951 0.485804 0.694018 0.485804 0.694785 0.484227 0.697853 0.484227 0.699387 0.481073 0.699387 0.473186 0.698620 0.471609 0.698620 0.452681 0.697086 0.449527
1 0.422546 0.119874 0.421779 0.121451 0.414110 0.121451 0.412577 0.124606 0.412577 0.130915 0.411810 0.132492 0.411810 0.135647 0.412577 0.137224 0.412577 0.140379 0.411810 0.141956 0.411810 0.152997 0.413344 0.156151 0.427914 0.156151 0.427914 0.154574 0.428681 0.152997 0.428681 0.141956 0.427914 0.140379 0.427914 0.124606 0.427147 0.123028 0.427147 0.121451 0.424847 0.121451 0.424080 0.119874
5 0.552914 0.055205 0.552147 0.056782 0.551380 0.056782 0.550613 0.058360 0.550613 0.061514 0.549847 0.063091 0.549847 0.089905 0.550613 0.091483 0.551380 0.091483 0.552147 0.093060 0.554448 0.093060 0.555215 0.091483 0.564417 0.091483 0.565184 0.089905 0.565184 0.088328 0.565951 0.086751 0.565951 0.078864 0.565184 0.077287 0.565184 0.064669 0.564417 0.063091 0.564417 0.058360 0.563650 0.056782 0.562883 0.056782 0.562117 0.055205
2 0.689417 0.794953 0.687883 0.798107 0.687883 0.802839 0.687117 0.804416 0.687117 0.809148 0.686350 0.810726 0.686350 0.826498 0.687883 0.829653 0.688650 0.829653 0.689417 0.831230 0.690951 0.831230 0.691718 0.829653 0.700153 0.829653 0.700920 0.831230 0.701687 0.829653 0.702454 0.829653 0.703221 0.828076 0.703221 0.823344 0.703988 0.821767 0.703988 0.817035 0.703221 0.815457 0.703221 0.804416 0.702454 0.802839 0.702454 0.799685 0.701687 0.798107 0.701687 0.796530 0.700920 0.794953
2 0.592025 0.798107 0.591258 0.799685 0.586656 0.799685 0.585890 0.801262 0.585123 0.801262 0.584356 0.802839 0.584356 0.807571 0.583589 0.809148 0.583589 0.829653 0.584356 0.831230 0.584356 0.832808 0.586656 0.832808 0.587423 0.834385 0.597393 0.834385 0.598160 0.832808 0.599693 0.832808 0.599693 0.831230 0.600460 0.829653 0.600460 0.805994 0.599693 0.804416 0.599693 0.801262 0.598160 0.801262 0.597393 0.799685 0.595859 0.799685 0.595092 0.798107
3 0.333589 0.458991 0.332055 0.462145 0.332055 0.466877 0.331288 0.468454 0.331288 0.484227 0.330521 0.485804 0.330521 0.487382 0.331288 0.488959 0.331288 0.493691 0.332055 0.495268 0.332822 0.495268 0.333589 0.496845 0.335123 0.496845 0.335890 0.495268 0.346626 0.495268 0.347393 0.493691 0.347393 0.490536 0.348160 0.488959 0.348160 0.485804 0.347393 0.484227 0.347393 0.474763 0.346626 0.473186 0.346626 0.463722 0.345092 0.460568 0.343558 0.460568 0.342791 0.458991
3 0.497699 0.799685 0.496933 0.801262 0.493098 0.801262 0.491564 0.804416 0.491564 0.817035 0.490798 0.818612 0.490798 0.837539 0.491564 0.839117 0.492331 0.839117 0.493098 0.840694 0.499233 0.840694 0.500000 0.839117 0.507669 0.839117 0.508436 0.840694 0.509202 0.840694 0.510736 0.837539 0.510736 0.835962 0.511503 0.834385 0.511503 0.801262 0.510736 0.801262 0.509969 0.799685
2 0.480828 0.944795 0.480061 0.946372 0.477761 0.946372 0.476994 0.947950 0.476994 0.958991 0.476227 0.960568 0.476227 0.974763 0.476994 0.976341 0.476994 0.979495 0.477761 0.979495 0.478528 0.981073 0.479294 0.979495 0.492331 0.979495 0.493865 0.976341 0.493865 0.963722 0.493098 0.962145 0.493098 0.954259 0.492331 0.952681 0.492331 0.949527 0.490031 0.944795 0.486196 0.944795 0.485429 0.946372 0.484663 0.944795
2 0.403374 0.813880 0.403374 0.815457 0.402607 0.817035 0.402607 0.837539 0.401840 0.839117 0.401840 0.842271 0.402607 0.843849 0.402607 0.847003 0.403374 0.848580 0.417178 0.848580 0.418712 0.845426 0.418712 0.834385 0.417945 0.832808 0.417945 0.818612 0.417178 0.817035 0.417178 0.815457 0.416411 0.815457 0.415644 0.813880 0.408742 0.813880 0.407975 0.815457 0.407209 0.813880
6 0.508052 0.440379 0.507055 0.448896 0.350077 0.478076 0.349847 0.471293
9 0.507216 0.462082 0.505913 0.459874 0.401166 0.638833 0.401956 0.641767
9 0.517891 0.465521 0.515667 0.465047 0.501687 0.795457 0.503459 0.795457
9 0.556058 0.098312 0.522423 0.406041 0.520913 0.405300 0.554417 0.097319
9 0.517891 0.083880 0.515660 0.083407 0.516572 0.407965 0.518436 0.403770
9 0.685360 0.207461 0.684149 0.204274 0.528014 0.426025 0.529394 0.428707
6 0.609946 0.464164 0.611097 0.460521 0.681227 0.464448 0.681227 0.467603
6 0.529448 0.447650 0.529064 0.444811 0.587577 0.458218 0.587117 0.461057
7 0.476633 0.113533 0.474179 0.114795 0.512147 0.405883 0.514294 0.406514
9 0.499555 0.840946 0.497408 0.840473 0.486442 0.938423 0.488436 0.937950
6 0.693535 0.489274 0.691304 0.489274 0.694716 0.786703 0.696327 0.786861
6 0.339003 0.499779 0.337239 0.499306 0.315307 0.774448 0.317078 0.775536
6 0.594310 0.790883 0.592163 0.791025 0.597485 0.484322 0.599248 0.484164
