3 0.462274 0.394322 0.460149 0.397476 0.460149 0.399054 0.459086 0.400631 0.459086 0.405363 0.458023 0.406940 0.458023 0.411672 0.456961 0.413249 0.456961 0.417981 0.458023 0.419558 0.458023 0.424290 0.456961 0.425868 0.456961 0.443218 0.458023 0.444795 0.488842 0.444795 0.489904 0.443218 0.489904 0.413249 0.488842 0.411672 0.488842 0.410095 0.487779 0.408517 0.487779 0.402208 0.486716 0.400631 0.486716 0.397476 0.485654 0.395899 0.475027 0.395899 0.473964 0.397476 0.471838 0.397476 0.470776 0.395899 0.463337 0.395899
2 0.435707 0.914826 0.434644 0.916404 0.432519 0.916404 0.432519 0.917981 0.431456 0.919558 0.431456 0.924290 0.430393 0.925868 0.430393 0.929022 0.429330 0.930599 0.429330 0.938486 0.430393 0.940063 0.430393 0.944795 0.429330 0.946372 0.429330 0.954259 0.428268 0.955836 0.429330 0.957413 0.429330 0.962145 0.431456 0.965300 0.462274 0.965300 0.462274 0.930599 0.461211 0.929022 0.461211 0.925868 0.460149 0.924290 0.460149 0.921136 0.459086 0.919558 0.459086 0.917981 0.458023 0.916404 0.455898 0.916404 0.454835 0.914826 0.448459 0.914826 0.447396 0.916404 0.444208 0.916404 0.443146 0.914826
2 0.857598 0.867508 0.856536 0.869085 0.846971 0.869085 0.846971 0.872240 0.845909 0.873817 0.845909 0.878549 0.844846 0.880126 0.844846 0.914826 0.845909 0.916404 0.846971 0.916404 0.848034 0.917981 0.851222 0.917981 0.852285 0.916404 0.856536 0.916404 0.857598 0.917981 0.874601 0.917981 0.875664 0.916404 0.876727 0.916404 0.876727 0.884858 0.875664 0.883281 0.875664 0.878549 0.874601 0.876972 0.874601 0.873817 0.873539 0.872240 0.873539 0.870662 0.872476 0.869085 0.867163 0.869085 0.866100 0.867508 0.861849 0.867508 0.860786 0.869085 0.858661 0.869085
2 0.767269 0.301262 0.766206 0.302839 0.750266 0.302839 0.749203 0.304416 0.748140 0.304416 0.748140 0.310726 0.747078 0.312303 0.747078 0.317035 0.746015 0.318612 0.746015 0.324921 0.747078 0.326498 0.747078 0.334385 0.746015 0.335962 0.746015 0.348580 0.748140 0.351735 0.776833 0.351735 0.777896 0.350158 0.778959 0.350158 0.778959 0.320189 0.777896 0.318612 0.777896 0.313880 0.776833 0.312303 0.776833 0.307571 0.775770 0.305994 0.775770 0.304416 0.774708 0.302839 0.768332 0.302839
2 0.930925 0.154574 0.929862 0.156151 0.927736 0.156151 0.926674 0.157729 0.926674 0.162461 0.925611 0.164038 0.925611 0.195584 0.924548 0.197161 0.924548 0.200315 0.925611 0.201893 0.925611 0.203470 0.939426 0.203470 0.940489 0.205047 0.944740 0.205047 0.945802 0.203470 0.956429 0.203470 0.957492 0.201893 0.957492 0.190852 0.956429 0.189274 0.956429 0.178233 0.957492 0.176656 0.956429 0.175079 0.956429 0.165615 0.955367 0.164038 0.955367 0.157729 0.953241 0.154574
3 0.843783 0.143533 0.842721 0.145110 0.837407 0.145110 0.835282 0.148265 0.835282 0.154574 0.834219 0.156151 0.834219 0.160883 0.833156 0.162461 0.833156 0.192429 0.834219 0.194006 0.862912 0.194006 0.863974 0.192429 0.865037 0.192429 0.866100 0.190852 0.866100 0.179811 0.865037 0.178233 0.865037 0.167192 0.866100 0.165615 0.865037 0.164038 0.865037 0.157729 0.863974 0.156151 0.863974 0.151420 0.862912 0.149842 0.862912 0.146688 0.861849 0.145110 0.859724 0.145110 0.858661 0.143533 0.852285 0.143533 0.851222 0.145110 0.846971 0.145110 0.845909 0.143533
1 0.895855 0.421136 0.895855 0.424290 0.894793 0.425868 0.894793 0.430599 0.893730 0.432177 0.893730 0.436909 0.892667 0.438486 0.892667 0.466877 0.893730 0.468454 0.893730 0.470032 0.924548 0.470032 0.925611 0.468454 0.925611 0.452681 0.924548 0.451104 0.924548 0.444795 0.925611 0.443218 0.925611 0.438486 0.924548 0.436909 0.924548 0.433754 0.923486 0.432177 0.923486 0.425868 0.922423 0.424290 0.922423 0.422713 0.921360 0.421136
7 0.311403 0.146956 0.314910 0.147587 0.124718 0.977524 0.120032 0.977114
1 0.792774 0.416404 0.791711 0.417981 0.783209 0.417981 0.782147 0.419558 0.782147 0.421136 0.781084 0.422713 0.781084 0.427445 0.780021 0.429022 0.780021 0.432177 0.778959 0.433754 0.778959 0.441640 0.780021 0.443218 0.780021 0.444795 0.778959 0.446372 0.778959 0.465300 0.780021 0.466877 0.811902 0.466877 0.811902 0.446372 0.810840 0.444795 0.810840 0.441640 0.811902 0.440063 0.811902 0.436909 0.810840 0.435331 0.810840 0.430599 0.809777 0.429022 0.809777 0.424290 0.808714 0.422713 0.808714 0.419558 0.807651 0.417981 0.806589 0.417981 0.805526 0.416404
2 0.748140 0.662461 0.746015 0.665615 0.746015 0.673502 0.744952 0.675079 0.744952 0.679811 0.743889 0.681388 0.743889 0.684543 0.744952 0.686120 0.744952 0.689274 0.743889 0.690852 0.743889 0.711356 0.775770 0.711356 0.775770 0.673502 0.774708 0.671924 0.774708 0.665615 0.773645 0.664038 0.769394 0.664038 0.768332 0.662461 0.761955 0.662461 0.760893 0.664038 0.757705 0.664038 0.756642 0.662461
4 0.643996 0.406940 0.642933 0.408517 0.638682 0.408517 0.638682 0.413249 0.637620 0.414826 0.638682 0.416404 0.638682 0.432177 0.637620 0.433754 0.637620 0.458991 0.636557 0.460568 0.637620 0.462145 0.637620 0.463722 0.646121 0.463722 0.647184 0.462145 0.663124 0.462145 0.664187 0.460568 0.667375 0.460568 0.668438 0.462145 0.670563 0.462145 0.671626 0.460568 0.674814 0.460568 0.674814 0.427445 0.673751 0.425868 0.673751 0.419558 0.672689 0.417981 0.672689 0.408517 0.671626 0.406940
3 0.312434 0.083596 0.311371 0.085174 0.308183 0.085174 0.307120 0.086751 0.307120 0.088328 0.306057 0.089905 0.306057 0.091483 0.304995 0.093060 0.304995 0.096215 0.303932 0.097792 0.303932 0.105678 0.302869 0.107256 0.303932 0.108833 0.303932 0.124606 0.302869 0.126183 0.302869 0.135647 0.303932 0.137224 0.311371 0.137224 0.312434 0.135647 0.336876 0.135647 0.337938 0.134069 0.337938 0.127760 0.339001 0.126183 0.339001 0.119874 0.337938 0.118297 0.337938 0.110410 0.339001 0.108833 0.339001 0.099369 0.337938 0.097792 0.337938 0.085174 0.336876 0.083596 0.325186 0.083596 0.324123 0.085174 0.316684 0.085174 0.315622 0.083596
3 0.658874 0.017350 0.658874 0.022082 0.657811 0.023659 0.656748 0.023659 0.655685 0.025237 0.655685 0.026814 0.654623 0.028391 0.654623 0.036278 0.653560 0.037855 0.653560 0.050473 0.654623 0.052050 0.654623 0.055205 0.653560 0.056782 0.653560 0.067823 0.654623 0.066246 0.658874 0.066246 0.659936 0.064669 0.669501 0.064669 0.670563 0.066246 0.674814 0.066246 0.675877 0.064669 0.687566 0.064669 0.688629 0.063091 0.689692 0.063091 0.691817 0.066246 0.692880 0.066246 0.692880 0.064669 0.690755 0.061514 0.690755 0.041009 0.689692 0.039432 0.689692 0.025237 0.687566 0.022082 0.687566 0.018927 0.686504 0.017350 0.686504 0.015773 0.684378 0.012618 0.662062 0.012618 0.660999 0.014196 0.659936 0.014196 0.659936 0.015773 0.658874 0.017350 0.653560 0.014196 0.653560 0.011041 0.653560 0.014196
6 0.951233 0.144527 0.957864 0.148691 0.985399 0.071120 0.985143 0.055599
6 0.696249 0.021293 0.696567 0.028391 0.735569 0.000946 0.725367 0.000158
6 0.661020 0.075079 0.653581 0.073959 0.487290 0.390363 0.491700 0.395599
6 0.392125 0.000820 0.383092 0.000820 0.339904 0.075379 0.345855 0.078328
6 0.120000 0.001435 0.110159 0.001246 0.000000 0.071104 0.000531 0.079968
9 0.855027 0.202618 0.859490 0.200710 0.905133 0.413218 0.900032 0.414637
9 0.840553 0.202114 0.845122 0.202114 0.804633 0.411136 0.799107 0.409243
9 0.954527 0.001167 0.946408 0.001167 0.865866 0.136877 0.871605 0.139700
9 0.682062 0.073754 0.686206 0.072965 0.757715 0.297555 0.749182 0.300095
9 0.676142 0.073423 0.680074 0.072950 0.757673 0.653675 0.754697 0.655095
9 0.670011 0.073785 0.673943 0.073628 0.663018 0.380599 0.657917 0.381073
9 0.342497 0.143502 0.346196 0.140978 0.841063 0.857129 0.836387 0.862334
9 0.336504 0.143596 0.340755 0.142808 0.773167 1.000000 0.767301 1.000000
9 0.331265 0.144479 0.335728 0.143375 0.616833 1.000000 0.610638 1.000000
9 0.324049 0.144606 0.329150 0.143817 0.443581 0.907776 0.438820 0.908896
9 0.345685 0.104432 0.344506 0.096546 0.556132 -0.000000 0.563964 0.000000 0.568268 0.000174
9 0.315760 0.144353 0.320967 0.144038 0.231902 1.000000 0.227258 1.000000
9 0.311573 0.144763 0.307641 0.141451 0.000000 0.980237 0.000000 0.984637 0.000733 0.987776
9 0.300510 0.130662 0.298140 0.124211 0.000000 0.360710 0.000000 0.367066 0.000170 0.367997
