9 0.089628 0.149259 0.089522 0.153202 0.328448 0.156972 0.328587 0.150852
1 0.286929 0.455836 0.285866 0.457413 0.270988 0.457413 0.269926 0.458991 0.269926 0.460568 0.268863 0.462145 0.268863 0.468454 0.267800 0.470032 0.267800 0.473186 0.266738 0.474763 0.266738 0.476341 0.265675 0.477918 0.265675 0.485804 0.266738 0.487382 0.266738 0.500000 0.265675 0.501577 0.265675 0.503155 0.264612 0.504732 0.264612 0.506309 0.263549 0.507886 0.263549 0.509464 0.268863 0.509464 0.269926 0.511041 0.272051 0.511041 0.273114 0.509464 0.280553 0.509464 0.281615 0.511041 0.282678 0.511041 0.283741 0.509464 0.299681 0.509464 0.300744 0.507886 0.300744 0.487382 0.301807 0.485804 0.301807 0.476341 0.300744 0.474763 0.300744 0.470032 0.299681 0.468454 0.299681 0.463722 0.298618 0.462145 0.298618 0.455836 0.293305 0.455836 0.292242 0.457413 0.287991 0.457413
3 0.049947 0.774448 0.048884 0.776025 0.036132 0.776025 0.037194 0.777603 0.037194 0.788644 0.036132 0.790221 0.036132 0.796530 0.035069 0.798107 0.035069 0.802839 0.036132 0.804416 0.036132 0.823344 0.035069 0.824921 0.035069 0.828076 0.036132 0.829653 0.042508 0.829653 0.043571 0.828076 0.044633 0.828076 0.045696 0.829653 0.051010 0.829653 0.052072 0.828076 0.054198 0.828076 0.055260 0.829653 0.056323 0.829653 0.057386 0.828076 0.068013 0.828076 0.069075 0.829653 0.072264 0.829653 0.073326 0.828076 0.071201 0.824921 0.071201 0.804416 0.072264 0.802839 0.072264 0.798107 0.071201 0.796530 0.071201 0.790221 0.070138 0.788644 0.070138 0.782334 0.071201 0.780757 0.071201 0.779180 0.072264 0.777603 0.072264 0.774448 0.069075 0.774448 0.068013 0.776025 0.065887 0.776025 0.064825 0.774448 0.063762 0.774448 0.062699 0.776025 0.055260 0.776025 0.054198 0.774448
4 0.353879 0.640379 0.352816 0.641956 0.352816 0.643533 0.351753 0.645110 0.351753 0.649842 0.350691 0.651420 0.350691 0.656151 0.349628 0.657729 0.349628 0.664038 0.350691 0.665615 0.349628 0.667192 0.349628 0.687697 0.351753 0.690852 0.356004 0.690852 0.357067 0.689274 0.358130 0.690852 0.363443 0.690852 0.364506 0.689274 0.365569 0.690852 0.370882 0.690852 0.371945 0.689274 0.381509 0.689274 0.382572 0.687697 0.382572 0.657729 0.381509 0.656151 0.381509 0.652997 0.380446 0.651420 0.380446 0.646688 0.379384 0.645110 0.379384 0.641956 0.378321 0.640379
3 0.446334 0.471609 0.445271 0.473186 0.444208 0.473186 0.443146 0.474763 0.435707 0.474763 0.434644 0.473186 0.429330 0.473186 0.428268 0.474763 0.425080 0.474763 0.424017 0.473186 0.421892 0.473186 0.420829 0.474763 0.416578 0.474763 0.416578 0.492114 0.414453 0.495268 0.414453 0.496845 0.413390 0.498423 0.413390 0.500000 0.412327 0.501577 0.412327 0.503155 0.414453 0.500000 0.415515 0.500000 0.416578 0.501577 0.416578 0.511041 0.415515 0.512618 0.415515 0.518927 0.412327 0.523659 0.412327 0.528391 0.413390 0.528391 0.414453 0.529968 0.418704 0.529968 0.419766 0.528391 0.437832 0.528391 0.438895 0.526814 0.439957 0.528391 0.451647 0.528391 0.452710 0.526814 0.453773 0.526814 0.453773 0.523659 0.452710 0.522082 0.452710 0.518927 0.451647 0.517350 0.451647 0.507886 0.452710 0.506309 0.452710 0.496845 0.451647 0.495268 0.451647 0.493691 0.450584 0.492114 0.450584 0.490536 0.449522 0.488959 0.449522 0.482650 0.452710 0.477918 0.452710 0.476341 0.453773 0.474763 0.453773 0.473186 0.452710 0.473186 0.451647 0.471609
4 0.516472 0.643533 0.515409 0.645110 0.504782 0.645110 0.503719 0.646688 0.503719 0.654574 0.502657 0.656151 0.502657 0.662461 0.501594 0.664038 0.501594 0.695584 0.536663 0.695584 0.536663 0.659306 0.535600 0.657729 0.535600 0.652997 0.534538 0.651420 0.534538 0.648265 0.533475 0.646688 0.533475 0.645110 0.532412 0.643533 0.522848 0.643533 0.521785 0.645110 0.519660 0.645110 0.518597 0.643533
2 0.563231 0.424290 0.563231 0.425868 0.562168 0.427445 0.562168 0.432177 0.561105 0.433754 0.561105 0.436909 0.560043 0.438486 0.560043 0.471609 0.561105 0.471609 0.562168 0.473186 0.590861 0.473186 0.592986 0.470032 0.592986 0.443218 0.591923 0.441640 0.591923 0.436909 0.590861 0.435331 0.590861 0.430599 0.589798 0.429022 0.589798 0.427445 0.587673 0.424290
3 0.052072 0.123028 0.051010 0.124606 0.048884 0.124606 0.049947 0.124606 0.051010 0.126183 0.051010 0.138801 0.049947 0.140379 0.049947 0.146688 0.048884 0.148265 0.048884 0.171924 0.047821 0.173502 0.047821 0.176656 0.048884 0.178233 0.054198 0.178233 0.055260 0.176656 0.056323 0.176656 0.057386 0.178233 0.062699 0.178233 0.063762 0.176656 0.065887 0.176656 0.066950 0.178233 0.087141 0.178233 0.087141 0.141956 0.086079 0.140379 0.085016 0.140379 0.082891 0.137224 0.082891 0.135647 0.081828 0.134069 0.081828 0.127760 0.082891 0.126183 0.087141 0.126183 0.087141 0.123028 0.075452 0.123028 0.074389 0.124606 0.064825 0.124606 0.063762 0.123028 0.062699 0.123028 0.061637 0.124606 0.053135 0.124606
1 0.336876 0.129338 0.334750 0.132492 0.334750 0.137224 0.333688 0.138801 0.333688 0.143533 0.332625 0.145110 0.332625 0.176656 0.333688 0.178233 0.336876 0.178233 0.337938 0.179811 0.361318 0.179811 0.362380 0.178233 0.364506 0.178233 0.365569 0.176656 0.365569 0.154574 0.364506 0.152997 0.365569 0.151420 0.365569 0.146688 0.364506 0.145110 0.364506 0.141956 0.363443 0.140379 0.363443 0.135647 0.362380 0.134069 0.362380 0.130915 0.361318 0.130915 0.360255 0.129338
2 0.051010 0.460568 0.049947 0.462145 0.042508 0.462145 0.040383 0.465300 0.040383 0.471609 0.039320 0.473186 0.039320 0.477918 0.038257 0.479495 0.038257 0.509464 0.039320 0.509464 0.040383 0.511041 0.070138 0.511041 0.071201 0.509464 0.071201 0.492114 0.070138 0.490536 0.070138 0.473186 0.069075 0.471609 0.069075 0.466877 0.068013 0.465300 0.068013 0.463722 0.066950 0.462145 0.058448 0.462145 0.057386 0.460568
9 0.000000 0.146845 0.000021 0.152981 0.044527 0.153155 0.044835 0.147287
9 0.064304 0.184495 0.067917 0.183549 0.058682 0.454148 0.054431 0.454464
9 0.032540 0.487240 0.033496 0.481246 0.008523 0.479984 0.008629 0.485347
9 0.340850 0.187271 0.345526 0.187445 0.293305 0.450647 0.289160 0.450174
9 0.355452 0.186735 0.358746 0.184685 0.422635 0.446435 0.417651 0.446009
9 0.372306 0.179842 0.370181 0.185994 0.554325 0.425032 0.555664 0.415994
9 0.497099 0.671041 0.497375 0.666388 0.386982 0.662161 0.388257 0.668927
7 0.416366 0.531514 0.423156 0.533265 0.380670 0.634401 0.376844 0.630473
6 0.053730 0.520047 0.058831 0.519811 0.056451 0.769101 0.051605 0.769937
7 0.031785 0.806136 0.032359 0.797666 0.000000 0.797035 0.000064 0.805047
