8 0.008799 0.450442 0.008714 0.446688 0.049277 0.447760 0.049182 0.450442
14 0.401700 0.466877 0.401700 0.468454 0.400638 0.470032 0.400638 0.476341 0.399575 0.477918 0.399575 0.487382 0.398512 0.488959 0.398512 0.490536 0.399575 0.492114 0.399575 0.503155 0.422954 0.503155 0.424017 0.501577 0.424017 0.479495 0.422954 0.477918 0.422954 0.473186 0.421892 0.471609 0.421892 0.470032 0.420829 0.468454 0.420829 0.466877
8 0.374910 0.653013 0.374283 0.647003 0.616578 0.744479 0.616153 0.749842
8 0.430255 0.480820 0.430468 0.484290 0.637811 0.455237 0.638130 0.449558
14 0.645058 0.425868 0.643996 0.427445 0.641870 0.427445 0.641870 0.429022 0.640808 0.430599 0.640808 0.468454 0.641870 0.470032 0.669501 0.470032 0.671626 0.466877 0.671626 0.463722 0.670563 0.462145 0.670563 0.430599 0.669501 0.429022 0.669501 0.427445 0.647184 0.427445 0.646121 0.425868
13 0.345377 0.623028 0.344315 0.624606 0.343252 0.624606 0.343252 0.626183 0.342189 0.627760 0.342189 0.637224 0.341126 0.638801 0.341126 0.648265 0.342189 0.649842 0.342189 0.660883 0.343252 0.662461 0.344315 0.662461 0.345377 0.664038 0.346440 0.664038 0.347503 0.662461 0.367694 0.662461 0.368757 0.664038 0.368757 0.632492 0.367694 0.630915 0.367694 0.623028
14 0.230606 0.425868 0.229543 0.427445 0.228480 0.427445 0.228480 0.432177 0.227418 0.433754 0.227418 0.436909 0.226355 0.438486 0.226355 0.462145 0.227418 0.463722 0.234857 0.463722 0.235919 0.462145 0.236982 0.463722 0.247609 0.463722 0.248672 0.462145 0.250797 0.462145 0.250797 0.457413 0.251860 0.455836 0.251860 0.452681 0.250797 0.451104 0.250797 0.438486 0.249734 0.436909 0.249734 0.432177 0.248672 0.430599 0.248672 0.429022 0.247609 0.427445 0.241233 0.427445 0.240170 0.425868
14 0.625930 0.735016 0.624867 0.736593 0.623804 0.736593 0.622742 0.738170 0.622742 0.739748 0.621679 0.741325 0.621679 0.747634 0.620616 0.749211 0.620616 0.764984 0.621679 0.766562 0.621679 0.774448 0.622742 0.776025 0.646121 0.776025 0.646121 0.774448 0.647184 0.772871 0.647184 0.747634 0.646121 0.746057 0.646121 0.744479 0.645058 0.742902 0.645058 0.736593 0.643996 0.735016 0.639745 0.735016 0.638682 0.736593 0.637620 0.736593 0.636557 0.735016
14 0.059511 0.429022 0.058448 0.430599 0.056323 0.430599 0.055260 0.432177 0.055260 0.433754 0.054198 0.435331 0.054198 0.440063 0.053135 0.441640 0.053135 0.466877 0.077577 0.466877 0.077577 0.443218 0.076514 0.441640 0.076514 0.436909 0.075452 0.435331 0.075452 0.432177 0.074389 0.430599 0.072264 0.430599 0.071201 0.429022 0.070138 0.430599 0.061637 0.430599 0.060574 0.429022
8 0.257109 0.447839 0.257524 0.451940 0.394952 0.483580 0.395165 0.479479
6 0.322848 0.649527 0.322848 0.658202 0.000000 0.759558 0.000000 0.758013 0.000000 0.753155
6 0.237938 1.000000 0.231435 1.000000 0.229203 1.000000 0.000319 0.831388 0.000319 0.820662
8 0.083103 0.445584 0.083709 0.450473 0.222168 0.448959 0.221849 0.444385
8 0.653241 0.774921 0.653135 0.780599 0.792689 0.964306 0.793305 0.958044
