13 0.709375 0.473852 0.709375 0.523534 0.723437 0.523534 0.725 0.520919 0.735937 0.520919 0.7375 0.518304 0.7375 0.515689 0.739062 0.513074 0.739062 0.473852
13 0.709375 0.0554754 0.709375 0.105158 0.7375 0.105158 0.7375 0.0554754
13 0.271875 0.463392 0.271875 0.523534 0.296875 0.523534 0.296875 0.515689 0.3 0.510459 0.3 0.463392
16 0.690625 0.892228 0.690625 0.934065 0.696875 0.934065 0.698438 0.93668 0.701562 0.93668 0.703125 0.939295 0.7125 0.939295 0.714063 0.93668 0.717187 0.93668 0.720312 0.93145 0.720312 0.892228
16 0.284375 0.892228 0.284375 0.939295 0.307812 0.939295 0.309375 0.93668 0.310937 0.93668 0.310937 0.934065 0.3125 0.93145 0.3125 0.892228
6 0.71875 0.526148 0.71875 0.557527 0.717187 0.560142 0.717187 0.633357 0.715625 0.635972 0.715625 0.659506 0.714063 0.662121 0.714063 0.675195 0.7125 0.67781 0.7125 0.719647 0.710938 0.722262 0.710938 0.76933 0.709375 0.771944 0.709375 0.785019 0.707812 0.787633 0.703125 0.787633 0.703125 0.884383 0.709375 0.884383 0.710938 0.881768 0.710938 0.863464 0.7125 0.860849 0.7125 0.832086 0.714063 0.829471 0.714063 0.813782 0.715625 0.811167 0.715625 0.798093 0.717187 0.795478 0.717187 0.761485 0.71875 0.75887 0.71875 0.685654 0.720312 0.683039 0.720312 0.67258 0.721875 0.669965 0.721875 0.656891 0.723437 0.654276 0.723437 0.607209 0.725 0.604594 0.725 0.570601 0.726562 0.567986 0.726562 0.554912 0.728125 0.552297 0.732812 0.552297 0.732812 0.526148
6 0.284375 0.526148 0.284375 0.743181 0.289062 0.743181 0.290625 0.745796 0.290625 0.771944 0.292187 0.774559 0.292187 0.837316 0.29375 0.83993 0.29375 0.876538 0.295312 0.879153 0.295312 0.881768 0.296875 0.884383 0.298438 0.881768 0.3 0.881768 0.3 0.803323 0.298438 0.800708 0.298438 0.740566 0.296875 0.737951 0.296875 0.703958 0.295312 0.701343 0.295312 0.67781 0.29375 0.675195 0.29375 0.641202 0.292187 0.638587 0.292187 0.526148
8 0.292187 0.118232 0.292187 0.165299 0.290625 0.167914 0.290625 0.170529 0.289062 0.173144 0.284375 0.173144 0.284375 0.429399 0.289062 0.429399 0.289062 0.416325 0.290625 0.41371 0.290625 0.384947 0.292187 0.382332 0.292187 0.2359 0.29375 0.233285 0.29375 0.191448 0.296875 0.186218 0.301562 0.186218 0.301562 0.118232
14 0.284375 0.0659348 0.284375 0.115617 0.307812 0.115617 0.307812 0.0842388 0.30625 0.0816239 0.30625 0.0659348
6 0.334375 0.484311 0.334375 0.497385 0.551562 0.497385 0.553125 0.5 0.64375 0.5 0.645312 0.502615 0.648438 0.502615 0.65 0.50523 0.65 0.513074 0.707812 0.513074 0.707812 0.497385 0.68125 0.497385 0.679688 0.49477 0.678125 0.49477 0.676562 0.492155 0.676562 0.484311
8 0.334375 0.0763942 0.334375 0.0894685 0.5 0.0894685 0.501563 0.0868536 0.578125 0.0868536 0.579687 0.0842388 0.595312 0.0842388 0.595312 0.0763942
