2 0.282678 0.958991 0.280553 0.962145 0.280553 0.966877 0.279490 0.968454 0.279490 0.973186 0.278427 0.974763 0.278427 0.998423 0.309245 0.998423 0.309245 0.992114 0.310308 0.990536 0.310308 0.971609 0.309245 0.970032 0.309245 0.965300 0.308183 0.963722 0.308183 0.962145 0.306057 0.958991
7 0.652232 0.481230 0.657024 0.480868 0.634995 0.756451 0.630319 0.755363
6 0.961647 0.728959 0.966748 0.727066 0.985473 0.805315 0.984729 0.818880
3 0.625930 0.761830 0.624867 0.763407 0.616366 0.763407 0.616366 0.764984 0.615303 0.766562 0.615303 0.771293 0.614240 0.772871 0.614240 0.779180 0.613177 0.780757 0.613177 0.782334 0.614240 0.783912 0.614240 0.794953 0.613177 0.796530 0.613177 0.807571 0.614240 0.809148 0.614240 0.810726 0.645058 0.810726 0.646121 0.809148 0.646121 0.791798 0.645058 0.790221 0.645058 0.785489 0.646121 0.783912 0.646121 0.779180 0.645058 0.777603 0.645058 0.774448 0.643996 0.772871 0.643996 0.768139 0.642933 0.766562 0.642933 0.763407 0.641870 0.761830
6 0.654240 0.785426 0.654240 0.772650 0.935239 0.693896 0.935824 0.700868
6 0.637024 0.822366 0.644357 0.820473 0.685728 0.977918 0.677014 0.978233
6 0.626706 0.820047 0.619479 0.819259 0.585409 0.979590 0.590935 0.979590
6 0.610542 0.803076 0.609479 0.795678 0.315972 0.966577 0.317354 0.976041
6 0.345452 0.679921 0.345027 0.685599 0.609469 0.782587 0.611700 0.775804
6 0.000000 0.417334 0.297248 0.658202 0.305239 0.656199 0.000000 0.405631
6 0.254697 0.403123 0.254825 0.397098 0.000202 0.388470 0.000000 0.394132
6 0.284920 0.110189 0.279288 0.110189 0.276238 0.366609 0.282136 0.365505
6 0.010871 0.076498 0.010871 0.081703 0.261626 0.079779 0.261509 0.075584
2 0.309245 0.649842 0.309245 0.651420 0.308183 0.652997 0.308183 0.660883 0.307120 0.662461 0.307120 0.667192 0.306057 0.668770 0.306057 0.673502 0.307120 0.675079 0.308183 0.675079 0.309245 0.676656 0.308183 0.678233 0.307120 0.678233 0.306057 0.679811 0.306057 0.697161 0.305951 0.701262 0.311158 0.700946 0.315409 0.701420 0.318491 0.701577 0.320085 0.701104 0.322210 0.701262 0.327311 0.701104 0.336876 0.700315 0.340595 0.699685 0.339957 0.667192 0.339639 0.663407 0.338895 0.660095 0.338789 0.656625 0.337726 0.653785 0.336663 0.650000
2 0.281615 0.373817 0.280553 0.375394 0.263549 0.375394 0.263549 0.376972 0.262487 0.378549 0.262487 0.383281 0.261424 0.384858 0.261424 0.391167 0.260361 0.392744 0.260361 0.400631 0.261424 0.402208 0.261424 0.403785 0.260361 0.405363 0.260361 0.422713 0.261424 0.422713 0.262487 0.424290 0.291180 0.424290 0.293305 0.421136 0.293305 0.416404 0.292242 0.414826 0.292242 0.389590 0.291180 0.388013 0.291180 0.380126 0.290117 0.378549 0.290117 0.376972 0.287991 0.376972 0.286929 0.375394 0.283741 0.375394 0.282678 0.373817
2 0.944740 0.667192 0.943677 0.668770 0.942614 0.668770 0.940489 0.671924 0.940489 0.676656 0.939426 0.678233 0.939426 0.694006 0.938363 0.695584 0.938363 0.714511 0.939426 0.716088 0.970244 0.716088 0.971307 0.714511 0.971307 0.695584 0.970244 0.694006 0.971307 0.692429 0.971307 0.687697 0.970244 0.686120 0.970244 0.676656 0.969182 0.675079 0.969182 0.671924 0.968119 0.670347 0.968119 0.668770 0.967056 0.668770 0.965994 0.667192
2 0.283741 0.050473 0.282678 0.052050 0.269926 0.052050 0.267800 0.055205 0.267800 0.063091 0.266738 0.064669 0.266738 0.082019 0.267800 0.083596 0.266738 0.085174 0.266738 0.099369 0.296493 0.099369 0.297556 0.097792 0.298618 0.097792 0.298618 0.066246 0.297556 0.064669 0.297556 0.061514 0.296493 0.059937 0.296493 0.056782 0.295430 0.055205 0.295430 0.053628 0.294368 0.052050 0.290117 0.052050 0.289054 0.050473
4 0.642933 0.422713 0.642933 0.424290 0.641870 0.425868 0.641870 0.427445 0.640808 0.429022 0.640808 0.432177 0.639745 0.433754 0.639745 0.440063 0.638682 0.441640 0.638682 0.452681 0.639745 0.454259 0.639745 0.455836 0.638682 0.457413 0.638682 0.473186 0.639745 0.474763 0.673751 0.474763 0.674814 0.473186 0.674814 0.455836 0.673751 0.454259 0.673751 0.430599 0.672689 0.429022 0.672689 0.425868 0.670563 0.422713
