3 0.249734 0.096215 0.248672 0.097792 0.234857 0.097792 0.233794 0.099369 0.232731 0.099369 0.231668 0.100946 0.231668 0.104101 0.230606 0.105678 0.230606 0.110410 0.229543 0.111987 0.229543 0.146688 0.234857 0.146688 0.235919 0.148265 0.242295 0.148265 0.243358 0.146688 0.262487 0.146688 0.262487 0.138801 0.263549 0.137224 0.263549 0.124606 0.264612 0.123028 0.264612 0.118297 0.263549 0.116719 0.263549 0.115142 0.262487 0.113565 0.262487 0.111987 0.261424 0.110410 0.261424 0.104101 0.260361 0.102524 0.260361 0.097792 0.259299 0.097792 0.258236 0.096215
7 0.283836 0.149006 0.280446 0.153312 0.631509 0.431325 0.631562 0.422397
7 0.270244 0.121293 0.269288 0.114669 0.685473 0.000899 0.706057 0.000899
7 0.224655 0.149054 0.224017 0.139590 0.032944 0.330126 0.035707 0.337224
9 0.243252 0.156467 0.238969 0.155994 0.182795 0.481498 0.186493 0.481719
6 0.268863 0.134227 0.269819 0.126183 0.832306 0.308833 0.829862 0.317981
6 0.317428 0.519716 0.317216 0.526341 0.197024 0.536278 0.197131 0.529495
6 0.230181 0.000000 0.236026 0.000789 0.245377 0.089117 0.241233 0.090379
6 0.268438 0.154574 0.270138 0.147319 0.363443 0.259937 0.361530 0.267508
4 0.638682 0.421136 0.638682 0.424290 0.637620 0.425868 0.637620 0.429022 0.638682 0.430599 0.638682 0.433754 0.637620 0.435331 0.637620 0.476341 0.649309 0.476341 0.650372 0.474763 0.672689 0.474763 0.673751 0.473186 0.674814 0.473186 0.674814 0.452681 0.673751 0.451104 0.673751 0.447950 0.674814 0.446372 0.674814 0.440063 0.673751 0.438486 0.673751 0.433754 0.672689 0.432177 0.672689 0.427445 0.671626 0.425868 0.671626 0.424290 0.670563 0.424290 0.669501 0.422713 0.660999 0.422713 0.659936 0.421136 0.656748 0.421136 0.655685 0.422713 0.648247 0.422713 0.647184 0.421136
2 0.371945 0.264984 0.370882 0.266562 0.369819 0.266562 0.368757 0.268139 0.368757 0.274448 0.367694 0.276025 0.367694 0.279180 0.366631 0.280757 0.366631 0.288644 0.367694 0.290221 0.367694 0.293375 0.366631 0.294953 0.366631 0.302839 0.365569 0.304416 0.365569 0.310726 0.366631 0.312303 0.366631 0.313880 0.367694 0.313880 0.368757 0.315457 0.369819 0.315457 0.370882 0.313880 0.373007 0.313880 0.374070 0.315457 0.397450 0.315457 0.399575 0.312303 0.399575 0.280757 0.398512 0.279180 0.398512 0.276025 0.397450 0.274448 0.397450 0.271293 0.396387 0.269716 0.396387 0.268139 0.395324 0.266562 0.375133 0.266562 0.374070 0.264984
1 0.325186 0.496845 0.324123 0.498423 0.324123 0.500000 0.323061 0.501577 0.323061 0.506309 0.321998 0.507886 0.321998 0.512618 0.320935 0.514196 0.320935 0.544164 0.321998 0.545741 0.352816 0.545741 0.352816 0.544164 0.353879 0.542587 0.353879 0.523659 0.352816 0.522082 0.352816 0.509464 0.351753 0.507886 0.351753 0.503155 0.350691 0.501577 0.350691 0.498423 0.349628 0.496845
4 0.000000 0.329653 0.000000 0.380126 0.025505 0.380126 0.026567 0.378549 0.028693 0.378549 0.028693 0.348580 0.027630 0.347003 0.027630 0.343849 0.026567 0.342271 0.026567 0.337539 0.025505 0.335962 0.025505 0.332808 0.024442 0.331230 0.003188 0.331230 0.002125 0.329653
3 0.854410 0.294953 0.853348 0.296530 0.837407 0.296530 0.837407 0.299685 0.836344 0.301262 0.836344 0.304416 0.835282 0.305994 0.835282 0.312303 0.834219 0.313880 0.834219 0.318612 0.836344 0.321767 0.834219 0.324921 0.834219 0.343849 0.836344 0.343849 0.837407 0.345426 0.839532 0.345426 0.840595 0.343849 0.842721 0.343849 0.843783 0.345426 0.848034 0.345426 0.849097 0.343849 0.852285 0.343849 0.853348 0.345426 0.865037 0.345426 0.866100 0.343849 0.866100 0.342271 0.867163 0.340694 0.867163 0.335962 0.866100 0.334385 0.866100 0.331230 0.867163 0.329653 0.867163 0.328076 0.866100 0.326498 0.866100 0.309148 0.865037 0.307571 0.865037 0.302839 0.863974 0.301262 0.863974 0.298107 0.862912 0.296530 0.859724 0.296530 0.858661 0.294953
3 0.161530 0.509464 0.161530 0.512618 0.160468 0.514196 0.160468 0.520505 0.159405 0.522082 0.159405 0.529968 0.158342 0.531546 0.159405 0.533123 0.159405 0.539432 0.158342 0.541009 0.158342 0.556782 0.159405 0.558360 0.160468 0.558360 0.161530 0.559937 0.162593 0.558360 0.190223 0.558360 0.191286 0.556782 0.191286 0.541009 0.190223 0.539432 0.190223 0.534700 0.191286 0.533123 0.191286 0.526814 0.190223 0.525237 0.190223 0.522082 0.189160 0.520505 0.189160 0.514196 0.188098 0.512618 0.188098 0.511041 0.187035 0.509464
9 0.224240 0.128281 0.224740 0.122918 0.000213 0.146767 0.000213 0.151151
6 0.378576 0.324811 0.374857 0.324495 0.342774 0.489117 0.346567 0.489369
