3 0.164718 0.257098 0.164718 0.261830 0.163656 0.263407 0.163656 0.268139 0.162593 0.269716 0.162593 0.272871 0.161530 0.274448 0.161530 0.304416 0.162593 0.304416 0.163656 0.305994 0.187035 0.305994 0.188098 0.304416 0.193411 0.304416 0.194474 0.302839 0.194474 0.290221 0.193411 0.288644 0.193411 0.279180 0.194474 0.277603 0.194474 0.276025 0.193411 0.274448 0.193411 0.271293 0.192349 0.269716 0.192349 0.263407 0.191286 0.261830 0.191286 0.258675 0.190223 0.257098
6 0.371562 0.765079 0.371371 0.754338 0.193294 0.809164 0.193103 0.817082
3 0.053135 0.432177 0.052072 0.433754 0.052072 0.436909 0.051010 0.438486 0.051010 0.443218 0.049947 0.444795 0.049947 0.457413 0.048884 0.458991 0.048884 0.479495 0.049947 0.479495 0.051010 0.481073 0.079702 0.481073 0.080765 0.479495 0.081828 0.479495 0.081828 0.458991 0.080765 0.457413 0.080765 0.452681 0.081828 0.451104 0.081828 0.449527 0.080765 0.447950 0.080765 0.444795 0.079702 0.443218 0.079702 0.436909 0.078640 0.435331 0.078640 0.433754 0.077577 0.432177
4 0.161530 0.794953 0.160468 0.796530 0.157279 0.796530 0.157279 0.799685 0.156217 0.801262 0.156217 0.805994 0.155154 0.807571 0.155154 0.810726 0.154091 0.812303 0.154091 0.820189 0.155154 0.821767 0.154091 0.823344 0.154091 0.843849 0.155154 0.843849 0.156217 0.845426 0.183847 0.845426 0.184910 0.843849 0.187035 0.843849 0.187035 0.824921 0.185972 0.823344 0.185972 0.821767 0.187035 0.820189 0.187035 0.812303 0.185972 0.810726 0.185972 0.809148 0.184910 0.807571 0.184910 0.801262 0.183847 0.799685 0.183847 0.798107 0.182784 0.796530 0.181722 0.796530 0.180659 0.794953 0.179596 0.796530 0.172157 0.796530 0.171095 0.794953 0.167906 0.794953 0.166844 0.796530 0.164718 0.796530 0.163656 0.794953
2 0.487779 0.414826 0.487779 0.416404 0.486716 0.417981 0.486716 0.422713 0.485654 0.424290 0.485654 0.454259 0.486716 0.455836 0.485654 0.457413 0.485654 0.462145 0.486716 0.462145 0.487779 0.463722 0.492030 0.463722 0.493092 0.462145 0.495218 0.462145 0.496281 0.463722 0.498406 0.463722 0.499469 0.462145 0.503719 0.462145 0.504782 0.463722 0.505845 0.463722 0.506908 0.462145 0.517535 0.462145 0.517535 0.443218 0.516472 0.441640 0.516472 0.440063 0.515409 0.438486 0.516472 0.436909 0.516472 0.435331 0.517535 0.433754 0.517535 0.432177 0.516472 0.430599 0.516472 0.425868 0.515409 0.424290 0.515409 0.421136 0.514346 0.419558 0.514346 0.416404 0.513284 0.414826
4 0.377258 0.727129 0.376196 0.728707 0.374070 0.728707 0.374070 0.755521 0.375133 0.757098 0.375133 0.758675 0.374070 0.760252 0.374070 0.768139 0.373007 0.769716 0.374070 0.771293 0.374070 0.780757 0.375133 0.780757 0.376196 0.782334 0.382572 0.782334 0.383634 0.780757 0.404888 0.780757 0.405951 0.782334 0.409139 0.782334 0.410202 0.780757 0.411265 0.780757 0.411265 0.777603 0.412327 0.776025 0.412327 0.772871 0.411265 0.771293 0.411265 0.744479 0.410202 0.742902 0.410202 0.735016 0.411265 0.733438 0.411265 0.730284 0.412327 0.728707 0.411265 0.727129
6 0.159479 0.315820 0.153741 0.313943 0.084038 0.421672 0.090298 0.427382
6 0.159277 0.279432 0.159447 0.285047 0.000000 0.288943 0.000000 0.282603
9 0.200499 0.289148 0.199012 0.295741 0.478980 0.431435 0.480096 0.425237
7 0.197035 0.312492 0.189926 0.313659 0.371275 0.710726 0.372774 0.699069
7 0.072285 0.496215 0.077800 0.489432 0.157386 0.759779 0.150797 0.759148
