2 0.542208 0.633065 0.540584 0.635081 0.537338 0.635081 0.535714 0.637097 0.535714 0.639113 0.534091 0.641129 0.534091 0.645161 0.532468 0.647177 0.532468 0.655242 0.530844 0.657258 0.530844 0.693548 0.532468 0.695565 0.579545 0.695565 0.581169 0.693548 0.581169 0.671371 0.579545 0.669355 0.579545 0.663306 0.581169 0.661290 0.581169 0.657258 0.579545 0.655242 0.579545 0.649194 0.577922 0.647177 0.577922 0.643145 0.576299 0.641129 0.576299 0.637097 0.574675 0.635081 0.568182 0.635081 0.566558 0.633065
1 0.415584 0.518145 0.413961 0.520161 0.386364 0.520161 0.384740 0.522177 0.383117 0.522177 0.381494 0.524194 0.381494 0.530242 0.379870 0.532258 0.379870 0.542339 0.378247 0.544355 0.378247 0.554435 0.379870 0.556452 0.378247 0.558468 0.378247 0.574597 0.376623 0.576613 0.376623 0.582661 0.379870 0.586694 0.426948 0.586694 0.428571 0.584677 0.428571 0.540323 0.426948 0.538306 0.426948 0.534274 0.425325 0.532258 0.425325 0.528226 0.423701 0.526210 0.423701 0.524194 0.418831 0.518145
2 0.191558 0.385081 0.189935 0.387097 0.189935 0.391129 0.188312 0.393145 0.188312 0.397177 0.186688 0.399194 0.186688 0.405242 0.185065 0.407258 0.185065 0.415323 0.186688 0.417339 0.186688 0.419355 0.185065 0.421371 0.185065 0.431452 0.183442 0.433468 0.185065 0.435484 0.185065 0.445565 0.186688 0.447581 0.233766 0.447581 0.235390 0.445565 0.235390 0.423387 0.233766 0.421371 0.233766 0.415323 0.235390 0.413306 0.235390 0.409274 0.233766 0.407258 0.233766 0.401210 0.232143 0.399194 0.232143 0.393145 0.230519 0.391129 0.230519 0.389113 0.228896 0.387097 0.228896 0.385081
3 0.938312 0.627016 0.936688 0.629032 0.933442 0.629032 0.933442 0.633065 0.931818 0.635081 0.931818 0.641129 0.930195 0.643145 0.930195 0.649194 0.928571 0.651210 0.928571 0.655242 0.930195 0.657258 0.930195 0.663306 0.928571 0.665323 0.928571 0.687500 0.930195 0.689516 0.975649 0.689516 0.977273 0.687500 0.977273 0.669355 0.975649 0.667339 0.975649 0.637097 0.974026 0.635081 0.974026 0.629032 0.972403 0.629032 0.970779 0.627016 0.967532 0.627016 0.965909 0.629032 0.964286 0.627016
2 0.758117 0.596774 0.756494 0.598790 0.751623 0.598790 0.751623 0.602823 0.750000 0.604839 0.750000 0.608871 0.748377 0.610887 0.748377 0.618952 0.746753 0.620968 0.746753 0.625000 0.748377 0.627016 0.748377 0.631048 0.746753 0.633065 0.746753 0.659274 0.795455 0.659274 0.797078 0.657258 0.797078 0.635081 0.795455 0.633065 0.795455 0.625000 0.797078 0.622984 0.797078 0.620968 0.795455 0.618952 0.795455 0.612903 0.793831 0.610887 0.793831 0.604839 0.792208 0.602823 0.792208 0.600806 0.790584 0.598790 0.785714 0.598790 0.784091 0.596774 0.764610 0.596774 0.762987 0.598790 0.761364 0.598790 0.759740 0.596774
9 0.829318 0.009577 0.823685 0.014940 0.943425 0.619536 0.950731 0.617097
2 0.000000 0.316532 0.000000 0.379032 0.034091 0.379032 0.035714 0.377016 0.035714 0.354839 0.032468 0.350806 0.034091 0.348790 0.034091 0.344758 0.035714 0.342742 0.035714 0.340726 0.034091 0.338710 0.034091 0.332661 0.032468 0.330645 0.032468 0.324597 0.030844 0.322581 0.030844 0.320565 0.027597 0.316532
9 0.817419 0.008831 0.812873 0.013065 0.771981 0.590262 0.778718 0.589194
9 0.806120 0.011028 0.799302 0.010423 0.569789 0.623931 0.575633 0.625141
9 0.792370 0.010746 0.785227 0.009335 0.430244 0.510746 0.440097 0.514516
9 0.755942 0.000988 0.741818 0.000786 0.041071 0.330000 0.044481 0.337460
9 0.779610 0.000706 0.770308 0.000383 0.241883 0.391129 0.246916 0.396573
9 0.718506 0.000323 0.698539 0.000524 0.000000 0.199294 0.000000 0.207863
9 0.849026 0.008004 0.844399 0.015665 0.977841 0.202480 0.978133 0.188750
