6 0.675728 0.451246 0.675537 0.457129 0.803475 0.493470 0.804644 0.488107
6 0.449426 0.569574 0.455537 0.572508 0.639224 0.461830 0.639075 0.456972
6 0.257598 0.613738 0.257705 0.620047 0.414942 0.587177 0.415058 0.584085
6 0.015770 0.633454 0.015345 0.638344 0.220818 0.626640 0.221041 0.620647
3 0.000000 0.611987 0.000000 0.657729 0.007439 0.657729 0.008502 0.659306 0.009564 0.659306 0.009564 0.657729 0.010627 0.656151 0.010627 0.652997 0.011690 0.651420 0.011690 0.616719 0.010627 0.615142 0.010627 0.613565 0.009564 0.611987
13 0.811902 0.477918 0.810840 0.479495 0.810840 0.481073 0.809777 0.482650 0.809777 0.488959 0.808714 0.490536 0.808714 0.512618 0.809777 0.514196 0.833156 0.514196 0.833156 0.490536 0.832094 0.488959 0.832094 0.484227 0.831031 0.482650 0.831031 0.479495 0.829968 0.477918
12 0.229543 0.602524 0.228480 0.604101 0.228480 0.607256 0.227418 0.608833 0.227418 0.616719 0.226355 0.618297 0.226355 0.621451 0.227418 0.623028 0.226355 0.624606 0.226355 0.630915 0.225292 0.632492 0.225292 0.635647 0.226355 0.637224 0.226355 0.638801 0.250797 0.638801 0.250797 0.610410 0.249734 0.608833 0.249734 0.607256 0.247609 0.604101 0.247609 0.602524
12 0.424017 0.563091 0.421892 0.566246 0.421892 0.567823 0.420829 0.569401 0.420829 0.572555 0.419766 0.574132 0.419766 0.586751 0.418704 0.588328 0.418704 0.589905 0.419766 0.591483 0.419766 0.599369 0.443146 0.599369 0.444208 0.597792 0.444208 0.575710 0.443146 0.574132 0.443146 0.566246 0.441020 0.563091
12 0.646121 0.424290 0.645058 0.425868 0.641870 0.425868 0.640808 0.427445 0.640808 0.430599 0.639745 0.432177 0.639745 0.440063 0.640808 0.441640 0.640808 0.447950 0.639745 0.449527 0.640808 0.451104 0.640808 0.455836 0.639745 0.457413 0.639745 0.465300 0.640808 0.466877 0.640808 0.468454 0.641870 0.470032 0.643996 0.470032 0.645058 0.471609 0.647184 0.471609 0.648247 0.470032 0.670563 0.470032 0.672689 0.466877 0.672689 0.463722 0.671626 0.462145 0.671626 0.457413 0.672689 0.455836 0.672689 0.452681 0.671626 0.451104 0.671626 0.443218 0.672689 0.441640 0.672689 0.430599 0.671626 0.429022 0.671626 0.427445 0.670563 0.425868 0.647184 0.425868
6 0.826567 0.523170 0.823273 0.524274 0.881753 0.933912 0.884729 0.933123
