2 0.148778 0.000000 0.148778 0.003155 0.147715 0.004732 0.147715 0.018927 0.149841 0.022082 0.179596 0.022082 0.180659 0.020505 0.180659 0.004732 0.179596 0.003155 0.179596 0.000000
9 0.760021 0.000804 0.755622 0.000205 0.950553 0.304259 0.952784 0.300946
9 0.719479 0.000757 0.723943 0.000284 0.902508 0.566309 0.898363 0.569779
9 0.674134 0.001009 0.670818 0.000284 0.603252 0.548470 0.607184 0.548281
9 0.825909 0.000552 0.819745 0.000552 0.999596 0.149180 0.999702 0.144306
9 0.620000 0.000584 0.615749 0.000584 0.447630 0.278722 0.449756 0.282192
1 0.408077 0.610410 0.407014 0.611987 0.405951 0.611987 0.405951 0.615142 0.404888 0.616719 0.404888 0.619874 0.403826 0.621451 0.403826 0.627760 0.402763 0.629338 0.402763 0.630915 0.403826 0.632492 0.403826 0.638801 0.402763 0.640379 0.402763 0.657729 0.403826 0.659306 0.434644 0.659306 0.434644 0.624606 0.433581 0.623028 0.433581 0.619874 0.432519 0.618297 0.432519 0.613565 0.430393 0.610410 0.413390 0.610410 0.412327 0.611987 0.410202 0.611987 0.409139 0.610410
3 0.313496 0.294953 0.312434 0.296530 0.299681 0.296530 0.298618 0.298107 0.298618 0.301262 0.297556 0.302839 0.297556 0.307571 0.296493 0.309148 0.296493 0.313880 0.295430 0.315457 0.296493 0.317035 0.296493 0.320189 0.297556 0.321767 0.296493 0.323344 0.296493 0.324921 0.295430 0.326498 0.295430 0.342271 0.296493 0.343849 0.297556 0.343849 0.298618 0.345426 0.316684 0.345426 0.317747 0.343849 0.321998 0.343849 0.323061 0.345426 0.326249 0.345426 0.328374 0.342271 0.328374 0.335962 0.327311 0.334385 0.327311 0.309148 0.326249 0.307571 0.326249 0.304416 0.325186 0.302839 0.325186 0.298107 0.324123 0.296530 0.315622 0.296530 0.314559 0.294953
3 0.418704 0.287066 0.417641 0.288644 0.415515 0.288644 0.415515 0.290221 0.414453 0.291798 0.414453 0.298107 0.413390 0.299685 0.413390 0.302839 0.412327 0.304416 0.412327 0.310726 0.413390 0.312303 0.413390 0.315457 0.412327 0.317035 0.412327 0.335962 0.413390 0.335962 0.414453 0.337539 0.443146 0.337539 0.444208 0.335962 0.445271 0.335962 0.445271 0.317035 0.444208 0.315457 0.445271 0.313880 0.445271 0.304416 0.444208 0.302839 0.444208 0.301262 0.443146 0.299685 0.443146 0.294953 0.442083 0.293375 0.442083 0.290221 0.441020 0.288644 0.439957 0.288644 0.438895 0.287066 0.429330 0.287066 0.428268 0.288644 0.420829 0.288644 0.419766 0.287066
4 0.501594 0.302839 0.501594 0.312303 0.502657 0.313880 0.502657 0.329653 0.501594 0.331230 0.501594 0.347003 0.502657 0.348580 0.502657 0.351735 0.501594 0.353312 0.501594 0.359621 0.502657 0.361199 0.507970 0.361199 0.509033 0.359621 0.521785 0.359621 0.522848 0.361199 0.526036 0.361199 0.527099 0.359621 0.530287 0.359621 0.531350 0.361199 0.535600 0.361199 0.536663 0.359621 0.539851 0.359621 0.540914 0.358044 0.540914 0.353312 0.539851 0.351735 0.539851 0.348580 0.540914 0.347003 0.540914 0.329653 0.539851 0.328076 0.539851 0.313880 0.538789 0.312303 0.538789 0.309148 0.539851 0.307571 0.539851 0.305994 0.540914 0.304416 0.539851 0.302839 0.533475 0.302839 0.531350 0.305994 0.516472 0.305994 0.515409 0.304416 0.505845 0.304416 0.504782 0.302839
2 0.737513 0.419558 0.736451 0.421136 0.735388 0.421136 0.735388 0.422713 0.734325 0.424290 0.734325 0.429022 0.733262 0.430599 0.733262 0.433754 0.732200 0.435331 0.732200 0.454259 0.731137 0.455836 0.731137 0.458991 0.732200 0.460568 0.732200 0.466877 0.733262 0.466877 0.734325 0.468454 0.763018 0.468454 0.764081 0.466877 0.765143 0.466877 0.765143 0.465300 0.766206 0.463722 0.766206 0.458991 0.765143 0.457413 0.765143 0.436909 0.764081 0.435331 0.764081 0.433754 0.763018 0.432177 0.763018 0.424290 0.761955 0.422713 0.761955 0.421136 0.758767 0.421136 0.757705 0.419558
2 0.588735 0.556782 0.587673 0.558360 0.587673 0.559937 0.586610 0.561514 0.586610 0.566246 0.585547 0.567823 0.585547 0.570978 0.584485 0.572555 0.584485 0.582019 0.585547 0.583596 0.584485 0.585174 0.584485 0.593060 0.583422 0.594637 0.583422 0.602524 0.586610 0.607256 0.615303 0.607256 0.617428 0.604101 0.617428 0.596215 0.616366 0.594637 0.616366 0.580442 0.617428 0.578864 0.617428 0.577287 0.616366 0.575710 0.616366 0.569401 0.615303 0.567823 0.615303 0.561514 0.614240 0.559937 0.614240 0.558360 0.613177 0.558360 0.612115 0.556782
2 0.897981 0.575710 0.895855 0.578864 0.895855 0.583596 0.894793 0.585174 0.894793 0.599369 0.895855 0.600946 0.894793 0.602524 0.894793 0.610410 0.893730 0.611987 0.893730 0.621451 0.894793 0.623028 0.894793 0.624606 0.925611 0.624606 0.926674 0.623028 0.926674 0.615142 0.925611 0.613565 0.925611 0.602524 0.924548 0.600946 0.925611 0.599369 0.925611 0.597792 0.926674 0.596215 0.926674 0.594637 0.925611 0.593060 0.925611 0.588328 0.924548 0.586751 0.924548 0.580442 0.923486 0.578864 0.923486 0.575710
1 0.161530 0.501577 0.160468 0.503155 0.157279 0.503155 0.156217 0.504732 0.147715 0.504732 0.146652 0.503155 0.145590 0.503155 0.146652 0.504732 0.146652 0.511041 0.145590 0.512618 0.145590 0.518927 0.144527 0.520505 0.144527 0.533123 0.145590 0.534700 0.145590 0.539432 0.144527 0.541009 0.144527 0.559937 0.146652 0.559937 0.147715 0.558360 0.178533 0.558360 0.180659 0.561514 0.181722 0.561514 0.182784 0.559937 0.182784 0.558360 0.181722 0.556782 0.181722 0.518927 0.180659 0.517350 0.180659 0.507886 0.181722 0.506309 0.181722 0.504732 0.182784 0.503155 0.181722 0.501577 0.177471 0.501577 0.176408 0.503155 0.167906 0.503155 0.166844 0.501577
3 0.958555 0.310726 0.958555 0.313880 0.957492 0.315457 0.957492 0.320189 0.956429 0.321767 0.956429 0.326498 0.955367 0.328076 0.955367 0.332808 0.956429 0.334385 0.956429 0.340694 0.955367 0.342271 0.955367 0.356467 0.957492 0.359621 0.984060 0.359621 0.985122 0.358044 0.985122 0.339117 0.984060 0.337539 0.984060 0.326498 0.985122 0.324921 0.985122 0.310726
6 0.596918 0.000473 0.585441 0.001104 0.332625 0.292744 0.336876 0.301420
6 0.648778 0.000789 0.642295 0.000473 0.532731 0.291798 0.540064 0.292429
9 0.431031 0.344795 0.426950 0.345095 0.419182 0.602271 0.422848 0.602366
6 0.702976 0.000315 0.697768 0.000000 0.743783 0.411672 0.748990 0.409621
9 0.166525 0.030599 0.162806 0.030631 0.162094 0.497461 0.165462 0.497161
