6 0.706120 0.387863 0.707029 0.377782 0.000000 0.394456 0.000487 0.402016
4 0.724026 0.346774 0.722403 0.348790 0.719156 0.348790 0.719156 0.350806 0.717532 0.352823 0.717532 0.358871 0.715909 0.360887 0.715909 0.364919 0.714286 0.366935 0.714286 0.370968 0.712662 0.372984 0.712662 0.379032 0.714286 0.381048 0.712662 0.383065 0.712662 0.409274 0.714286 0.411290 0.714286 0.413306 0.764610 0.413306 0.766234 0.411290 0.766234 0.372984 0.764610 0.370968 0.764610 0.364919 0.762987 0.362903 0.762987 0.360887 0.761364 0.358871 0.761364 0.350806 0.759740 0.348790 0.758117 0.348790 0.756494 0.346774 0.753247 0.346774 0.751623 0.348790 0.725649 0.348790
4 0.415584 0.084677 0.413961 0.086694 0.413961 0.090726 0.412338 0.092742 0.412338 0.098790 0.410714 0.100806 0.410714 0.106855 0.409091 0.108871 0.409091 0.112903 0.410714 0.114919 0.410714 0.120968 0.409091 0.122984 0.409091 0.145161 0.410714 0.147177 0.457792 0.147177 0.459416 0.145161 0.459416 0.122984 0.457792 0.120968 0.457792 0.116935 0.459416 0.114919 0.459416 0.108871 0.457792 0.106855 0.457792 0.100806 0.456169 0.098790 0.456169 0.092742 0.454545 0.090726 0.454545 0.086694 0.452922 0.084677
2 0.574675 0.514113 0.573052 0.516129 0.568182 0.516129 0.568182 0.520161 0.566558 0.522177 0.566558 0.528226 0.564935 0.530242 0.564935 0.536290 0.563312 0.538306 0.563312 0.542339 0.564935 0.544355 0.564935 0.552419 0.563312 0.554435 0.563312 0.572581 0.566558 0.576613 0.612013 0.576613 0.613636 0.574597 0.613636 0.548387 0.612013 0.546371 0.612013 0.544355 0.613636 0.542339 0.613636 0.538306 0.612013 0.536290 0.612013 0.530242 0.610390 0.528226 0.610390 0.522177 0.608766 0.520161 0.608766 0.516129 0.599026 0.516129 0.597403 0.514113 0.589286 0.514113 0.587662 0.516129 0.577922 0.516129 0.576299 0.514113
4 0.423701 0.221774 0.422078 0.223790 0.420455 0.223790 0.420455 0.225806 0.418831 0.227823 0.418831 0.235887 0.417208 0.237903 0.417208 0.241935 0.415584 0.243952 0.415584 0.250000 0.418831 0.254032 0.415584 0.258065 0.415584 0.282258 0.417208 0.284274 0.464286 0.284274 0.465909 0.282258 0.465909 0.256048 0.464286 0.254032 0.465909 0.252016 0.465909 0.243952 0.464286 0.241935 0.464286 0.237903 0.462662 0.235887 0.462662 0.231855 0.461039 0.229839 0.461039 0.223790 0.459416 0.223790 0.457792 0.221774
4 0.612013 0.090726 0.610390 0.092742 0.610390 0.096774 0.608766 0.098790 0.608766 0.104839 0.607143 0.106855 0.607143 0.110887 0.605519 0.112903 0.605519 0.118952 0.607143 0.120968 0.608766 0.120968 0.610390 0.122984 0.608766 0.125000 0.607143 0.125000 0.605519 0.127016 0.605519 0.151210 0.607143 0.153226 0.654221 0.153226 0.655844 0.151210 0.655844 0.129032 0.654221 0.127016 0.654221 0.125000 0.623377 0.125000 0.621753 0.122984 0.623377 0.120968 0.654221 0.120968 0.655844 0.118952 0.655844 0.114919 0.654221 0.112903 0.654221 0.108871 0.652597 0.106855 0.652597 0.100806 0.650974 0.098790 0.650974 0.094758 0.649351 0.092742 0.649351 0.090726
4 0.313312 0.899194 0.311688 0.901210 0.308442 0.901210 0.308442 0.905242 0.306818 0.907258 0.306818 0.913306 0.305195 0.915323 0.305195 0.921371 0.303571 0.923387 0.303571 0.929435 0.306818 0.933468 0.303571 0.937500 0.303571 0.961694 0.305195 0.961694 0.306818 0.963710 0.349026 0.963710 0.350649 0.961694 0.352273 0.961694 0.353896 0.959677 0.353896 0.937500 0.352273 0.935484 0.342532 0.935484 0.340909 0.933468 0.342532 0.931452 0.352273 0.931452 0.353896 0.929435 0.353896 0.923387 0.352273 0.921371 0.352273 0.915323 0.350649 0.913306 0.350649 0.909274 0.349026 0.907258 0.349026 0.903226 0.347403 0.901210 0.345779 0.901210 0.344156 0.899194
9 0.569205 0.997923 0.569984 0.989698 0.362386 0.934556 0.363166 0.946633
9 0.597955 0.126653 0.597468 0.117379 0.467922 0.114980 0.468247 0.122621
9 0.408961 0.264395 0.408036 0.257641 0.000000 0.344758 0.000000 0.351250
7 0.598815 0.140101 0.594643 0.127802 0.000000 0.318831 0.000000 0.325060
7 0.294156 0.906391 0.296964 0.897298 0.000519 0.633629 0.001006 0.644698
