9 0.488172 0.462681 0.455069 0.189117 0.451945 0.189369 0.485547 0.464890
4 0.202976 0.498423 0.201913 0.500000 0.194474 0.500000 0.194474 0.501577 0.193411 0.503155 0.193411 0.511041 0.192349 0.512618 0.192349 0.523659 0.191286 0.525237 0.191286 0.526814 0.192349 0.528391 0.192349 0.544164 0.191286 0.545741 0.191286 0.550473 0.192349 0.552050 0.192349 0.553628 0.226355 0.553628 0.227418 0.552050 0.227418 0.517350 0.226355 0.515773 0.226355 0.511041 0.225292 0.509464 0.225292 0.504732 0.224230 0.503155 0.224230 0.501577 0.223167 0.500000 0.208289 0.500000 0.207226 0.498423
2 0.704570 0.146688 0.703507 0.148265 0.703507 0.149842 0.702444 0.151420 0.702444 0.156151 0.701382 0.157729 0.701382 0.160883 0.700319 0.162461 0.700319 0.194006 0.701382 0.195584 0.703507 0.195584 0.704570 0.197161 0.706695 0.197161 0.707758 0.195584 0.732200 0.195584 0.732200 0.181388 0.731137 0.179811 0.731137 0.175079 0.732200 0.173502 0.732200 0.160883 0.731137 0.159306 0.731137 0.152997 0.730074 0.151420 0.730074 0.149842 0.729012 0.148265 0.726886 0.148265 0.725824 0.146688 0.709883 0.146688 0.708820 0.148265 0.707758 0.146688
9 0.005494 0.094890 0.005282 0.100252 0.427279 0.155379 0.426950 0.150741
9 0.632752 0.398155 0.631413 0.400978 0.470691 0.187729 0.472062 0.183943
9 0.694665 0.167161 0.694750 0.172855 0.471594 0.159905 0.471594 0.155647
2 0.477152 0.473186 0.477152 0.476341 0.476089 0.477918 0.476089 0.484227 0.473964 0.487382 0.473964 0.520505 0.475027 0.522082 0.504782 0.522082 0.505845 0.520505 0.505845 0.512618 0.506908 0.511041 0.506908 0.506309 0.505845 0.504732 0.505845 0.493691 0.506908 0.492114 0.506908 0.490536 0.505845 0.488959 0.505845 0.485804 0.504782 0.484227 0.504782 0.477918 0.503719 0.476341 0.503719 0.474763 0.502657 0.473186
4 0.645058 0.406940 0.643996 0.408517 0.641870 0.408517 0.639745 0.411672 0.639745 0.413249 0.638682 0.414826 0.638682 0.417981 0.639745 0.419558 0.638682 0.421136 0.638682 0.433754 0.637620 0.435331 0.637620 0.462145 0.638682 0.463722 0.640808 0.463722 0.641870 0.462145 0.656748 0.462145 0.657811 0.460568 0.668438 0.460568 0.669501 0.462145 0.670563 0.460568 0.673751 0.460568 0.674814 0.458991 0.674814 0.427445 0.673751 0.425868 0.673751 0.417981 0.672689 0.416404 0.672689 0.408517 0.671626 0.408517 0.670563 0.406940
7 0.431243 0.191325 0.425292 0.186751 0.229118 0.489905 0.233794 0.494006
3 0.432519 0.129338 0.432519 0.130915 0.433581 0.132492 0.433581 0.137224 0.432519 0.138801 0.432519 0.140379 0.431456 0.141956 0.431456 0.143533 0.429330 0.146688 0.429330 0.148265 0.427205 0.151420 0.427205 0.154574 0.428268 0.156151 0.428268 0.159306 0.429330 0.160883 0.429330 0.162461 0.431456 0.165615 0.430393 0.167192 0.430393 0.176656 0.429330 0.178233 0.429330 0.181388 0.430393 0.182965 0.432519 0.182965 0.433581 0.181388 0.461211 0.181388 0.462274 0.179811 0.463337 0.179811 0.464400 0.181388 0.467588 0.181388 0.466525 0.179811 0.466525 0.175079 0.467588 0.173502 0.467588 0.164038 0.468650 0.162461 0.468650 0.160883 0.469713 0.159306 0.468650 0.157729 0.468650 0.151420 0.467588 0.149842 0.467588 0.145110 0.466525 0.143533 0.466525 0.141956 0.464400 0.138801 0.464400 0.137224 0.463337 0.135647 0.466525 0.130915 0.469713 0.130915 0.469713 0.129338 0.448459 0.129338 0.447396 0.130915 0.441020 0.130915 0.439957 0.129338
