4 0.528162 0.067823 0.527099 0.069401 0.527099 0.070978 0.526036 0.072555 0.526036 0.078864 0.524973 0.080442 0.524973 0.085174 0.523911 0.086751 0.523911 0.093060 0.524973 0.094637 0.523911 0.096215 0.523911 0.116719 0.524973 0.118297 0.552604 0.118297 0.553666 0.116719 0.555792 0.116719 0.556854 0.115142 0.556854 0.097792 0.555792 0.096215 0.555792 0.093060 0.556854 0.091483 0.556854 0.086751 0.555792 0.085174 0.555792 0.080442 0.554729 0.078864 0.554729 0.075710 0.553666 0.074132 0.553666 0.070978 0.552604 0.069401 0.552604 0.067823
7 0.564113 0.108470 0.561063 0.114905 0.768321 0.295899 0.770308 0.281672
6 0.204378 0.777681 0.208512 0.778328 0.208810 0.979653 0.204761 0.979164
6 0.230691 0.742303 0.230372 0.747350 0.482380 0.744338 0.482380 0.736767
6 0.501148 0.773533 0.507311 0.773691 0.507194 0.976909 0.501243 0.978328
6 0.526950 0.735710 0.526844 0.741546 0.919894 0.737808 0.919681 0.730710
6 0.919373 0.715804 0.919671 0.700915 0.684825 0.471483 0.684198 0.481246
6 0.816142 0.309558 0.815569 0.318407 0.984984 0.347760 0.985930 0.336735
9 0.876525 0.042287 0.874102 0.049148 0.996759 0.210536 0.996100 0.201041
9 0.989702 0.637287 0.987365 0.633344 0.955909 0.697539 0.960266 0.700379
4 0.642933 0.422713 0.642933 0.424290 0.641870 0.425868 0.640808 0.424290 0.638682 0.424290 0.637620 0.425868 0.637620 0.427445 0.638682 0.429022 0.638682 0.430599 0.639745 0.432177 0.638682 0.433754 0.638682 0.435331 0.637620 0.436909 0.637620 0.474763 0.643996 0.474763 0.645058 0.476341 0.646121 0.476341 0.647184 0.474763 0.672689 0.474763 0.673751 0.473186 0.673751 0.470032 0.674814 0.468454 0.674814 0.455836 0.673751 0.454259 0.673751 0.444795 0.674814 0.443218 0.673751 0.441640 0.673751 0.433754 0.672689 0.432177 0.672689 0.429022 0.671626 0.427445 0.671626 0.424290 0.670563 0.424290 0.669501 0.422713
1 0.510096 0.712934 0.509033 0.714511 0.490967 0.714511 0.488842 0.717666 0.488842 0.722397 0.487779 0.723975 0.487779 0.728707 0.486716 0.730284 0.486716 0.747634 0.485654 0.749211 0.485654 0.753943 0.486716 0.755521 0.486716 0.758675 0.485654 0.760252 0.485654 0.763407 0.486716 0.764984 0.487779 0.764984 0.488842 0.766562 0.490967 0.766562 0.492030 0.764984 0.505845 0.764984 0.506908 0.766562 0.510096 0.766562 0.511158 0.764984 0.518597 0.764984 0.519660 0.763407 0.519660 0.757098 0.518597 0.755521 0.518597 0.747634 0.519660 0.746057 0.519660 0.727129 0.518597 0.725552 0.518597 0.722397 0.517535 0.720820 0.517535 0.714511 0.516472 0.712934
3 0.837407 0.000000 0.837407 0.020505 0.836344 0.022082 0.836344 0.036278 0.837407 0.037855 0.837407 0.039432 0.868225 0.039432 0.869288 0.037855 0.869288 0.022082 0.868225 0.020505 0.868225 0.004732 0.867163 0.003155 0.867163 0.000000
3 0.922423 0.706625 0.924548 0.709779 0.924548 0.714511 0.925611 0.716088 0.925611 0.717666 0.924548 0.719243 0.924548 0.723975 0.922423 0.727129 0.922423 0.731861 0.923486 0.733438 0.923486 0.736593 0.922423 0.738170 0.922423 0.752366 0.921360 0.753943 0.921360 0.758675 0.922423 0.760252 0.957492 0.760252 0.958555 0.758675 0.959617 0.758675 0.959617 0.755521 0.958555 0.753943 0.958555 0.727129 0.957492 0.725552 0.957492 0.719243 0.956429 0.717666 0.956429 0.708202 0.955367 0.706625 0.943677 0.706625 0.942614 0.708202 0.940489 0.708202 0.939426 0.706625 0.934113 0.706625 0.933050 0.708202 0.929862 0.708202 0.928799 0.706625
3 0.795962 0.282334 0.794899 0.283912 0.778959 0.283912 0.776833 0.287066 0.776833 0.293375 0.775770 0.294953 0.775770 0.298107 0.774708 0.299685 0.774708 0.331230 0.775770 0.332808 0.806589 0.332808 0.806589 0.331230 0.807651 0.329653 0.807651 0.312303 0.806589 0.310726 0.806589 0.296530 0.805526 0.294953 0.805526 0.290221 0.804463 0.288644 0.804463 0.285489 0.803401 0.283912 0.801275 0.283912 0.800213 0.282334
1 0.191286 0.722397 0.191286 0.731861 0.190223 0.733438 0.190223 0.738170 0.189160 0.739748 0.189160 0.742902 0.190223 0.744479 0.190223 0.747634 0.189160 0.749211 0.189160 0.750789 0.188098 0.752366 0.185972 0.752366 0.187035 0.753943 0.187035 0.755521 0.188098 0.757098 0.185972 0.760252 0.185972 0.766562 0.188098 0.769716 0.190223 0.769716 0.191286 0.771293 0.222104 0.771293 0.223167 0.769716 0.224230 0.769716 0.224230 0.753943 0.223167 0.752366 0.224230 0.750789 0.224230 0.747634 0.225292 0.746057 0.224230 0.744479 0.224230 0.739748 0.223167 0.738170 0.223167 0.735016 0.222104 0.733438 0.222104 0.728707 0.221041 0.727129 0.221041 0.723975 0.219979 0.722397 0.219979 0.720820 0.221041 0.719243 0.221041 0.717666 0.213603 0.717666 0.212540 0.719243 0.194474 0.719243 0.193411 0.720820 0.192349 0.720820 0.191286 0.722397 0.185972 0.717666 0.184910 0.717666 0.185972 0.717666
