1 0.895855 0.111987 0.894793 0.113565 0.893730 0.113565 0.891605 0.116719 0.891605 0.124606 0.890542 0.126183 0.890542 0.127760 0.889479 0.129338 0.889479 0.137224 0.888417 0.138801 0.888417 0.145110 0.889479 0.146688 0.888417 0.148265 0.888417 0.152997 0.887354 0.154574 0.887354 0.160883 0.888417 0.162461 0.888417 0.164038 0.889479 0.165615 0.896918 0.165615 0.897981 0.164038 0.914984 0.164038 0.916047 0.165615 0.922423 0.165615 0.923486 0.164038 0.924548 0.164038 0.924548 0.148265 0.923486 0.146688 0.923486 0.135647 0.924548 0.134069 0.924548 0.130915 0.923486 0.129338 0.923486 0.127760 0.922423 0.126183 0.922423 0.124606 0.921360 0.123028 0.921360 0.121451 0.920298 0.119874 0.920298 0.115142 0.919235 0.113565 0.919235 0.111987 0.901169 0.111987 0.900106 0.113565 0.899044 0.113565 0.897981 0.111987
4 0.778959 0.288644 0.777896 0.290221 0.774708 0.290221 0.773645 0.291798 0.773645 0.298107 0.772582 0.299685 0.772582 0.302839 0.771520 0.304416 0.771520 0.309148 0.770457 0.310726 0.770457 0.312303 0.771520 0.313880 0.771520 0.324921 0.770457 0.326498 0.770457 0.340694 0.771520 0.342271 0.806589 0.342271 0.806589 0.340694 0.807651 0.339117 0.806589 0.337539 0.806589 0.304416 0.805526 0.302839 0.805526 0.301262 0.804463 0.299685 0.804463 0.294953 0.803401 0.293375 0.803401 0.290221 0.802338 0.288644 0.793836 0.288644 0.792774 0.290221 0.783209 0.290221 0.782147 0.288644
2 0.720510 0.747634 0.719447 0.749211 0.718385 0.749211 0.716259 0.752366 0.716259 0.757098 0.715197 0.758675 0.715197 0.780757 0.714134 0.782334 0.714134 0.794953 0.716259 0.798107 0.725824 0.798107 0.726886 0.796530 0.731137 0.796530 0.732200 0.798107 0.743889 0.798107 0.744952 0.796530 0.746015 0.796530 0.746015 0.771293 0.747078 0.769716 0.747078 0.768139 0.746015 0.766562 0.746015 0.761830 0.744952 0.760252 0.744952 0.755521 0.743889 0.753943 0.743889 0.750789 0.742827 0.749211 0.738576 0.749211 0.737513 0.747634 0.734325 0.747634 0.733262 0.749211 0.721573 0.749211
2 0.566419 0.618297 0.565356 0.619874 0.565356 0.621451 0.564293 0.623028 0.564293 0.627760 0.563231 0.629338 0.563231 0.634069 0.562168 0.635647 0.562168 0.665615 0.563231 0.667192 0.594049 0.667192 0.595112 0.665615 0.595112 0.645110 0.594049 0.643533 0.594049 0.640379 0.595112 0.638801 0.595112 0.635647 0.594049 0.634069 0.594049 0.630915 0.592986 0.629338 0.592986 0.624606 0.591923 0.623028 0.591923 0.621451 0.590861 0.619874 0.590861 0.618297
2 0.849097 0.889590 0.846971 0.892744 0.846971 0.899054 0.845909 0.900631 0.845909 0.906940 0.844846 0.908517 0.844846 0.916404 0.845909 0.917981 0.845909 0.922713 0.844846 0.924290 0.844846 0.932177 0.845909 0.933754 0.869288 0.933754 0.870351 0.935331 0.875664 0.935331 0.877790 0.932177 0.877790 0.903785 0.876727 0.902208 0.876727 0.899054 0.875664 0.897476 0.875664 0.892744 0.873539 0.889590
4 0.646121 0.435331 0.645058 0.436909 0.642933 0.436909 0.641870 0.438486 0.640808 0.438486 0.639745 0.436909 0.638682 0.436909 0.638682 0.440063 0.639745 0.441640 0.639745 0.449527 0.638682 0.451104 0.638682 0.474763 0.637620 0.476341 0.637620 0.485804 0.638682 0.487382 0.638682 0.488959 0.639745 0.488959 0.640808 0.490536 0.672689 0.490536 0.674814 0.487382 0.674814 0.473186 0.673751 0.471609 0.673751 0.462145 0.674814 0.460568 0.674814 0.454259 0.673751 0.452681 0.673751 0.451104 0.672689 0.449527 0.672689 0.446372 0.671626 0.444795 0.671626 0.441640 0.672689 0.440063 0.672689 0.438486 0.671626 0.436909 0.668438 0.436909 0.667375 0.435331 0.663124 0.435331 0.662062 0.436909 0.660999 0.435331
6 0.984272 0.643849 0.985335 0.633912 0.751753 0.758044 0.754942 0.763722
6 0.973220 0.570978 0.973326 0.580757 0.684272 0.475868 0.685122 0.468454
6 0.984485 0.391956 0.984803 0.384543 0.812965 0.319716 0.812540 0.329180
9 0.984740 0.714653 0.985260 0.706987 0.879989 0.878486 0.882752 0.880994
6 0.984368 0.612035 0.984368 0.607776 0.601063 0.635962 0.601063 0.643139
6 0.985122 0.210410 0.984910 0.200473 0.929968 0.154101 0.930606 0.163722
