6 0.080606 0.135457 0.076780 0.128991 0.000000 0.201009 0.000000 0.214148
4 0.805526 0.730284 0.804463 0.731861 0.804463 0.733438 0.803401 0.735016 0.803401 0.739748 0.802338 0.741325 0.802338 0.746057 0.801275 0.747634 0.801275 0.755521 0.802338 0.757098 0.802338 0.758675 0.801275 0.760252 0.801275 0.779180 0.802338 0.780757 0.831031 0.780757 0.832094 0.779180 0.833156 0.779180 0.834219 0.777603 0.834219 0.760252 0.833156 0.758675 0.833156 0.753943 0.834219 0.752366 0.834219 0.750789 0.833156 0.749211 0.833156 0.742902 0.832094 0.741325 0.832094 0.738170 0.831031 0.736593 0.831031 0.733438 0.828905 0.730284 0.820404 0.730284 0.819341 0.731861 0.816153 0.731861 0.815090 0.730284
4 0.639745 0.421136 0.638682 0.422713 0.638682 0.447950 0.637620 0.449527 0.638682 0.451104 0.638682 0.455836 0.637620 0.457413 0.637620 0.465300 0.638682 0.466877 0.638682 0.473186 0.639745 0.474763 0.640808 0.474763 0.641870 0.476341 0.646121 0.476341 0.647184 0.474763 0.673751 0.474763 0.674814 0.473186 0.674814 0.451104 0.673751 0.449527 0.673751 0.432177 0.674814 0.430599 0.674814 0.421136 0.671626 0.421136 0.670563 0.422713 0.666312 0.422713 0.665250 0.421136 0.663124 0.421136 0.662062 0.422713 0.660999 0.421136 0.655685 0.421136 0.654623 0.422713 0.652497 0.422713 0.651435 0.421136
2 0.058448 0.545741 0.056323 0.548896 0.056323 0.555205 0.055260 0.556782 0.055260 0.563091 0.054198 0.564669 0.054198 0.566246 0.055260 0.567823 0.055260 0.577287 0.054198 0.578864 0.054198 0.586751 0.053135 0.588328 0.054198 0.589905 0.054198 0.593060 0.055260 0.594637 0.086079 0.594637 0.087141 0.593060 0.087141 0.563091 0.086079 0.561514 0.086079 0.558360 0.085016 0.556782 0.085016 0.552050 0.083953 0.550473 0.083953 0.547319 0.082891 0.547319 0.081828 0.545741 0.073326 0.545741 0.072264 0.547319 0.071201 0.547319 0.070138 0.545741
1 0.154091 0.947950 0.153029 0.949527 0.138151 0.949527 0.136026 0.952681 0.136026 0.957413 0.134963 0.958991 0.134963 0.965300 0.133900 0.966877 0.133900 0.970032 0.134963 0.971609 0.134963 0.974763 0.133900 0.976341 0.133900 0.998423 0.166844 0.998423 0.166844 0.995268 0.165781 0.993691 0.165781 0.960568 0.164718 0.958991 0.164718 0.955836 0.163656 0.954259 0.163656 0.951104 0.162593 0.949527 0.158342 0.949527 0.157279 0.947950
3 0.688629 0.041009 0.687566 0.042587 0.669501 0.042587 0.668438 0.044164 0.668438 0.048896 0.667375 0.050473 0.667375 0.056782 0.666312 0.058360 0.666312 0.089905 0.668438 0.093060 0.683316 0.093060 0.684378 0.094637 0.688629 0.094637 0.689692 0.093060 0.695005 0.093060 0.696068 0.094637 0.697131 0.093060 0.699256 0.093060 0.699256 0.091483 0.700319 0.089905 0.700319 0.085174 0.699256 0.083596 0.699256 0.058360 0.698193 0.056782 0.698193 0.050473 0.697131 0.048896 0.697131 0.047319 0.696068 0.045741 0.696068 0.044164 0.695005 0.042587 0.690755 0.042587 0.689692 0.041009
3 0.289054 0.053628 0.287991 0.055205 0.277365 0.055205 0.276302 0.056782 0.272051 0.056782 0.270988 0.055205 0.261424 0.055205 0.260361 0.056782 0.260361 0.066246 0.257173 0.070978 0.257173 0.072555 0.256111 0.074132 0.256111 0.080442 0.255048 0.082019 0.255048 0.083596 0.256111 0.085174 0.256111 0.097792 0.257173 0.099369 0.257173 0.100946 0.255048 0.104101 0.255048 0.108833 0.256111 0.110410 0.257173 0.108833 0.259299 0.108833 0.260361 0.107256 0.292242 0.107256 0.293305 0.105678 0.294368 0.105678 0.293305 0.104101 0.293305 0.086751 0.294368 0.085174 0.294368 0.077287 0.293305 0.075710 0.293305 0.072555 0.292242 0.070978 0.292242 0.069401 0.291180 0.067823 0.291180 0.059937 0.293305 0.056782 0.294368 0.056782 0.294368 0.053628
2 0.087141 0.083596 0.086079 0.085174 0.086079 0.086751 0.085016 0.088328 0.085016 0.091483 0.083953 0.093060 0.083953 0.096215 0.082891 0.097792 0.082891 0.105678 0.083953 0.107256 0.083953 0.108833 0.082891 0.110410 0.082891 0.130915 0.083953 0.132492 0.114772 0.132492 0.114772 0.094637 0.113709 0.093060 0.113709 0.088328 0.112646 0.086751 0.112646 0.085174 0.111583 0.085174 0.110521 0.083596
9 0.254006 0.106656 0.254006 0.098328 0.000000 0.326609 0.000000 0.336688
9 0.298523 0.078407 0.298842 0.085174 0.661190 0.072776 0.661296 0.065678
9 0.298948 0.091877 0.298735 0.097713 0.871541 0.431309 0.872391 0.424054
7 0.299001 0.101404 0.298257 0.108044 0.634825 0.430521 0.635452 0.420268
9 0.295898 0.113517 0.291063 0.115000 0.523039 0.546262 0.526546 0.542319
9 0.000000 0.409401 0.000138 0.407192 0.581498 0.000000 0.589639 0.000000 0.596546 0.000994 0.000000 0.415268
9 0.000191 0.632666 0.000085 0.643549 0.133135 0.939479 0.134368 0.930347
2 0.889479 0.414826 0.888417 0.416404 0.879915 0.416404 0.879915 0.417981 0.878852 0.419558 0.878852 0.424290 0.877790 0.425868 0.877790 0.449527 0.876727 0.451104 0.876727 0.462145 0.878852 0.465300 0.907545 0.465300 0.909671 0.462145 0.909671 0.449527 0.908608 0.447950 0.908608 0.440063 0.909671 0.438486 0.909671 0.433754 0.908608 0.432177 0.908608 0.427445 0.907545 0.425868 0.907545 0.419558 0.906482 0.417981 0.905420 0.417981 0.904357 0.416404 0.894793 0.416404 0.893730 0.414826
9 0.050032 0.581546 0.047906 0.568943 0.000000 0.584401 0.000000 0.590158 0.000064 0.590789
2 0.529224 0.552050 0.527099 0.555205 0.527099 0.558360 0.526036 0.559937 0.526036 0.567823 0.524973 0.569401 0.524973 0.600946 0.556854 0.600946 0.556854 0.597792 0.557917 0.596215 0.557917 0.594637 0.556854 0.593060 0.556854 0.574132 0.557917 0.572555 0.556854 0.570978 0.556854 0.563091 0.555792 0.561514 0.555792 0.555205 0.554729 0.553628 0.553666 0.553628 0.552604 0.552050
9 0.472944 0.798502 0.468257 0.795820 0.714208 0.000000 0.718990 0.000000
6 0.253847 0.090047 0.254166 0.083896 0.119926 0.102571 0.119926 0.108565
