3 0.599362 0.791798 0.598300 0.793375 0.598300 0.807571 0.599362 0.809148 0.598300 0.810726 0.598300 0.821767 0.597237 0.823344 0.597237 0.845426 0.599362 0.848580 0.603613 0.848580 0.604676 0.847003 0.615303 0.847003 0.616366 0.848580 0.622742 0.848580 0.623804 0.847003 0.633369 0.847003 0.634431 0.848580 0.635494 0.847003 0.636557 0.847003 0.637620 0.845426 0.637620 0.842271 0.636557 0.840694 0.636557 0.831230 0.637620 0.829653 0.637620 0.791798 0.607864 0.791798 0.606801 0.793375 0.605739 0.791798
2 0.000000 0.746057 0.000000 0.796530 0.012752 0.796530 0.013815 0.794953 0.014878 0.794953 0.014878 0.793375 0.015940 0.791798 0.015940 0.771293 0.014878 0.769716 0.014878 0.763407 0.013815 0.761830 0.013815 0.758675 0.012752 0.757098 0.012752 0.752366 0.009564 0.747634 0.007439 0.747634 0.006376 0.746057
6 0.955250 0.754401 0.955781 0.758344 0.984718 0.759227 0.984825 0.754968
6 0.937460 0.786104 0.934336 0.787161 0.950128 0.934590 0.952997 0.933644
6 0.379596 0.509306 0.377938 0.515962 0.595962 0.795899 0.596493 0.785331
6 0.333688 0.491640 0.334963 0.483596 0.009033 0.496530 0.008927 0.504416
9 0.628693 0.852208 0.634750 0.852050 0.680457 0.979558 0.676631 0.979558
9 0.655898 0.486909 0.651966 0.486751 0.622582 0.764953 0.625866 0.764953
9 0.498512 0.519558 0.492657 0.519858 0.597662 0.773707 0.598225 0.766940
6 0.596302 0.827161 0.596174 0.821767 0.057917 0.923659 0.059320 0.932539
6 0.596599 0.819874 0.596706 0.813880 0.020935 0.766719 0.021254 0.777129
6 0.612582 0.852776 0.609447 0.852003 0.583741 0.966893 0.586206 0.967618
6 0.640925 0.812760 0.641031 0.817650 0.911382 0.760946 0.911095 0.756088
2 0.921360 0.728707 0.920298 0.730284 0.919235 0.730284 0.918172 0.731861 0.918172 0.738170 0.917109 0.739748 0.917109 0.746057 0.916047 0.747634 0.917109 0.749211 0.917109 0.753943 0.916047 0.755521 0.916047 0.777603 0.917109 0.777603 0.918172 0.779180 0.921360 0.779180 0.922423 0.777603 0.941552 0.777603 0.942614 0.779180 0.945802 0.779180 0.946865 0.777603 0.947928 0.777603 0.947928 0.755521 0.948990 0.753943 0.948990 0.752366 0.947928 0.750789 0.947928 0.741325 0.946865 0.739748 0.946865 0.731861 0.945802 0.730284 0.944740 0.730284 0.943677 0.728707
4 0.637620 0.419558 0.637620 0.435331 0.636557 0.436909 0.636557 0.476341 0.637620 0.477918 0.646121 0.477918 0.647184 0.476341 0.672689 0.476341 0.673751 0.474763 0.674814 0.474763 0.675877 0.473186 0.675877 0.451104 0.674814 0.449527 0.675877 0.447950 0.675877 0.443218 0.674814 0.441640 0.674814 0.430599 0.675877 0.429022 0.675877 0.427445 0.676939 0.425868 0.676939 0.421136 0.670563 0.421136 0.669501 0.422713 0.668438 0.422713 0.667375 0.421136 0.643996 0.421136 0.642933 0.419558
2 0.343252 0.462145 0.341126 0.465300 0.341126 0.471609 0.340064 0.473186 0.340064 0.484227 0.339001 0.485804 0.339001 0.509464 0.340064 0.511041 0.369819 0.511041 0.370882 0.509464 0.370882 0.474763 0.369819 0.473186 0.369819 0.466877 0.368757 0.465300 0.368757 0.462145
2 0.024442 0.910095 0.022317 0.913249 0.022317 0.916404 0.021254 0.917981 0.021254 0.924290 0.020191 0.925868 0.020191 0.957413 0.021254 0.958991 0.052072 0.958991 0.052072 0.957413 0.053135 0.955836 0.053135 0.947950 0.052072 0.946372 0.052072 0.936909 0.053135 0.935331 0.053135 0.927445 0.052072 0.925868 0.052072 0.921136 0.051010 0.919558 0.051010 0.914826 0.047821 0.910095
