6 0.812147 0.574353 0.810871 0.566782 0.713039 0.667476 0.712827 0.678833
6 0.681371 0.429022 0.680946 0.423044 1.000000 0.309306 1.000000 0.315379 0.999989 0.315647
6 0.809766 0.201530 0.803921 0.203423 0.920308 0.805079 0.923071 0.802871
6 0.821488 0.001593 0.814208 0.001593 0.923294 0.803470 0.925845 0.802808
2 0.390011 0.350158 0.390011 0.351735 0.388948 0.353312 0.388948 0.358044 0.387885 0.359621 0.387885 0.365931 0.386823 0.367508 0.386823 0.370662 0.387885 0.372240 0.387885 0.380126 0.386823 0.381703 0.386823 0.397476 0.388948 0.397476 0.390011 0.399054 0.417641 0.399054 0.418704 0.397476 0.419766 0.397476 0.419766 0.367508 0.418704 0.365931 0.418704 0.362776 0.417641 0.361199 0.417641 0.356467 0.416578 0.354890 0.416578 0.351735 0.415515 0.350158
6 0.855303 0.534401 0.850404 0.520789 0.999543 0.360079 0.999787 0.368707
6 0.634516 0.445505 0.634888 0.438013 0.390000 0.522902 0.390298 0.530095
6 0.635452 0.477902 0.633539 0.472066 0.522434 0.589416 0.524442 0.597303
6 0.527736 0.622413 0.527843 0.631246 0.669819 0.693470 0.669501 0.682429
6 0.391913 0.550016 0.391700 0.556483 0.864825 0.935363 0.868247 0.931151
6 0.547970 0.000457 0.543613 0.000931 0.539564 0.136956 0.544878 0.137271
6 0.985590 0.635315 0.984261 0.618975 0.937832 0.822855 0.941339 0.823517
9 0.908767 0.872650 0.907535 0.867366 0.683284 0.999937 0.692210 0.999937
6 0.984708 0.682855 0.984920 0.671498 0.941307 0.823975 0.944920 0.823675
9 0.378725 0.566483 0.374176 0.567934 0.494060 1.000000 0.498905 1.000000
9 0.824060 0.519637 0.819596 0.520899 0.648757 0.000000 0.656004 0.000789 0.655792 0.000000
6 0.985430 0.821057 0.985643 0.817429 0.951318 0.839842 0.951424 0.843454
6 0.999245 0.838722 0.998820 0.845820 0.952168 0.855615 0.951849 0.851514
6 0.998820 0.833533 0.999777 0.827681 0.951424 0.846782 0.951530 0.850237
9 0.999851 0.824590 0.999426 0.818123 0.950967 0.843202 0.952232 0.848249
9 0.914878 0.801735 0.912327 0.803312 0.836142 0.574495 0.840499 0.573233
9 0.935579 0.000521 0.931541 0.000363 0.929692 0.806230 0.932030 0.804811
9 0.936419 0.801325 0.934123 0.802839 0.994878 0.000505 0.998395 0.000205
2 0.489904 0.589905 0.488842 0.591483 0.488842 0.593060 0.487779 0.594637 0.487779 0.600946 0.486716 0.602524 0.486716 0.605678 0.485654 0.607256 0.485654 0.638801 0.517535 0.638801 0.518597 0.637224 0.518597 0.632492 0.517535 0.630915 0.517535 0.600946 0.516472 0.599369 0.516472 0.594637 0.515409 0.593060 0.515409 0.591483 0.514346 0.589905 0.510096 0.589905 0.509033 0.591483 0.507970 0.589905
6 0.594984 0.327287 0.595696 0.321593 0.422232 0.366798 0.422338 0.372003
6 0.565250 0.171120 0.563900 0.177508 0.999288 0.279574 0.999830 0.273091
6 0.807460 0.539022 0.807322 0.532050 0.680701 0.458785 0.680276 0.465741
6 0.787205 0.204290 0.781892 0.201451 0.673358 0.412397 0.678672 0.415552
6 0.641520 0.312524 0.640988 0.319621 0.999586 0.299574 0.999904 0.292476
4 0.396387 0.231861 0.394261 0.235016 0.394261 0.236593 0.393199 0.238170 0.393199 0.242902 0.391073 0.246057 0.391073 0.249211 0.390011 0.250789 0.390011 0.283912 0.391073 0.285489 0.408077 0.285489 0.409139 0.283912 0.414453 0.283912 0.415515 0.285489 0.421892 0.285489 0.422954 0.283912 0.424017 0.283912 0.424017 0.282334 0.425080 0.280757 0.425080 0.266562 0.424017 0.264984 0.424017 0.258675 0.425080 0.257098 0.425080 0.252366 0.424017 0.250789 0.424017 0.246057 0.422954 0.244479 0.422954 0.242902 0.421892 0.241325 0.421892 0.239748 0.420829 0.238170 0.420829 0.236593 0.419766 0.235016 0.419766 0.233438 0.397450 0.233438
1 0.547290 0.140379 0.546227 0.141956 0.541977 0.141956 0.540914 0.143533 0.535600 0.143533 0.534538 0.141956 0.532412 0.141956 0.531350 0.143533 0.528162 0.143533 0.527099 0.145110 0.527099 0.146688 0.526036 0.148265 0.526036 0.156151 0.524973 0.157729 0.524973 0.159306 0.522848 0.162461 0.522848 0.164038 0.521785 0.165615 0.521785 0.167192 0.522848 0.168770 0.522848 0.173502 0.523911 0.175079 0.523911 0.187697 0.522848 0.189274 0.522848 0.192429 0.521785 0.194006 0.522848 0.194006 0.523911 0.195584 0.532412 0.195584 0.533475 0.194006 0.555792 0.194006 0.556854 0.195584 0.560043 0.195584 0.561105 0.194006 0.560043 0.192429 0.560043 0.190852 0.558980 0.189274 0.558980 0.187697 0.560043 0.186120 0.560043 0.162461 0.558980 0.160883 0.558980 0.154574 0.557917 0.152997 0.557917 0.151420 0.556854 0.149842 0.556854 0.146688 0.555792 0.145110 0.555792 0.143533 0.554729 0.143533 0.553666 0.141956 0.550478 0.141956 0.549416 0.140379
1 0.606801 0.290221 0.605739 0.291798 0.602550 0.291798 0.601488 0.293375 0.601488 0.301262 0.600425 0.302839 0.600425 0.307571 0.599362 0.309148 0.599362 0.317035 0.600425 0.318612 0.600425 0.320189 0.601488 0.321767 0.600425 0.323344 0.600425 0.335962 0.599362 0.337539 0.599362 0.343849 0.601488 0.343849 0.602550 0.345426 0.603613 0.343849 0.608927 0.343849 0.609989 0.345426 0.616366 0.345426 0.617428 0.343849 0.619554 0.343849 0.620616 0.345426 0.623804 0.345426 0.624867 0.343849 0.635494 0.343849 0.636557 0.342271 0.636557 0.335962 0.635494 0.334385 0.635494 0.317035 0.636557 0.315457 0.636557 0.313880 0.635494 0.312303 0.635494 0.307571 0.633369 0.304416 0.633369 0.296530 0.632306 0.294953 0.632306 0.293375 0.631243 0.291798 0.628055 0.291798 0.626993 0.290221 0.621679 0.290221 0.620616 0.291798 0.615303 0.291798 0.614240 0.290221
2 0.682253 0.673502 0.681190 0.675079 0.676939 0.675079 0.675877 0.676656 0.675877 0.681388 0.674814 0.682965 0.674814 0.689274 0.673751 0.690852 0.673751 0.697161 0.674814 0.698738 0.674814 0.700315 0.673751 0.701893 0.673751 0.722397 0.697131 0.722397 0.698193 0.723975 0.700319 0.723975 0.701382 0.722397 0.705632 0.722397 0.706695 0.720820 0.706695 0.703470 0.705632 0.701893 0.705632 0.698738 0.706695 0.697161 0.706695 0.692429 0.705632 0.690852 0.705632 0.686120 0.704570 0.684543 0.704570 0.678233 0.702444 0.675079 0.701382 0.675079 0.700319 0.673502
2 0.819341 0.523659 0.817216 0.526814 0.817216 0.531546 0.816153 0.533123 0.816153 0.541009 0.815090 0.542587 0.816153 0.544164 0.816153 0.550473 0.815090 0.552050 0.815090 0.570978 0.816153 0.572555 0.846971 0.572555 0.848034 0.570978 0.848034 0.544164 0.846971 0.542587 0.846971 0.533123 0.845909 0.531546 0.845909 0.528391 0.844846 0.526814 0.844846 0.525237 0.843783 0.523659
3 0.799150 0.143533 0.798087 0.145110 0.786397 0.145110 0.786397 0.146688 0.785335 0.148265 0.785335 0.154574 0.784272 0.156151 0.784272 0.175079 0.783209 0.176656 0.783209 0.189274 0.784272 0.190852 0.784272 0.192429 0.785335 0.194006 0.805526 0.194006 0.806589 0.192429 0.815090 0.192429 0.816153 0.190852 0.816153 0.178233 0.815090 0.176656 0.815090 0.168770 0.816153 0.167192 0.816153 0.162461 0.815090 0.160883 0.815090 0.156151 0.814028 0.154574 0.814028 0.148265 0.811902 0.145110 0.810840 0.145110 0.809777 0.143533
3 0.917109 0.832808 0.916047 0.834385 0.914984 0.834385 0.914984 0.835962 0.913921 0.837539 0.913921 0.845426 0.912859 0.847003 0.912859 0.880126 0.914984 0.883281 0.918172 0.883281 0.919235 0.884858 0.920298 0.883281 0.944740 0.883281 0.946865 0.880126 0.946865 0.870662 0.947928 0.869085 0.946865 0.867508 0.946865 0.856467 0.947928 0.854890 0.947928 0.848580 0.946865 0.847003 0.946865 0.845426 0.945802 0.843849 0.945802 0.839117 0.944740 0.837539 0.944740 0.835962 0.943677 0.834385 0.943677 0.832808
3 0.383634 0.503155 0.382572 0.504732 0.381509 0.504732 0.380446 0.506309 0.359192 0.506309 0.358130 0.507886 0.348565 0.507886 0.348565 0.509464 0.349628 0.511041 0.349628 0.515773 0.348565 0.517350 0.348565 0.550473 0.347503 0.552050 0.347503 0.555205 0.348565 0.556782 0.348565 0.559937 0.349628 0.559937 0.350691 0.561514 0.357067 0.561514 0.358130 0.559937 0.381509 0.559937 0.382572 0.561514 0.383634 0.561514 0.384697 0.559937 0.384697 0.548896 0.385760 0.547319 0.385760 0.515773 0.384697 0.514196 0.385760 0.512618 0.385760 0.509464 0.386823 0.507886 0.385760 0.506309 0.385760 0.504732 0.384697 0.503155
2 0.638682 0.421136 0.638682 0.436909 0.637620 0.438486 0.637620 0.473186 0.638682 0.474763 0.672689 0.474763 0.673751 0.473186 0.674814 0.473186 0.674814 0.427445 0.675877 0.425868 0.674814 0.424290 0.674814 0.421136 0.670563 0.421136 0.669501 0.422713 0.668438 0.421136 0.655685 0.421136 0.654623 0.422713 0.643996 0.422713 0.642933 0.421136
6 0.595494 0.315647 0.595494 0.309054 0.430298 0.260931 0.429607 0.269038
6 0.914772 0.000457 0.907120 0.000457 0.983815 0.149022 0.984304 0.136073
6 0.985749 0.709148 0.985324 0.698612 0.942784 0.823596 0.946769 0.823186
6 0.984570 0.751735 0.985207 0.742271 0.946684 0.822823 0.950404 0.823139
6 0.985048 0.783076 0.984623 0.774874 0.951573 0.823927 0.951892 0.827871
6 0.984835 0.799038 0.985207 0.790268 0.951392 0.832066 0.951637 0.837539
6 0.985324 0.814274 0.985643 0.810016 0.951530 0.838896 0.951849 0.841719
