6 0.766419 0.914196 0.766844 0.905205 0.650266 0.976814 0.662062 0.977287
9 0.807875 0.514132 0.803730 0.513502 0.790499 0.841830 0.793156 0.838360
9 0.999171 0.786498 0.999277 0.781767 0.811520 0.880584 0.812051 0.885000
4 0.918172 0.509464 0.918172 0.512618 0.917109 0.514196 0.917109 0.518927 0.916047 0.520505 0.916047 0.525237 0.914984 0.526814 0.914984 0.533123 0.916047 0.534700 0.916047 0.537855 0.914984 0.539432 0.914984 0.556782 0.916047 0.558360 0.946865 0.558360 0.947928 0.556782 0.947928 0.526814 0.946865 0.525237 0.946865 0.522082 0.945802 0.520505 0.945802 0.515773 0.944740 0.514196 0.944740 0.511041 0.943677 0.509464
2 0.277365 0.419558 0.276302 0.421136 0.275239 0.421136 0.275239 0.424290 0.274176 0.425868 0.274176 0.429022 0.273114 0.430599 0.273114 0.435331 0.272051 0.436909 0.272051 0.452681 0.270988 0.454259 0.270988 0.463722 0.272051 0.465300 0.272051 0.466877 0.273114 0.468454 0.302869 0.468454 0.303932 0.466877 0.304995 0.466877 0.304995 0.463722 0.303932 0.462145 0.303932 0.444795 0.304995 0.443218 0.304995 0.436909 0.303932 0.435331 0.303932 0.432177 0.302869 0.430599 0.302869 0.425868 0.301807 0.424290 0.301807 0.422713 0.300744 0.421136 0.299681 0.421136 0.298618 0.419558 0.284803 0.419558 0.283741 0.421136 0.282678 0.421136 0.281615 0.419558
1 0.263549 0.796530 0.262487 0.798107 0.262487 0.801262 0.263549 0.802839 0.263549 0.851735 0.296493 0.851735 0.297556 0.850158 0.300744 0.850158 0.300744 0.832808 0.301807 0.831230 0.301807 0.820189 0.300744 0.818612 0.300744 0.812303 0.299681 0.810726 0.299681 0.805994 0.298618 0.804416 0.302869 0.798107 0.301807 0.798107 0.300744 0.796530 0.297556 0.796530 0.296493 0.798107 0.265675 0.798107 0.264612 0.796530
6 0.920829 0.567287 0.918130 0.566451 0.801977 0.861183 0.805377 0.861656
6 0.669267 0.467871 0.666185 0.468659 0.772359 0.840158 0.775133 0.839054
6 0.311296 0.441546 0.311190 0.445489 0.634644 0.438170 0.635388 0.433123
6 0.290670 0.476735 0.287269 0.476420 0.282242 0.791230 0.286599 0.791388
2 0.638682 0.406940 0.637620 0.408517 0.637620 0.460568 0.638682 0.462145 0.674814 0.462145 0.675877 0.460568 0.675877 0.457413 0.676939 0.455836 0.676939 0.454259 0.675877 0.452681 0.675877 0.441640 0.674814 0.440063 0.674814 0.416404 0.673751 0.414826 0.674814 0.413249 0.674814 0.408517 0.669501 0.408517 0.668438 0.406940
2 0.798087 0.455836 0.797024 0.457413 0.793836 0.457413 0.793836 0.458991 0.792774 0.460568 0.792774 0.465300 0.791711 0.466877 0.791711 0.470032 0.790648 0.471609 0.790648 0.504732 0.792774 0.504732 0.793836 0.506309 0.821467 0.506309 0.823592 0.503155 0.823592 0.498423 0.822529 0.496845 0.822529 0.481073 0.823592 0.479495 0.823592 0.477918 0.822529 0.476341 0.822529 0.468454 0.821467 0.466877 0.821467 0.460568 0.820404 0.458991 0.819341 0.458991 0.818278 0.457413 0.812965 0.457413 0.811902 0.455836 0.809777 0.455836 0.808714 0.457413 0.799150 0.457413
3 0.770457 0.865931 0.769394 0.867508 0.769394 0.900631 0.768332 0.902208 0.769394 0.903785 0.769394 0.914826 0.768332 0.916404 0.768332 0.924290 0.770457 0.927445 0.771520 0.927445 0.772582 0.925868 0.803401 0.925868 0.802444 0.925237 0.806589 0.927445 0.807651 0.925868 0.809777 0.925868 0.809777 0.895899 0.808714 0.894322 0.808714 0.889590 0.807651 0.888013 0.807651 0.884858 0.808714 0.883281 0.808714 0.878549 0.807651 0.876972 0.807651 0.873817 0.808714 0.872240 0.808714 0.870662 0.809777 0.869085 0.808714 0.867508 0.807651 0.867508 0.806589 0.865931 0.794899 0.865931 0.793836 0.867508 0.792774 0.865931 0.780021 0.865931 0.778959 0.867508 0.774708 0.867508 0.773645 0.865931
6 0.306589 0.824132 0.306376 0.830442 0.767258 0.894306 0.767269 0.887855
6 0.813921 0.905205 0.812646 0.897634 0.926886 0.931230 0.909033 0.932650
6 0.953985 0.531861 0.952922 0.522240 0.985335 0.506940 0.985324 0.515536
