1 0.084375 0.606679 0.084375 0.660018 0.120313 0.660018 0.120313 0.606679
2 0.040625 0.18924 0.040625 0.242579 0.0671875 0.242579 0.0671875 0.233303 0.071875 0.226346 0.0765625 0.226346 0.0765625 0.203155 0.071875 0.203155 0.0703125 0.200835 0.0703125 0.18924
4 0.634375 0.42115 0.634375 0.483766 0.651563 0.483766 0.651563 0.476809 0.653125 0.47449 0.6625 0.47449 0.664062 0.476809 0.664062 0.483766 0.670313 0.483766 0.670313 0.476809 0.675 0.469852 0.675 0.435065 0.673438 0.432746 0.673438 0.42115
3 0.653125 0.0408172 0.653125 0.103433 0.689063 0.103433 0.689063 0.0500937 0.684375 0.0500937 0.682813 0.0477745 0.682813 0.0408172
3 0.090625 0.337663 0.090625 0.391002 0.109375 0.391002 0.110937 0.388683 0.117188 0.388683 0.11875 0.391002 0.121875 0.391002 0.123438 0.388683 0.132813 0.388683 0.132813 0.351577 0.128125 0.351577 0.125 0.346939 0.125 0.337663
9 0.58125 0.435065 0.58125 0.437384 0.584375 0.437384 0.585938 0.439703 0.596875 0.439703 0.598437 0.442022 0.626563 0.442022 0.628125 0.439703 0.629687 0.439703 0.628125 0.437384 0.607813 0.437384 0.60625 0.435065 0.58125 0.435065 0.55 0.425789 0.551562 0.428108 0.573438 0.428108 0.575 0.430427 0.578125 0.430427 0.578125 0.432746 0.532813 0.432746 0.429688 0.409555 0.454688 0.409555 0.45625 0.411874 0.457813 0.411874 0.459375 0.414193 0.464063 0.414193 0.465625 0.416512 0.495313 0.416512 0.496875 0.418831 0.514063 0.418831 0.515625 0.42115 0.51875 0.42115 0.51875 0.42347 0.5125 0.42347 0.510938 0.425789 0.507813 0.425789 0.50625 0.42347 0.373437 0.397959 0.375 0.400279 0.392188 0.400279 0.39375 0.402598 0.395313 0.402598 0.395313 0.404917 0.309375 0.391002 0.332813 0.391002 0.334375 0.393321 0.3375 0.393321 0.3375 0.39564 0.290625 0.39564 0.273438 0.381726 0.275 0.384045 0.275 0.386364 0.232813 0.386364 0.23125 0.384045 0.223438 0.384045 0.214062 0.374768 0.214062 0.365492 0.159375 0.365492 0.159375 0.372449 0.160938 0.372449 0.1625 0.374768 0.171875 0.374768 0.173438 0.377087 0.2125 0.377087 0.214062 0.374768 0.223438 0.384045 0.221875 0.381726 0.21875 0.381726 0.220313 0.381726 0.221875 0.379407 0.259375 0.379407 0.260938 0.381726 0.273438 0.381726 0.290625 0.39564 0.289062 0.393321 0.282813 0.393321 0.28125 0.391002 0.279687 0.391002 0.28125 0.388683 0.307813 0.388683 0.309375 0.391002 0.395313 0.404917 0.351562 0.404917 0.35 0.402598 0.342187 0.402598 0.340625 0.400279 0.340625 0.397959 0.373437 0.397959 0.50625 0.42347 0.471875 0.42347 0.470313 0.42115 0.4625 0.42115 0.460938 0.418831 0.459375 0.418831 0.459375 0.416512 0.457813 0.414193 0.4125 0.414193 0.410938 0.411874 0.403125 0.411874 0.401563 0.409555 0.398438 0.409555 0.4 0.407236 0.428125 0.407236 0.429688 0.409555 0.532813 0.432746 0.53125 0.430427 0.523438 0.430427 0.521875 0.428108 0.520312 0.428108 0.521875 0.425789 0.55 0.425789
9 0.0796875 0.356216 0.0796875 0.372449 0.084375 0.372449 0.084375 0.356216
3 0.334375 0 0.334375 0.0199453 0.370313 0.0199453 0.370313 0
9 0.103125 0.393321 0.103125 0.495362 0.114063 0.495362 0.114063 0.393321
6 0.003125 0.207793 0.003125 0.224027 0.0390625 0.224027 0.0390625 0.207793
6 0.0421875 0.625232 0.0421875 0.641465 0.0828125 0.641465 0.0828125 0.625232
