6 0.985058 0.466215 0.985696 0.460221 0.968268 0.460063 0.969012 0.466372
2 0.937301 0.741325 0.935175 0.744479 0.935175 0.749211 0.934113 0.750789 0.934113 0.755521 0.933050 0.757098 0.933050 0.760252 0.934113 0.761830 0.934113 0.768139 0.933050 0.769716 0.933050 0.788644 0.934113 0.790221 0.940489 0.790221 0.941552 0.791798 0.943677 0.791798 0.944740 0.790221 0.948990 0.790221 0.950053 0.791798 0.954304 0.791798 0.955367 0.790221 0.964931 0.790221 0.964931 0.788644 0.965994 0.787066 0.964931 0.785489 0.964931 0.777603 0.965994 0.776025 0.965994 0.764984 0.964931 0.763407 0.964931 0.753943 0.963868 0.752366 0.963868 0.747634 0.962806 0.746057 0.962806 0.742902 0.960680 0.742902 0.959617 0.741325
3 0.965994 0.438486 0.965994 0.438486 0.962806 0.441640 0.960680 0.438486 0.956429 0.438486 0.955367 0.436909 0.954304 0.436909 0.953241 0.438486 0.933050 0.438486 0.931987 0.440063 0.931987 0.443218 0.930925 0.444795 0.930925 0.447950 0.929862 0.449527 0.929862 0.452681 0.928799 0.454259 0.928799 0.460568 0.929862 0.462145 0.929862 0.463722 0.928799 0.465300 0.928799 0.466877 0.929862 0.468454 0.929862 0.476341 0.928799 0.477918 0.928799 0.479495 0.929862 0.481073 0.929862 0.487382 0.930925 0.488959 0.948990 0.488959 0.950053 0.490536 0.963868 0.490536 0.964931 0.488959 0.964931 0.487382 0.965994 0.485804 0.965994 0.462145 0.964931 0.460568 0.964931 0.454259 0.963868 0.452681 0.963868 0.451104 0.962806 0.449527 0.962806 0.441640
4 0.640808 0.682965 0.640808 0.708202 0.641870 0.709779 0.641870 0.714511 0.640808 0.716088 0.640808 0.736593 0.641870 0.738170 0.676939 0.738170 0.679065 0.735016 0.679065 0.733438 0.678002 0.731861 0.678002 0.720820 0.679065 0.719243 0.679065 0.714511 0.678002 0.712934 0.678002 0.709779 0.679065 0.708202 0.679065 0.705047 0.678002 0.703470 0.678002 0.694006 0.676939 0.692429 0.676939 0.682965 0.670563 0.682965 0.669501 0.684543 0.668438 0.684543 0.667375 0.682965 0.663124 0.682965 0.662062 0.684543 0.660999 0.684543 0.659936 0.682965
4 0.643996 0.449527 0.640808 0.454259 0.640808 0.455836 0.639745 0.457413 0.639745 0.458991 0.638682 0.460568 0.638682 0.482650 0.637620 0.484227 0.637620 0.501577 0.638682 0.503155 0.639745 0.503155 0.640808 0.504732 0.648247 0.504732 0.649309 0.503155 0.673751 0.503155 0.674814 0.501577 0.674814 0.481073 0.673751 0.479495 0.673751 0.477918 0.674814 0.476341 0.674814 0.470032 0.673751 0.468454 0.673751 0.458991 0.672689 0.457413 0.672689 0.454259 0.669501 0.449527 0.652497 0.449527 0.651435 0.451104 0.649309 0.451104 0.648247 0.449527
9 0.933135 0.497965 0.929150 0.496703 0.688820 0.978644 0.694888 0.979132
7 0.926461 0.485284 0.922529 0.482129 0.681849 0.688675 0.682062 0.694826
7 0.924750 0.467524 0.924644 0.462792 0.683188 0.472050 0.683188 0.476467
6 0.952604 0.799511 0.948778 0.799842 0.947970 0.934905 0.952540 0.934274
6 0.984293 0.767934 0.984081 0.763202 0.968247 0.763202 0.967821 0.767303
