6 0.781084 0.479653 0.779915 0.472082 0.627843 0.574290 0.628587 0.579653
6 0.819054 0.224558 0.823050 0.223438 0.883741 0.537382 0.879713 0.538707
6 0.815409 0.223817 0.811690 0.223770 0.803262 0.403959 0.806886 0.404196
6 0.791498 0.198896 0.572157 0.305994 0.573326 0.311830 0.791817 0.206782
7 0.842508 0.225552 0.834325 0.227287 0.986291 0.449211 0.986291 0.438644
2 0.874601 0.545741 0.873539 0.547319 0.872476 0.547319 0.872476 0.555205 0.871413 0.556782 0.871413 0.574132 0.870351 0.575710 0.870351 0.593060 0.871413 0.594637 0.902232 0.594637 0.902232 0.559937 0.901169 0.558360 0.901169 0.552050 0.900106 0.550473 0.900106 0.547319 0.899044 0.545741
6 0.822550 0.000662 0.819894 0.000820 0.815037 0.135899 0.817736 0.134984
1 0.616366 0.564669 0.615303 0.566246 0.584485 0.566246 0.586610 0.566246 0.588735 0.569401 0.588735 0.577287 0.587673 0.578864 0.587673 0.580442 0.585547 0.583596 0.584485 0.583596 0.584485 0.591483 0.586610 0.594637 0.586610 0.607256 0.585547 0.608833 0.585547 0.613565 0.583422 0.616719 0.583422 0.619874 0.585547 0.619874 0.586610 0.618297 0.587673 0.618297 0.588735 0.619874 0.601488 0.619874 0.602550 0.618297 0.604676 0.618297 0.605739 0.619874 0.622742 0.619874 0.623804 0.618297 0.623804 0.615142 0.622742 0.613565 0.622742 0.602524 0.621679 0.600946 0.622742 0.599369 0.622742 0.586751 0.621679 0.585174 0.621679 0.582019 0.620616 0.580442 0.620616 0.578864 0.619554 0.577287 0.619554 0.574132 0.620616 0.572555 0.620616 0.570978 0.622742 0.567823 0.622742 0.564669
3 0.544102 0.293375 0.543039 0.294953 0.536663 0.294953 0.536663 0.298107 0.535600 0.299685 0.535600 0.305994 0.534538 0.307571 0.534538 0.321767 0.533475 0.323344 0.533475 0.340694 0.535600 0.343849 0.539851 0.343849 0.540914 0.342271 0.541977 0.343849 0.554729 0.343849 0.555792 0.342271 0.556854 0.342271 0.557917 0.343849 0.561105 0.343849 0.562168 0.342271 0.565356 0.342271 0.566419 0.340694 0.566419 0.324921 0.565356 0.323344 0.565356 0.313880 0.566419 0.312303 0.566419 0.310726 0.565356 0.309148 0.565356 0.307571 0.564293 0.305994 0.564293 0.298107 0.563231 0.296530 0.563231 0.294953 0.561105 0.294953 0.560043 0.293375 0.557917 0.293375 0.556854 0.294953 0.554729 0.294953 0.553666 0.293375 0.551541 0.293375 0.550478 0.294953 0.546227 0.294953 0.545165 0.293375
3 0.815090 0.165615 0.814028 0.167192 0.801275 0.167192 0.800213 0.168770 0.800213 0.170347 0.799150 0.171924 0.799150 0.176656 0.798087 0.178233 0.798087 0.200315 0.797024 0.201893 0.797024 0.206625 0.798087 0.208202 0.798087 0.214511 0.799150 0.216088 0.806589 0.216088 0.807651 0.214511 0.810840 0.214511 0.811902 0.216088 0.820404 0.216088 0.821467 0.214511 0.822529 0.216088 0.826780 0.216088 0.827843 0.214511 0.828905 0.214511 0.829968 0.212934 0.829968 0.195584 0.828905 0.194006 0.828905 0.192429 0.829968 0.190852 0.829968 0.182965 0.828905 0.181388 0.828905 0.178233 0.827843 0.176656 0.827843 0.173502 0.826780 0.171924 0.826780 0.168770 0.825717 0.167192 0.821467 0.167192 0.820404 0.165615
1 0.816153 0.432177 0.815090 0.433754 0.798087 0.433754 0.797024 0.435331 0.792774 0.435331 0.791711 0.433754 0.788523 0.433754 0.786397 0.436909 0.786397 0.438486 0.785335 0.440063 0.785335 0.446372 0.784272 0.447950 0.784272 0.452681 0.783209 0.454259 0.783209 0.463722 0.784272 0.465300 0.784272 0.471609 0.783209 0.473186 0.783209 0.488959 0.784272 0.487382 0.791711 0.487382 0.792774 0.485804 0.795962 0.485804 0.797024 0.487382 0.799150 0.487382 0.800213 0.485804 0.812965 0.485804 0.814028 0.487382 0.820404 0.487382 0.821467 0.485804 0.821467 0.484227 0.820404 0.482650 0.820404 0.476341 0.819341 0.474763 0.819341 0.462145 0.820404 0.460568 0.820404 0.454259 0.819341 0.452681 0.819341 0.447950 0.818278 0.446372 0.818278 0.444795 0.817216 0.443218 0.817216 0.441640 0.816153 0.440063 0.816153 0.435331 0.818278 0.432177
