13 0.967056 0.209779 0.967056 0.257098 0.973433 0.257098 0.974495 0.255521 0.995749 0.255521 0.996812 0.253943 0.998937 0.253943 0.998937 0.250789 0.997875 0.250789 0.996812 0.249211 0.996812 0.247634 0.995749 0.246057 0.995749 0.242902 0.996812 0.241325 0.996812 0.238170 0.995749 0.236593 0.995749 0.235016 0.996812 0.233438 0.996812 0.228707 0.995749 0.227129 0.995749 0.217666 0.997875 0.214511 0.998937 0.214511 0.998937 0.209779 0.993624 0.209779 0.992561 0.211356 0.974495 0.211356 0.973433 0.209779
16 0.262487 0.659306 0.262487 0.705047 0.263549 0.706625 0.266738 0.706625 0.267800 0.705047 0.268863 0.705047 0.269926 0.703470 0.270988 0.703470 0.272051 0.705047 0.276302 0.705047 0.277365 0.706625 0.278427 0.706625 0.279490 0.705047 0.294368 0.705047 0.294368 0.695584 0.295430 0.694006 0.295430 0.675079 0.294368 0.673502 0.294368 0.659306
13 0.713071 0.047319 0.712009 0.048896 0.713071 0.050473 0.713071 0.053628 0.715197 0.050473 0.716259 0.050473 0.717322 0.052050 0.717322 0.058360 0.715197 0.061514 0.715197 0.063091 0.714134 0.064669 0.714134 0.066246 0.713071 0.067823 0.713071 0.070978 0.712009 0.072555 0.713071 0.074132 0.713071 0.094637 0.718385 0.094637 0.719447 0.093060 0.734325 0.093060 0.735388 0.094637 0.736451 0.094637 0.737513 0.093060 0.738576 0.093060 0.739639 0.091483 0.740701 0.093060 0.741764 0.093060 0.742827 0.094637 0.743889 0.094637 0.743889 0.093060 0.742827 0.091483 0.742827 0.078864 0.741764 0.077287 0.742827 0.075710 0.742827 0.069401 0.741764 0.067823 0.741764 0.063091 0.740701 0.061514 0.740701 0.058360 0.742827 0.055205 0.742827 0.053628 0.743889 0.052050 0.743889 0.047319 0.738576 0.047319 0.737513 0.048896 0.715197 0.048896 0.714134 0.047319
13 0.528162 0.167192 0.526036 0.170347 0.526036 0.176656 0.527099 0.178233 0.527099 0.194006 0.526036 0.195584 0.526036 0.203470 0.527099 0.205047 0.527099 0.206625 0.526036 0.208202 0.526036 0.211356 0.528162 0.214511 0.529224 0.214511 0.530287 0.212934 0.560043 0.212934 0.560043 0.168770 0.557917 0.168770 0.556854 0.167192 0.546227 0.167192 0.545165 0.168770 0.532412 0.168770 0.531350 0.167192
6 0.354623 0.678864 0.321467 0.676341 0.956004 0.603470 0.955898 0.610410
6 0.178640 0.282334 0.169926 0.282177 0.268863 0.654732 0.274389 0.654732
6 0.711158 0.088644 0.710308 0.079968 0.562062 0.176972 0.562487 0.185489
6 0.966100 0.217666 0.966419 0.224606 0.762593 0.094795 0.764825 0.088170
6 0.986716 0.260568 0.982094 0.261073 0.978215 0.569874 0.983741 0.569401
6 0.298055 0.675994 0.297885 0.692114 0.878799 0.736278 0.878799 0.719054
6 0.525611 0.194621 0.526036 0.199669 0.184315 0.251246 0.184198 0.244132
16 0.880978 0.687697 0.880978 0.733438 0.882040 0.735016 0.882040 0.741325 0.880978 0.742902 0.880978 0.749211 0.882040 0.750789 0.882040 0.753943 0.880978 0.755521 0.880978 0.764984 0.882040 0.766562 0.882040 0.769716 0.883103 0.769716 0.884166 0.771293 0.889479 0.771293 0.890542 0.769716 0.896918 0.769716 0.897981 0.768139 0.904357 0.768139 0.905420 0.769716 0.909671 0.769716 0.910733 0.768139 0.911796 0.768139 0.912859 0.769716 0.913921 0.769716 0.914984 0.771293 0.918172 0.771293 0.919235 0.769716 0.920298 0.771293 0.937301 0.771293 0.938363 0.769716 0.938363 0.752366 0.937301 0.750789 0.937301 0.742902 0.938363 0.741325 0.938363 0.739748 0.937301 0.738170 0.937301 0.719243 0.938363 0.717666 0.937301 0.716088 0.937301 0.700315 0.938363 0.698738 0.938363 0.689274 0.937301 0.687697 0.926674 0.687697 0.925611 0.689274 0.921360 0.689274 0.920298 0.687697
13 0.172157 0.227129 0.171095 0.228707 0.159405 0.228707 0.158342 0.230284 0.157279 0.228707 0.153029 0.228707 0.151966 0.230284 0.149841 0.230284 0.148778 0.231861 0.148778 0.233438 0.147715 0.235016 0.147715 0.255521 0.148778 0.257098 0.148778 0.258675 0.147715 0.260252 0.147715 0.268139 0.146652 0.269716 0.151966 0.269716 0.153029 0.268139 0.154091 0.268139 0.155154 0.269716 0.156217 0.269716 0.157279 0.271293 0.165781 0.271293 0.166844 0.269716 0.176408 0.269716 0.174283 0.266562 0.174283 0.263407 0.175345 0.261830 0.175345 0.253943 0.174283 0.252366 0.175345 0.250789 0.175345 0.241325 0.174283 0.239748 0.174283 0.228707 0.173220 0.227129
17 0.993624 0.574132 0.992561 0.575710 0.990436 0.575710 0.989373 0.577287 0.967056 0.577287 0.965994 0.578864 0.964931 0.578864 0.964931 0.580442 0.963868 0.582019 0.963868 0.585174 0.962806 0.586751 0.962806 0.588328 0.961743 0.589905 0.960680 0.589905 0.959617 0.588328 0.959617 0.580442 0.960680 0.578864 0.959617 0.577287 0.958555 0.577287 0.958555 0.632492 0.959617 0.634069 0.967056 0.634069 0.968119 0.632492 0.969182 0.632492 0.971307 0.629338 0.981934 0.629338 0.982997 0.630915 0.985122 0.630915 0.986185 0.632492 0.993624 0.632492 0.994687 0.630915 0.995749 0.630915 0.997875 0.627760 0.998937 0.627760 0.998937 0.575710 0.994687 0.575710
