2 0.731137 0.507886 0.731137 0.509464 0.730074 0.511041 0.730074 0.514196 0.729012 0.515773 0.729012 0.522082 0.727949 0.523659 0.727949 0.555205 0.729012 0.556782 0.758767 0.556782 0.759830 0.555205 0.760893 0.555205 0.760893 0.552050 0.759830 0.550473 0.759830 0.520505 0.758767 0.518927 0.758767 0.511041 0.757705 0.509464 0.757705 0.507886
0 0.068013 0.458991 0.066950 0.460568 0.052072 0.460568 0.051010 0.462145 0.051010 0.463722 0.049947 0.465300 0.049947 0.470032 0.048884 0.471609 0.048884 0.477918 0.047821 0.479495 0.048884 0.481073 0.048884 0.487382 0.047821 0.488959 0.047821 0.507886 0.048884 0.507886 0.049947 0.509464 0.055260 0.509464 0.056323 0.507886 0.057386 0.507886 0.058448 0.509464 0.062699 0.509464 0.063762 0.507886 0.064825 0.509464 0.070138 0.509464 0.071201 0.507886 0.072264 0.507886 0.073326 0.509464 0.077577 0.509464 0.078640 0.507886 0.080765 0.507886 0.080765 0.490536 0.079702 0.488959 0.079702 0.482650 0.080765 0.481073 0.080765 0.477918 0.079702 0.476341 0.079702 0.471609 0.078640 0.470032 0.078640 0.466877 0.077577 0.465300 0.077577 0.462145 0.076514 0.460568 0.069075 0.460568
0 0.245484 0.697161 0.243358 0.700315 0.242295 0.700315 0.241233 0.698738 0.233794 0.698738 0.232731 0.700315 0.230606 0.700315 0.229543 0.698738 0.209352 0.698738 0.208289 0.700315 0.209352 0.701893 0.209352 0.736593 0.208289 0.738170 0.208289 0.757098 0.214665 0.757098 0.215728 0.755521 0.230606 0.755521 0.231668 0.753943 0.232731 0.753943 0.233794 0.755521 0.250797 0.755521 0.250797 0.697161
4 0.956429 0.503155 0.955367 0.504732 0.927736 0.504732 0.926674 0.506309 0.925611 0.506309 0.924548 0.507886 0.923486 0.507886 0.925611 0.511041 0.925611 0.520505 0.924548 0.522082 0.924548 0.559937 0.925611 0.559937 0.926674 0.561514 0.937301 0.561514 0.938363 0.559937 0.945802 0.559937 0.946865 0.561514 0.959617 0.561514 0.960680 0.559937 0.961743 0.559937 0.962806 0.558360 0.962806 0.545741 0.961743 0.544164 0.961743 0.511041 0.962806 0.509464 0.962806 0.507886 0.961743 0.506309 0.961743 0.504732 0.960680 0.504732 0.959617 0.503155
2 0.137088 0.194006 0.136026 0.195584 0.134963 0.195584 0.134963 0.197161 0.133900 0.198738 0.133900 0.203470 0.132837 0.205047 0.132837 0.209779 0.131775 0.211356 0.131775 0.212934 0.132837 0.214511 0.132837 0.219243 0.131775 0.220820 0.131775 0.227129 0.130712 0.228707 0.131775 0.230284 0.131775 0.242902 0.133900 0.242902 0.134963 0.244479 0.138151 0.244479 0.139214 0.242902 0.156217 0.242902 0.157279 0.244479 0.159405 0.244479 0.160468 0.242902 0.163656 0.242902 0.164718 0.241325 0.164718 0.220820 0.163656 0.219243 0.163656 0.206625 0.162593 0.205047 0.162593 0.200315 0.161530 0.198738 0.161530 0.195584 0.160468 0.195584 0.159405 0.194006
2 0.520723 0.533123 0.519660 0.534700 0.519660 0.536278 0.518597 0.537855 0.518597 0.542587 0.517535 0.544164 0.517535 0.570978 0.516472 0.572555 0.516472 0.578864 0.517535 0.580442 0.517535 0.583596 0.534538 0.583596 0.535600 0.582019 0.538789 0.582019 0.539851 0.583596 0.545165 0.583596 0.546227 0.582019 0.548353 0.582019 0.548353 0.580442 0.549416 0.578864 0.549416 0.564669 0.548353 0.563091 0.548353 0.544164 0.547290 0.542587 0.547290 0.539432 0.546227 0.537855 0.546227 0.536278 0.544102 0.533123
7 0.785983 0.000347 0.791073 0.000347 0.929458 0.473281 0.924442 0.477129
9 0.748565 0.498580 0.744091 0.499085 0.761339 0.000268 0.763688 0.000000 0.765473 0.000000
6 0.170457 0.221451 0.170670 0.227287 0.363231 0.263281 0.363656 0.255047
6 0.089479 0.511672 0.083528 0.519401 0.206482 0.696845 0.210840 0.689590
6 0.246652 0.690536 0.240648 0.689811 0.372051 0.295426 0.378002 0.295426
6 0.404463 0.241483 0.407758 0.250315 0.688735 0.000315 0.674389 0.000473
6 0.828162 0.000158 0.817322 0.000631 0.984910 0.232492 0.985122 0.218770
6 0.404995 0.294164 0.401063 0.299842 0.512965 0.525552 0.520085 0.519716
9 0.999649 0.114164 0.999756 0.109274 0.863836 0.000000 0.858013 0.000000
6 0.137620 0.252240 0.141339 0.255394 0.077683 0.453833 0.074123 0.450189
1 0.385760 0.238170 0.384697 0.239748 0.371945 0.239748 0.370882 0.241325 0.370882 0.242902 0.369819 0.244479 0.369819 0.247634 0.368757 0.249211 0.368757 0.255521 0.367694 0.257098 0.367694 0.261830 0.368757 0.263407 0.368757 0.264984 0.367694 0.266562 0.367694 0.287066 0.368757 0.288644 0.387885 0.288644 0.388948 0.287066 0.392136 0.287066 0.393199 0.288644 0.398512 0.288644 0.400638 0.285489 0.400638 0.268139 0.399575 0.266562 0.399575 0.261830 0.400638 0.260252 0.400638 0.257098 0.399575 0.255521 0.399575 0.250789 0.398512 0.249211 0.398512 0.244479 0.397450 0.242902 0.397450 0.241325 0.396387 0.239748 0.392136 0.239748 0.391073 0.238170
