7 0.757460 0.718549 0.757673 0.711451 0.168767 0.800079 0.170149 0.807650
8 0.170999 0.297950 0.166610 0.296814 0.150956 0.783028 0.153379 0.782177
8 0.187322 0.269874 0.187535 0.274448 0.479171 0.278549 0.479277 0.274448
14 0.161530 0.251262 0.159192 0.251577 0.158661 0.254890 0.156429 0.265300 0.155898 0.270032 0.155898 0.276814 0.156004 0.283912 0.155685 0.286751 0.156854 0.288801 0.158767 0.289274 0.162699 0.288959 0.166738 0.289905 0.173964 0.289432 0.175770 0.290536 0.180659 0.290694 0.181828 0.287539 0.182147 0.282650 0.182678 0.275237 0.182997 0.268454 0.178959 0.250631 0.168969 0.251104 0.164293 0.251420
16 0.787460 0.246215 0.791605 0.247161 0.794793 0.248107 0.798725 0.249527 0.800638 0.250158 0.802338 0.252366 0.803188 0.255363 0.803294 0.258833 0.803613 0.262461 0.803719 0.266246 0.803826 0.271293 0.804038 0.276814 0.801807 0.279338 0.797768 0.282650 0.792774 0.285016 0.787885 0.284385 0.783953 0.283281 0.780871 0.280599 0.777896 0.277760 0.777896 0.272871 0.778002 0.265931 0.777577 0.258991 0.777577 0.252997 0.781615 0.250000
8 0.512582 0.277950 0.515239 0.273533 0.773518 0.266420 0.773411 0.270836
16 0.782147 0.668770 0.781084 0.670347 0.778959 0.670347 0.777896 0.671924 0.774708 0.671924 0.773645 0.673502 0.772582 0.673502 0.769394 0.678233 0.768332 0.678233 0.767269 0.679811 0.765143 0.679811 0.763018 0.682965 0.763018 0.686120 0.761955 0.687697 0.761955 0.692429 0.763018 0.694006 0.763018 0.706625 0.761955 0.708202 0.761955 0.728707 0.767269 0.736593 0.768332 0.736593 0.769394 0.738170 0.770457 0.738170 0.772582 0.741325 0.774708 0.741325 0.775770 0.742902 0.777896 0.742902 0.778959 0.744479 0.786397 0.744479 0.787460 0.746057 0.792774 0.746057 0.793836 0.744479 0.795962 0.744479 0.797024 0.742902 0.800213 0.742902 0.801275 0.741325 0.805526 0.741325 0.806589 0.739748 0.807651 0.739748 0.808714 0.738170 0.809777 0.738170 0.815090 0.730284 0.815090 0.684543 0.810840 0.678233 0.809777 0.678233 0.807651 0.675079 0.805526 0.675079 0.804463 0.673502 0.803401 0.673502 0.802338 0.671924 0.800213 0.671924 0.799150 0.670347 0.794899 0.670347 0.793836 0.668770
14 0.488842 0.257098 0.487779 0.258675 0.485654 0.258675 0.484591 0.260252 0.484591 0.261830 0.483528 0.263407 0.483528 0.268139 0.482465 0.269716 0.482465 0.293375 0.483528 0.293375 0.484591 0.294953 0.504782 0.294953 0.506908 0.291798 0.506908 0.269716 0.505845 0.268139 0.505845 0.264984 0.504782 0.263407 0.504782 0.258675 0.503719 0.258675 0.502657 0.257098 0.498406 0.257098 0.497343 0.258675 0.496281 0.258675 0.495218 0.257098
15 0.144527 0.788644 0.143464 0.790221 0.141339 0.790221 0.140276 0.791798 0.139214 0.791798 0.138151 0.793375 0.138151 0.796530 0.137088 0.798107 0.137088 0.813880 0.138151 0.815457 0.138151 0.818612 0.140276 0.821767 0.142402 0.821767 0.143464 0.823344 0.145590 0.823344 0.146652 0.824921 0.151966 0.824921 0.153029 0.823344 0.156217 0.823344 0.157279 0.821767 0.160468 0.821767 0.163656 0.817035 0.163656 0.801262 0.162593 0.799685 0.162593 0.794953 0.160468 0.791798 0.159405 0.791798 0.158342 0.790221 0.156217 0.790221 0.155154 0.788644
6 0.794006 0.295599 0.789330 0.296073 0.788055 0.661057 0.792944 0.660741
