6 0.687566 0.079590 0.687566 0.086356 0.608257 0.000000 0.609001 -0.000000 0.613581 0.000536
6 0.708193 0.141625 0.704495 0.141215 0.663719 0.407382 0.666695 0.410063
9 0.360468 0.000978 0.356514 0.000000 0.355972 0.000000 0.330903 0.118423 0.335685 0.119369
9 0.349012 0.169448 0.347418 0.174369 0.631307 0.440536 0.631743 0.435489
9 0.040893 0.333927 0.038757 0.329779 0.303688 0.162729 0.304644 0.167145
6 0.688236 0.114416 0.687981 0.109495 0.348470 0.147792 0.348470 0.152666
2 0.876727 0.723975 0.875664 0.725552 0.871413 0.725552 0.871413 0.727129 0.870351 0.728707 0.870351 0.733438 0.869288 0.735016 0.869288 0.741325 0.868225 0.742902 0.868225 0.771293 0.869288 0.772871 0.900106 0.772871 0.901169 0.771293 0.901169 0.760252 0.900106 0.758675 0.901169 0.757098 0.901169 0.744479 0.900106 0.742902 0.900106 0.735016 0.899044 0.733438 0.899044 0.728707 0.896918 0.725552 0.893730 0.725552 0.892667 0.723975 0.891605 0.725552 0.880978 0.725552 0.879915 0.723975
6 0.888013 0.781104 0.883656 0.780946 0.885228 0.927729 0.890319 0.927098
6 0.721445 0.141451 0.718363 0.141451 0.875717 0.716467 0.879458 0.716467
1 0.314559 0.126183 0.311371 0.130915 0.311371 0.135647 0.310308 0.137224 0.310308 0.145110 0.309245 0.146688 0.310308 0.148265 0.310308 0.154574 0.309245 0.156151 0.309245 0.173502 0.310308 0.175079 0.313496 0.175079 0.314559 0.176656 0.315622 0.176656 0.316684 0.175079 0.341126 0.175079 0.342189 0.173502 0.342189 0.167192 0.341126 0.165615 0.341126 0.140379 0.340064 0.138801 0.340064 0.135647 0.339001 0.134069 0.339001 0.129338 0.336876 0.126183 0.320935 0.126183 0.319872 0.127760 0.315622 0.127760
2 0.004251 0.320189 0.003188 0.321767 0.003188 0.323344 0.002125 0.324921 0.002125 0.328076 0.001063 0.329653 0.000000 0.329653 0.000000 0.369085 0.004251 0.369085 0.005313 0.370662 0.006376 0.369085 0.032944 0.369085 0.032944 0.348580 0.031881 0.347003 0.031881 0.342271 0.032944 0.340694 0.032944 0.337539 0.031881 0.335962 0.031881 0.332808 0.030818 0.331230 0.030818 0.328076 0.029756 0.326498 0.029756 0.323344 0.028693 0.321767 0.024442 0.321767 0.023379 0.320189
4 0.645058 0.435331 0.643996 0.436909 0.642933 0.436909 0.641870 0.438486 0.638682 0.438486 0.639745 0.440063 0.639745 0.441640 0.640808 0.443218 0.639745 0.444795 0.639745 0.447950 0.638682 0.449527 0.638682 0.474763 0.637620 0.476341 0.637620 0.485804 0.639745 0.488959 0.640808 0.488959 0.641870 0.490536 0.673751 0.490536 0.673751 0.488959 0.674814 0.487382 0.674814 0.471609 0.673751 0.470032 0.673751 0.463722 0.674814 0.462145 0.674814 0.454259 0.673751 0.452681 0.673751 0.451104 0.672689 0.449527 0.672689 0.446372 0.671626 0.444795 0.671626 0.438486 0.670563 0.436909 0.668438 0.436909 0.667375 0.435331
1 0.895855 0.411672 0.894793 0.413249 0.883103 0.413249 0.880978 0.416404 0.880978 0.422713 0.879915 0.424290 0.879915 0.468454 0.882040 0.468454 0.883103 0.466877 0.886291 0.466877 0.887354 0.468454 0.889479 0.468454 0.890542 0.466877 0.902232 0.466877 0.903294 0.468454 0.909671 0.468454 0.910733 0.466877 0.911796 0.466877 0.912859 0.468454 0.916047 0.468454 0.916047 0.465300 0.914984 0.463722 0.914984 0.444795 0.913921 0.443218 0.914984 0.441640 0.914984 0.429022 0.913921 0.427445 0.913921 0.416404 0.911796 0.413249 0.906482 0.413249 0.905420 0.411672
7 0.906929 0.745174 0.906504 0.751167 0.985717 0.750678 0.986036 0.742634
7 0.733231 0.106751 0.733337 0.110852 0.999841 0.124085 0.999628 0.116199
3 0.691817 0.077287 0.690755 0.078864 0.690755 0.083596 0.691817 0.085174 0.691817 0.089905 0.690755 0.091483 0.690755 0.134069 0.691817 0.135647 0.695005 0.135647 0.696068 0.134069 0.699256 0.134069 0.700319 0.135647 0.701382 0.134069 0.718385 0.134069 0.719447 0.135647 0.721573 0.135647 0.722635 0.134069 0.724761 0.134069 0.725824 0.135647 0.729012 0.135647 0.731137 0.132492 0.731137 0.126183 0.730074 0.124606 0.730074 0.111987 0.731137 0.110410 0.731137 0.100946 0.730074 0.099369 0.730074 0.083596 0.731137 0.082019 0.731137 0.077287 0.719447 0.077287 0.718385 0.078864 0.695005 0.078864 0.693943 0.077287
1 0.968119 0.195584 0.967056 0.197161 0.955367 0.197161 0.954304 0.198738 0.954304 0.201893 0.953241 0.203470 0.953241 0.205047 0.952179 0.206625 0.952179 0.209779 0.951116 0.211356 0.951116 0.220820 0.952179 0.222397 0.951116 0.223975 0.951116 0.231861 0.950053 0.233438 0.950053 0.241325 0.951116 0.242902 0.951116 0.244479 0.952179 0.246057 0.964931 0.246057 0.965994 0.244479 0.967056 0.246057 0.981934 0.246057 0.982997 0.244479 0.984060 0.244479 0.984060 0.225552 0.982997 0.223975 0.982997 0.220820 0.984060 0.219243 0.984060 0.216088 0.982997 0.214511 0.982997 0.206625 0.981934 0.205047 0.981934 0.200315 0.979809 0.197161 0.978746 0.197161 0.977683 0.195584
6 0.920946 0.423438 0.920723 0.418202 0.999490 0.348896 0.999373 0.355189
