9 0.999384 0.979811 0.999384 0.973659 0.887375 0.979495 0.887163 0.984858
6 0.554772 0.734574 0.547535 0.734338 0.493974 0.975079 0.498427 0.976356
9 0.999330 0.912555 0.999543 0.906719 0.951296 0.934006 0.961498 0.934164
4 0.438895 0.534700 0.437832 0.536278 0.413390 0.536278 0.412327 0.537855 0.412327 0.539432 0.413390 0.541009 0.413390 0.544164 0.412327 0.545741 0.412327 0.552050 0.411265 0.553628 0.411265 0.582019 0.410202 0.583596 0.411265 0.585174 0.411265 0.588328 0.412327 0.588328 0.413390 0.589905 0.446334 0.589905 0.447396 0.588328 0.447396 0.585174 0.448459 0.583596 0.448459 0.582019 0.447396 0.580442 0.447396 0.577287 0.448459 0.575710 0.448459 0.570978 0.447396 0.569401 0.447396 0.545741 0.446334 0.544164 0.446334 0.541009 0.447396 0.539432 0.447396 0.537855 0.446334 0.536278 0.441020 0.536278 0.439957 0.534700
4 0.642933 0.422713 0.642933 0.424290 0.641870 0.425868 0.641870 0.427445 0.640808 0.429022 0.640808 0.433754 0.639745 0.435331 0.639745 0.457413 0.638682 0.458991 0.638682 0.465300 0.639745 0.466877 0.639745 0.468454 0.638682 0.470032 0.638682 0.471609 0.639745 0.473186 0.639745 0.474763 0.673751 0.474763 0.674814 0.473186 0.674814 0.452681 0.673751 0.451104 0.673751 0.429022 0.672689 0.427445 0.672689 0.424290 0.671626 0.422713
1 0.551541 0.678233 0.550478 0.679811 0.543039 0.679811 0.543039 0.681388 0.541977 0.682965 0.541977 0.689274 0.540914 0.690852 0.540914 0.697161 0.539851 0.698738 0.539851 0.701893 0.540914 0.703470 0.540914 0.705047 0.539851 0.706625 0.539851 0.727129 0.540914 0.728707 0.568544 0.728707 0.569607 0.727129 0.571732 0.727129 0.572795 0.725552 0.572795 0.708202 0.571732 0.706625 0.571732 0.703470 0.572795 0.701893 0.572795 0.698738 0.571732 0.697161 0.571732 0.690852 0.570670 0.689274 0.570670 0.684543 0.569607 0.682965 0.569607 0.681388 0.567481 0.678233 0.557917 0.678233 0.556854 0.679811 0.554729 0.679811 0.553666 0.678233
9 0.437258 0.595946 0.431626 0.595789 0.480223 0.985536 0.484049 0.985221
9 0.576993 0.731104 0.578353 0.724543 0.702338 0.863249 0.700425 0.871767
9 0.743709 0.902587 0.742965 0.909054 0.787598 0.936341 0.788130 0.930347
9 0.672699 0.481404 0.669192 0.481562 0.844145 0.934653 0.846706 0.927902
2 0.710946 0.867508 0.709883 0.869085 0.707758 0.869085 0.707758 0.875394 0.706695 0.876972 0.706695 0.884858 0.705632 0.886435 0.705632 0.891167 0.706695 0.892744 0.706695 0.899054 0.705632 0.900631 0.705632 0.914826 0.707758 0.917981 0.735388 0.917981 0.736451 0.916404 0.737513 0.916404 0.738576 0.914826 0.738576 0.905363 0.739639 0.903785 0.739639 0.900631 0.738576 0.899054 0.738576 0.886435 0.737513 0.884858 0.737513 0.878549 0.736451 0.876972 0.736451 0.873817 0.735388 0.872240 0.735388 0.869085 0.732200 0.869085 0.731137 0.867508
9 0.985611 0.588580 0.985165 0.580410 0.878427 0.934432 0.883762 0.933580
