13 0.246546 0.700315 0.246546 0.703470 0.247609 0.705047 0.247609 0.711356 0.246546 0.712934 0.246546 0.735016 0.245484 0.736593 0.245484 0.746057 0.253985 0.746057 0.255048 0.747634 0.263549 0.747634 0.264612 0.746057 0.273114 0.746057 0.274176 0.747634 0.275239 0.747634 0.276302 0.746057 0.277365 0.746057 0.277365 0.744479 0.276302 0.742902 0.276302 0.739748 0.277365 0.738170 0.277365 0.727129 0.276302 0.725552 0.276302 0.700315
12 0.863974 0.705047 0.861849 0.708202 0.861849 0.712934 0.862912 0.714511 0.862912 0.717666 0.861849 0.719243 0.861849 0.727129 0.860786 0.728707 0.860786 0.735016 0.861849 0.736593 0.861849 0.747634 0.860786 0.749211 0.860786 0.752366 0.863974 0.752366 0.865037 0.753943 0.866100 0.752366 0.891605 0.752366 0.891605 0.714511 0.892667 0.712934 0.892667 0.706625 0.891605 0.705047 0.890542 0.706625 0.867163 0.706625 0.866100 0.705047
13 0.645058 0.425868 0.643996 0.427445 0.642933 0.427445 0.642933 0.429022 0.641870 0.430599 0.641870 0.435331 0.642933 0.436909 0.642933 0.443218 0.641870 0.444795 0.641870 0.468454 0.642933 0.468454 0.643996 0.470032 0.656748 0.470032 0.657811 0.471609 0.663124 0.471609 0.664187 0.473186 0.667375 0.473186 0.668438 0.471609 0.670563 0.471609 0.671626 0.470032 0.671626 0.443218 0.670563 0.441640 0.670563 0.440063 0.669501 0.440063 0.668438 0.438486 0.668438 0.436909 0.670563 0.433754 0.670563 0.425868 0.666312 0.425868 0.665250 0.427445 0.663124 0.427445 0.662062 0.429022 0.659936 0.429022 0.658874 0.427445 0.647184 0.427445 0.646121 0.425868
6 0.518066 0.704416 0.513496 0.699527 0.635813 0.478707 0.643039 0.481703
6 0.679915 0.469716 0.679277 0.483438 0.857279 0.707571 0.858236 0.698896
6 0.280648 0.721830 0.280436 0.727035 0.481413 0.731514 0.481190 0.725868
6 0.894963 0.725931 0.894750 0.730978 0.971796 0.727192 0.972327 0.721845
6 0.015292 0.713265 0.015399 0.718628 0.244038 0.725915 0.244038 0.720868
13 0.000000 0.690852 0.000000 0.739748 0.009564 0.739748 0.010627 0.738170 0.011690 0.738170 0.011690 0.736593 0.012752 0.735016 0.012752 0.692429 0.011690 0.692429 0.010627 0.690852
11 0.488842 0.709779 0.487779 0.711356 0.487779 0.717666 0.486716 0.719243 0.486716 0.723975 0.485654 0.725552 0.485654 0.742902 0.484591 0.744479 0.484591 0.752366 0.488842 0.752366 0.489904 0.750789 0.499469 0.750789 0.500531 0.752366 0.502657 0.752366 0.503719 0.750789 0.509033 0.750789 0.510096 0.752366 0.513284 0.752366 0.513284 0.744479 0.512221 0.742902 0.512221 0.722397 0.511158 0.720820 0.511158 0.719243 0.510096 0.717666 0.510096 0.716088 0.511158 0.714511 0.511158 0.712934 0.512221 0.711356 0.511158 0.711356 0.510096 0.709779
