9 0.998618 0.191782 0.999362 0.185315 0.971838 0.150931 0.970776 0.156767
4 0.657811 0.421136 0.656748 0.422713 0.642933 0.422713 0.642933 0.427445 0.640808 0.430599 0.640808 0.433754 0.639745 0.435331 0.639745 0.436909 0.638682 0.438486 0.638682 0.474763 0.641870 0.474763 0.642933 0.476341 0.646121 0.476341 0.647184 0.474763 0.673751 0.474763 0.674814 0.473186 0.674814 0.454259 0.673751 0.452681 0.673751 0.447950 0.674814 0.446372 0.674814 0.443218 0.673751 0.441640 0.673751 0.435331 0.672689 0.433754 0.672689 0.430599 0.671626 0.429022 0.671626 0.425868 0.669501 0.422713 0.658874 0.422713
3 0.952179 0.099369 0.951116 0.100946 0.934113 0.100946 0.934113 0.102524 0.933050 0.104101 0.933050 0.111987 0.931987 0.113565 0.931987 0.116719 0.930925 0.118297 0.930925 0.121451 0.929862 0.123028 0.929862 0.124606 0.930925 0.126183 0.930925 0.129338 0.931987 0.130915 0.931987 0.141956 0.930925 0.143533 0.930925 0.148265 0.933050 0.151420 0.958555 0.151420 0.959617 0.152997 0.964931 0.152997 0.964931 0.140379 0.965994 0.138801 0.965994 0.124606 0.964931 0.123028 0.964931 0.118297 0.963868 0.116719 0.963868 0.110410 0.962806 0.108833 0.962806 0.104101 0.961743 0.102524 0.961743 0.100946 0.959617 0.100946 0.958555 0.099369
4 0.909671 0.845426 0.908608 0.847003 0.907545 0.847003 0.907545 0.850158 0.906482 0.851735 0.906482 0.856467 0.905420 0.858044 0.905420 0.861199 0.904357 0.862776 0.904357 0.894322 0.905420 0.894322 0.906482 0.895899 0.935175 0.895899 0.937301 0.892744 0.937301 0.875394 0.936238 0.873817 0.936238 0.870662 0.937301 0.869085 0.937301 0.867508 0.936238 0.865931 0.936238 0.859621 0.935175 0.858044 0.935175 0.853312 0.934113 0.851735 0.934113 0.848580 0.931987 0.845426
1 0.564293 0.072555 0.561105 0.077287 0.561105 0.082019 0.560043 0.083596 0.560043 0.088328 0.558980 0.089905 0.558980 0.093060 0.560043 0.094637 0.560043 0.100946 0.558980 0.102524 0.558980 0.119874 0.560043 0.121451 0.590861 0.121451 0.590861 0.119874 0.591923 0.118297 0.591923 0.111987 0.590861 0.110410 0.590861 0.086751 0.589798 0.085174 0.589798 0.082019 0.588735 0.080442 0.588735 0.075710 0.587673 0.074132 0.585547 0.074132 0.584485 0.072555 0.578108 0.072555 0.577046 0.074132 0.573858 0.074132 0.572795 0.072555 0.569607 0.072555 0.568544 0.074132 0.567481 0.074132 0.566419 0.072555
1 0.524973 0.351735 0.523911 0.353312 0.507970 0.353312 0.506908 0.354890 0.505845 0.354890 0.504782 0.356467 0.504782 0.362776 0.503719 0.364353 0.503719 0.389590 0.502657 0.391167 0.502657 0.397476 0.503719 0.399054 0.503719 0.400631 0.504782 0.402208 0.533475 0.402208 0.535600 0.399054 0.535600 0.388013 0.534538 0.386435 0.534538 0.378549 0.535600 0.376972 0.535600 0.369085 0.534538 0.367508 0.534538 0.364353 0.533475 0.362776 0.533475 0.358044 0.532412 0.356467 0.532412 0.354890 0.531350 0.353312 0.527099 0.353312 0.526036 0.351735
3 0.806589 0.465300 0.805526 0.466877 0.805526 0.468454 0.804463 0.470032 0.804463 0.476341 0.803401 0.477918 0.803401 0.481073 0.802338 0.482650 0.802338 0.514196 0.834219 0.514196 0.835282 0.512618 0.835282 0.498423 0.834219 0.496845 0.834219 0.487382 0.835282 0.485804 0.835282 0.484227 0.834219 0.482650 0.834219 0.479495 0.833156 0.477918 0.833156 0.471609 0.832094 0.470032 0.832094 0.466877 0.831031 0.465300
6 0.640340 0.487950 0.629129 0.486199 0.505016 0.688659 0.508406 0.695757
9 0.985654 0.301514 0.985654 0.284826 0.956769 0.157713 0.952922 0.157934
9 0.998448 0.239637 0.998735 0.229716 0.965877 0.158565 0.961892 0.158565
9 0.999649 0.113912 0.999426 0.108076 0.970106 0.117539 0.970202 0.123218
9 0.928363 0.075095 0.928470 0.083454 0.889214 0.000047 0.889787 0.000000 0.893783 0.000000
6 0.817014 0.522240 0.811658 0.524890 0.769490 0.977902 0.773061 0.977902
6 0.938895 0.160978 0.933369 0.161136 0.829129 0.457350 0.834049 0.460457
6 0.926695 0.157729 0.926376 0.150158 0.684410 0.414763 0.686004 0.424369
6 0.925685 0.143880 0.925685 0.138675 0.540946 0.361593 0.541679 0.367902
6 0.962614 0.075789 0.957577 0.074148 0.975282 0.000126 0.977705 0.000000 0.978247 0.000000
6 0.925994 0.127997 0.925611 0.121782 0.594601 0.096404 0.594166 0.102965
6 0.827917 0.526893 0.832912 0.524211 0.913921 0.841735 0.910159 0.843754
