16 0.361318 0.059937 0.359192 0.063091 0.358130 0.063091 0.357067 0.064669 0.356004 0.064669 0.354942 0.066246 0.354942 0.069401 0.353879 0.070978 0.353879 0.072555 0.354942 0.074132 0.354942 0.089905 0.358130 0.094637 0.359192 0.094637 0.360255 0.096215 0.362380 0.096215 0.363443 0.097792 0.373007 0.097792 0.375133 0.094637 0.377258 0.094637 0.378321 0.093060 0.380446 0.093060 0.381509 0.091483 0.381509 0.088328 0.382572 0.086751 0.382572 0.080442 0.381509 0.078864 0.381509 0.074132 0.382572 0.072555 0.382572 0.066246 0.381509 0.064669 0.380446 0.064669 0.379384 0.063091 0.378321 0.063091 0.377258 0.061514 0.375133 0.061514 0.374070 0.059937
14 0.643996 0.424290 0.642933 0.425868 0.641870 0.425868 0.640808 0.427445 0.640808 0.429022 0.639745 0.430599 0.639745 0.466877 0.640808 0.468454 0.640808 0.470032 0.641870 0.471609 0.643996 0.471609 0.645058 0.473186 0.666312 0.473186 0.667375 0.471609 0.669501 0.471609 0.672689 0.466877 0.672689 0.429022 0.670563 0.425868 0.669501 0.425868 0.668438 0.424290
13 0.136026 0.334385 0.134963 0.335962 0.133900 0.335962 0.133900 0.339117 0.132837 0.340694 0.132837 0.343849 0.131775 0.345426 0.131775 0.353312 0.132837 0.354890 0.132837 0.358044 0.131775 0.359621 0.131775 0.370662 0.132837 0.372240 0.155154 0.372240 0.155154 0.370662 0.156217 0.369085 0.156217 0.350158 0.155154 0.348580 0.155154 0.343849 0.154091 0.342271 0.154091 0.337539 0.153029 0.335962 0.145590 0.335962 0.144527 0.334385
8 0.433156 0.383170 0.432837 0.387744 0.638959 0.446009 0.639065 0.441751
6 0.127875 0.021104 0.127556 0.025678 0.350659 0.080237 0.350553 0.074243
6 0.163018 0.351893 0.163549 0.358360 0.397035 0.381530 0.396929 0.374432
6 0.770988 0.121451 0.766950 0.122082 0.788948 0.246688 0.794899 0.246688
6 0.762380 0.288959 0.763124 0.279022 0.433475 0.370189 0.432901 0.377429
6 0.114559 0.045426 0.110202 0.046057 0.139214 0.328233 0.144527 0.327287
6 0.388204 0.085489 0.388629 0.094637 0.776939 0.271136 0.776621 0.259779
6 0.126355 0.351104 0.127949 0.343060 0.000000 0.289748 0.000000 0.300000
13 0.125399 0.018927 0.125399 0.020505 0.125399 0.018927 0.122210 0.018927 0.121148 0.017350 0.121148 0.009464 0.120085 0.007886 0.120085 0.000000 0.097768 0.000000 0.097768 0.001577 0.096706 0.003155 0.096706 0.006309 0.095643 0.007886 0.095643 0.015773 0.093518 0.018927 0.093518 0.031546 0.092455 0.033123 0.092455 0.037855 0.093518 0.039432 0.097768 0.039432 0.098831 0.037855 0.106270 0.037855 0.107333 0.039432 0.121148 0.039432 0.122210 0.037855 0.125399 0.037855 0.125399 0.036278 0.123273 0.033123 0.123273 0.031546 0.122210 0.029968 0.122210 0.018927
16 0.767269 0.069401 0.766206 0.070978 0.755579 0.070978 0.754516 0.072555 0.750266 0.072555 0.749203 0.070978 0.747078 0.070978 0.747078 0.075710 0.748140 0.077287 0.748140 0.080442 0.747078 0.082019 0.747078 0.089905 0.748140 0.091483 0.748140 0.102524 0.749203 0.104101 0.749203 0.105678 0.750266 0.107256 0.752391 0.107256 0.753454 0.108833 0.754516 0.108833 0.755579 0.110410 0.768332 0.110410 0.769394 0.108833 0.770457 0.108833 0.771520 0.107256 0.774708 0.107256 0.775770 0.105678 0.776833 0.105678 0.776833 0.082019 0.777896 0.080442 0.777896 0.078864 0.778959 0.077287 0.778959 0.075710 0.777896 0.074132 0.777896 0.070978 0.776833 0.069401 0.772582 0.069401 0.771520 0.070978 0.768332 0.070978
13 0.402763 0.359621 0.402763 0.364353 0.401700 0.365931 0.401700 0.395899 0.402763 0.397476 0.427205 0.397476 0.426142 0.395899 0.426142 0.376972 0.427205 0.375394 0.427205 0.373817 0.426142 0.372240 0.426142 0.369085 0.425080 0.367508 0.425080 0.361199 0.424017 0.359621 0.424017 0.358044 0.420829 0.358044 0.419766 0.359621 0.402763 0.359621 0.399575 0.356467 0.399575 0.356467
16 0.809777 0.249211 0.808714 0.250789 0.778959 0.250789 0.778959 0.279180 0.780021 0.280757 0.780021 0.285489 0.778959 0.287066 0.780021 0.288644 0.780021 0.293375 0.781084 0.294953 0.781084 0.296530 0.782147 0.296530 0.783209 0.298107 0.784272 0.296530 0.800213 0.296530 0.801275 0.294953 0.802338 0.294953 0.803401 0.296530 0.805526 0.296530 0.806589 0.298107 0.807651 0.298107 0.808714 0.296530 0.809777 0.296530 0.810840 0.294953 0.810840 0.255521 0.811902 0.253943 0.811902 0.252366
