2 0.270988 0.329653 0.269926 0.331230 0.268863 0.331230 0.268863 0.332808 0.267800 0.334385 0.267800 0.340694 0.266738 0.342271 0.266738 0.356467 0.267800 0.358044 0.267800 0.370662 0.266738 0.372240 0.266738 0.375394 0.267800 0.376972 0.268863 0.376972 0.269926 0.378549 0.272051 0.378549 0.273114 0.376972 0.286929 0.376972 0.287991 0.378549 0.295430 0.378549 0.296493 0.376972 0.297556 0.376972 0.298618 0.375394 0.298618 0.347003 0.297556 0.345426 0.297556 0.339117 0.295430 0.335962 0.295430 0.332808 0.294368 0.331230 0.293305 0.331230 0.292242 0.329653
7 0.581817 0.169338 0.578289 0.172287 0.643092 0.435473 0.646334 0.434621
3 0.751328 0.315457 0.751328 0.320189 0.750266 0.321767 0.750266 0.324921 0.749203 0.326498 0.749203 0.332808 0.748140 0.334385 0.748140 0.361199 0.749203 0.362776 0.750266 0.362776 0.751328 0.364353 0.769394 0.364353 0.770457 0.362776 0.772582 0.362776 0.773645 0.364353 0.778959 0.364353 0.780021 0.362776 0.781084 0.362776 0.781084 0.342271 0.780021 0.340694 0.780021 0.339117 0.781084 0.337539 0.781084 0.332808 0.780021 0.331230 0.780021 0.329653 0.778959 0.328076 0.778959 0.320189 0.777896 0.318612 0.777896 0.317035 0.776833 0.315457
3 0.941552 0.080442 0.941552 0.082019 0.940489 0.083596 0.940489 0.089905 0.937301 0.094637 0.937301 0.126183 0.936238 0.127760 0.936238 0.130915 0.969182 0.130915 0.970244 0.129338 0.971307 0.129338 0.971307 0.126183 0.972370 0.124606 0.972370 0.097792 0.971307 0.096215 0.971307 0.091483 0.970244 0.089905 0.970244 0.086751 0.969182 0.085174 0.969182 0.082019 0.968119 0.080442
3 0.876727 0.406940 0.875664 0.408517 0.851222 0.408517 0.850159 0.410095 0.850159 0.417981 0.849097 0.419558 0.849097 0.421136 0.848034 0.422713 0.848034 0.435331 0.849097 0.436909 0.849097 0.451104 0.848034 0.452681 0.848034 0.462145 0.849097 0.463722 0.850159 0.462145 0.852285 0.462145 0.853348 0.460568 0.882040 0.460568 0.883103 0.462145 0.884166 0.462145 0.885228 0.460568 0.885228 0.451104 0.884166 0.449527 0.884166 0.433754 0.885228 0.432177 0.885228 0.424290 0.884166 0.422713 0.884166 0.417981 0.883103 0.416404 0.883103 0.413249 0.884166 0.411672 0.884166 0.408517 0.880978 0.408517 0.879915 0.406940
3 0.560043 0.111987 0.558980 0.113565 0.558980 0.115142 0.557917 0.116719 0.557917 0.123028 0.556854 0.124606 0.556854 0.127760 0.555792 0.129338 0.555792 0.132492 0.556854 0.134069 0.556854 0.137224 0.555792 0.138801 0.555792 0.159306 0.556854 0.160883 0.557917 0.160883 0.558980 0.162461 0.585547 0.162461 0.586610 0.160883 0.587673 0.160883 0.588735 0.159306 0.588735 0.145110 0.587673 0.143533 0.587673 0.124606 0.586610 0.123028 0.586610 0.118297 0.585547 0.116719 0.585547 0.115142 0.583422 0.111987
7 0.956833 0.000000 0.956323 0.054085 0.953273 0.053707 0.953273 0.000000
7 0.944910 0.140394 0.948448 0.140836 0.878087 0.400915 0.875526 0.399653
7 0.765186 0.373817 0.761647 0.373375 0.753836 0.621293 0.757577 0.622256
6 0.954931 0.139464 0.952083 0.139685 0.920914 0.767382 0.924006 0.767240
9 0.551063 0.156151 0.550074 0.150852 0.303719 0.335016 0.305313 0.339590
6 0.565749 0.171845 0.563114 0.170631 0.468555 0.504243 0.470988 0.506467
6 0.595494 0.134117 0.595377 0.137950 0.932508 0.110599 0.932508 0.106656
6 0.788874 0.313817 0.787173 0.311293 0.932157 0.133013 0.932582 0.137019
6 0.968937 0.360584 0.969596 0.356672 0.787163 0.340126 0.787279 0.343912
6 0.635760 0.722981 0.632689 0.722129 0.621753 0.978691 0.624230 0.978691
1 0.918172 0.774448 0.917109 0.776025 0.907545 0.776025 0.906482 0.777603 0.906482 0.779180 0.905420 0.780757 0.905420 0.783912 0.904357 0.785489 0.904357 0.788644 0.903294 0.790221 0.903294 0.796530 0.904357 0.798107 0.904357 0.799685 0.903294 0.801262 0.903294 0.823344 0.904357 0.823344 0.905420 0.824921 0.921360 0.824921 0.922423 0.823344 0.925611 0.823344 0.926674 0.824921 0.931987 0.824921 0.933050 0.823344 0.935175 0.823344 0.935175 0.788644 0.934113 0.787066 0.934113 0.780757 0.933050 0.779180 0.933050 0.777603 0.930925 0.774448
4 0.643996 0.465300 0.642933 0.466877 0.641870 0.466877 0.640808 0.468454 0.640808 0.473186 0.639745 0.474763 0.639745 0.481073 0.638682 0.482650 0.638682 0.506309 0.637620 0.507886 0.637620 0.509464 0.638682 0.511041 0.638682 0.518927 0.662062 0.518927 0.663124 0.517350 0.668438 0.517350 0.669501 0.518927 0.670563 0.518927 0.671626 0.517350 0.673751 0.517350 0.673751 0.515773 0.674814 0.514196 0.674814 0.479495 0.673751 0.477918 0.673751 0.465300
2 0.447396 0.514196 0.446334 0.515773 0.446334 0.517350 0.445271 0.518927 0.445271 0.525237 0.444208 0.526814 0.444208 0.529968 0.443146 0.531546 0.443146 0.552050 0.442083 0.553628 0.442083 0.555205 0.443146 0.556782 0.443146 0.561514 0.444208 0.563091 0.473964 0.563091 0.475027 0.561514 0.475027 0.541009 0.476089 0.539432 0.476089 0.531546 0.475027 0.529968 0.475027 0.526814 0.473964 0.525237 0.473964 0.518927 0.470776 0.514196
3 0.622742 0.664038 0.621679 0.665615 0.621679 0.667192 0.620616 0.668770 0.620616 0.675079 0.619554 0.676656 0.619554 0.679811 0.618491 0.681388 0.618491 0.712934 0.625930 0.712934 0.626993 0.714511 0.631243 0.714511 0.632306 0.712934 0.640808 0.712934 0.641870 0.714511 0.642933 0.712934 0.650372 0.712934 0.651435 0.711356 0.651435 0.698738 0.650372 0.697161 0.650372 0.676656 0.649309 0.675079 0.649309 0.670347 0.648247 0.668770 0.648247 0.665615 0.647184 0.665615 0.646121 0.664038
3 0.742827 0.629338 0.741764 0.630915 0.740701 0.630915 0.740701 0.632492 0.739639 0.634069 0.739639 0.640379 0.738576 0.641956 0.738576 0.645110 0.737513 0.646688 0.737513 0.649842 0.738576 0.651420 0.738576 0.660883 0.737513 0.662461 0.737513 0.676656 0.738576 0.678233 0.769394 0.678233 0.770457 0.676656 0.770457 0.646688 0.769394 0.645110 0.769394 0.641956 0.768332 0.640379 0.768332 0.635647 0.767269 0.634069 0.767269 0.630915 0.766206 0.630915 0.765143 0.629338
