13 0.897981 0.446372 0.896918 0.447950 0.896918 0.449527 0.895855 0.451104 0.895855 0.458991 0.894793 0.460568 0.894793 0.463722 0.895855 0.465300 0.895855 0.468454 0.894793 0.470032 0.894793 0.479495 0.895855 0.481073 0.895855 0.482650 0.918172 0.482650 0.919235 0.481073 0.919235 0.468454 0.918172 0.466877 0.919235 0.465300 0.919235 0.462145 0.918172 0.460568 0.918172 0.454259 0.917109 0.452681 0.917109 0.449527 0.916047 0.447950 0.916047 0.446372
16 0.918172 0.716088 0.917109 0.717666 0.918172 0.719243 0.918172 0.742902 0.919235 0.744479 0.919235 0.752366 0.920298 0.753943 0.920298 0.755521 0.921360 0.755521 0.922423 0.757098 0.924548 0.757098 0.926674 0.760252 0.943677 0.760252 0.945802 0.763407 0.946865 0.763407 0.946865 0.761830 0.947928 0.760252 0.947928 0.738170 0.948990 0.736593 0.948990 0.717666 0.947928 0.716088
6 0.953135 0.736278 0.953454 0.742271 1.000000 0.742271 1.000000 0.738628 1.000000 0.735647
6 0.392242 0.330442 0.392986 0.323028 0.542827 0.420505 0.541881 0.432666
6 0.795218 0.177445 0.806270 0.175868 0.901488 0.437066 0.897662 0.439432
6 0.964633 0.120868 0.969926 0.120978 0.915622 0.438959 0.909883 0.439117
6 0.683507 0.813896 0.683953 0.798107 0.915260 0.737792 0.916738 0.751814
16 0.648247 0.787066 0.648247 0.788644 0.647184 0.790221 0.647184 0.801262 0.648247 0.802839 0.648247 0.807571 0.647184 0.809148 0.648247 0.810726 0.648247 0.821767 0.649309 0.823344 0.649309 0.824921 0.650372 0.826498 0.650372 0.832808 0.653560 0.832808 0.654623 0.831230 0.659936 0.831230 0.660999 0.832808 0.670563 0.832808 0.671626 0.831230 0.672689 0.831230 0.673751 0.829653 0.674814 0.831230 0.674814 0.832808 0.678002 0.832808 0.678002 0.820189 0.679065 0.818612 0.679065 0.809148 0.678002 0.807571 0.678002 0.799685 0.679065 0.798107 0.679065 0.790221 0.678002 0.788644 0.678002 0.787066 0.670563 0.787066 0.669501 0.788644 0.658874 0.788644 0.657811 0.787066
6 0.289904 0.547950 0.289267 0.556625 0.512540 0.752839 0.511583 0.744479
6 0.549734 0.776183 0.549947 0.765931 0.646015 0.800946 0.646121 0.810410
6 0.773358 0.175694 0.701998 0.415931 0.705845 0.416814 0.778289 0.175568
6 0.578502 0.440047 0.578289 0.444779 0.677906 0.446514 0.677906 0.440174
16 0.514346 0.741325 0.514346 0.742902 0.513284 0.744479 0.513284 0.749211 0.514346 0.750789 0.514346 0.753943 0.515409 0.755521 0.515409 0.761830 0.514346 0.763407 0.515409 0.764984 0.515409 0.776025 0.516472 0.777603 0.516472 0.779180 0.517535 0.780757 0.519660 0.780757 0.520723 0.782334 0.521785 0.782334 0.522848 0.783912 0.526036 0.783912 0.527099 0.785489 0.538789 0.785489 0.539851 0.783912 0.543039 0.788644 0.547290 0.788644 0.548353 0.787066 0.548353 0.744479 0.547290 0.742902 0.547290 0.741325
13 0.255048 0.514196 0.255048 0.539432 0.256111 0.541009 0.256111 0.552050 0.257173 0.553628 0.257173 0.558360 0.256111 0.559937 0.264612 0.559937 0.265675 0.558360 0.274176 0.558360 0.275239 0.559937 0.286929 0.559937 0.286929 0.514196
13 0.985122 0.069401 0.982997 0.072555 0.982997 0.074132 0.981934 0.075710 0.980871 0.074132 0.979809 0.074132 0.978746 0.072555 0.975558 0.072555 0.974495 0.074132 0.973433 0.072555 0.963868 0.072555 0.962806 0.070978 0.957492 0.070978 0.956429 0.072555 0.956429 0.086751 0.955367 0.088328 0.955367 0.089905 0.956429 0.091483 0.956429 0.113565 0.957492 0.115142 0.959617 0.115142 0.961743 0.111987 0.963868 0.111987 0.964931 0.113565 0.968119 0.113565 0.969182 0.111987 0.980871 0.111987 0.981934 0.113565 0.982997 0.113565 0.985122 0.116719 0.985122 0.118297 0.986185 0.118297 0.986185 0.115142 0.987248 0.113565 0.987248 0.110410 0.986185 0.108833 0.986185 0.102524 0.985122 0.100946 0.985122 0.099369 0.986185 0.097792 0.986185 0.075710 0.987248 0.074132 0.987248 0.070978 0.986185 0.069401
13 0.704570 0.421136 0.703507 0.422713 0.681190 0.422713 0.681190 0.425868 0.682253 0.427445 0.682253 0.430599 0.683316 0.432177 0.682253 0.433754 0.682253 0.457413 0.681190 0.458991 0.681190 0.460568 0.680128 0.462145 0.680128 0.463722 0.678002 0.466877 0.681190 0.466877 0.682253 0.465300 0.687566 0.465300 0.688629 0.466877 0.689692 0.466877 0.690755 0.465300 0.693943 0.465300 0.695005 0.466877 0.709883 0.466877 0.709883 0.440063 0.708820 0.438486 0.708820 0.433754 0.707758 0.432177 0.708820 0.430599 0.708820 0.424290 0.707758 0.422713 0.705632 0.422713
6 0.364718 0.342429 0.357917 0.341956 0.281828 0.507886 0.288310 0.508202
13 0.357067 0.290221 0.357067 0.299685 0.358130 0.299685 0.360255 0.302839 0.360255 0.307571 0.359192 0.309148 0.359192 0.313880 0.360255 0.315457 0.359192 0.317035 0.359192 0.323344 0.360255 0.324921 0.360255 0.329653 0.359192 0.331230 0.359192 0.334385 0.360255 0.334385 0.361318 0.335962 0.365569 0.335962 0.366631 0.334385 0.383634 0.334385 0.384697 0.335962 0.387885 0.335962 0.388948 0.334385 0.388948 0.301262 0.387885 0.299685 0.387885 0.298107 0.388948 0.296530 0.388948 0.291798 0.387885 0.290221 0.382572 0.290221 0.381509 0.291798 0.365569 0.291798 0.364506 0.290221
17 0.777896 0.126183 0.776833 0.127760 0.775770 0.127760 0.773645 0.130915 0.773645 0.134069 0.772582 0.135647 0.772582 0.140379 0.771520 0.141956 0.771520 0.159306 0.772582 0.157729 0.780021 0.157729 0.781084 0.159306 0.781084 0.160883 0.782147 0.162461 0.785335 0.157729 0.792774 0.157729 0.793836 0.159306 0.794899 0.157729 0.794899 0.156151 0.795962 0.154574 0.795962 0.143533 0.797024 0.141956 0.797024 0.129338 0.794899 0.126183
18 0.543039 0.414826 0.543039 0.416404 0.544102 0.417981 0.544102 0.435331 0.543039 0.436909 0.543039 0.441640 0.544102 0.443218 0.544102 0.444795 0.543039 0.446372 0.543039 0.465300 0.556854 0.465300 0.557917 0.463722 0.570670 0.463722 0.571732 0.465300 0.574920 0.465300 0.575983 0.463722 0.575983 0.416404 0.574920 0.414826
