4 0.657811 0.421136 0.656748 0.422713 0.642933 0.422713 0.642933 0.424290 0.640808 0.427445 0.639745 0.427445 0.639745 0.432177 0.638682 0.433754 0.638682 0.463722 0.637620 0.465300 0.637620 0.473186 0.638682 0.474763 0.639745 0.474763 0.640808 0.476341 0.648247 0.476341 0.649309 0.474763 0.673751 0.474763 0.674814 0.473186 0.674814 0.452681 0.673751 0.451104 0.673751 0.447950 0.674814 0.446372 0.674814 0.441640 0.673751 0.440063 0.673751 0.433754 0.672689 0.432177 0.672689 0.429022 0.671626 0.427445 0.671626 0.425868 0.669501 0.422713 0.658874 0.422713
2 0.324123 0.408517 0.323061 0.410095 0.321998 0.410095 0.320935 0.411672 0.320935 0.413249 0.319872 0.414826 0.319872 0.416404 0.318810 0.417981 0.318810 0.421136 0.317747 0.422713 0.317747 0.443218 0.316684 0.444795 0.316684 0.451104 0.317747 0.452681 0.317747 0.457413 0.318810 0.458991 0.348565 0.458991 0.349628 0.457413 0.349628 0.429022 0.350691 0.427445 0.349628 0.425868 0.349628 0.421136 0.348565 0.419558 0.348565 0.414826 0.347503 0.413249 0.347503 0.411672 0.346440 0.410095 0.327311 0.410095 0.326249 0.408517
2 0.618491 0.269716 0.617428 0.271293 0.608927 0.271293 0.608927 0.272871 0.607864 0.274448 0.607864 0.277603 0.606801 0.279180 0.606801 0.285489 0.605739 0.287066 0.605739 0.296530 0.606801 0.298107 0.605739 0.299685 0.605739 0.317035 0.606801 0.318612 0.608927 0.318612 0.609989 0.320189 0.613177 0.320189 0.614240 0.318612 0.624867 0.318612 0.625930 0.320189 0.626993 0.320189 0.628055 0.318612 0.637620 0.318612 0.637620 0.317035 0.638682 0.315457 0.637620 0.313880 0.637620 0.283912 0.636557 0.282334 0.636557 0.279180 0.635494 0.277603 0.635494 0.274448 0.634431 0.272871 0.634431 0.271293 0.631243 0.271293 0.630181 0.269716
1 0.017003 0.287066 0.013815 0.291798 0.013815 0.294953 0.012752 0.296530 0.012752 0.302839 0.011690 0.304416 0.011690 0.312303 0.012752 0.313880 0.012752 0.315457 0.011690 0.317035 0.011690 0.335962 0.012752 0.337539 0.042508 0.337539 0.043571 0.335962 0.044633 0.335962 0.044633 0.317035 0.043571 0.315457 0.044633 0.313880 0.044633 0.309148 0.043571 0.307571 0.043571 0.301262 0.042508 0.299685 0.042508 0.294953 0.041445 0.293375 0.041445 0.290221 0.040383 0.288644 0.037194 0.288644 0.036132 0.287066 0.029756 0.287066 0.028693 0.288644 0.019129 0.288644 0.018066 0.287066
3 0.133900 0.362776 0.133900 0.365931 0.132837 0.367508 0.132837 0.372240 0.131775 0.373817 0.131775 0.376972 0.130712 0.378549 0.130712 0.410095 0.131775 0.410095 0.132837 0.411672 0.161530 0.411672 0.162593 0.410095 0.163656 0.410095 0.163656 0.389590 0.162593 0.388013 0.162593 0.386435 0.163656 0.384858 0.163656 0.378549 0.162593 0.376972 0.162593 0.373817 0.161530 0.372240 0.161530 0.367508 0.160468 0.365931 0.160468 0.364353 0.159405 0.362776
2 0.391073 0.239748 0.388948 0.242902 0.388948 0.247634 0.387885 0.249211 0.387885 0.257098 0.386823 0.258675 0.386823 0.285489 0.387885 0.287066 0.387885 0.288644 0.391073 0.288644 0.392136 0.290221 0.396387 0.290221 0.397450 0.288644 0.412327 0.288644 0.413390 0.290221 0.416578 0.290221 0.417641 0.288644 0.418704 0.288644 0.419766 0.287066 0.419766 0.282334 0.418704 0.280757 0.419766 0.279180 0.419766 0.271293 0.418704 0.269716 0.418704 0.264984 0.419766 0.263407 0.419766 0.258675 0.418704 0.257098 0.418704 0.253943 0.417641 0.252366 0.417641 0.247634 0.416578 0.246057 0.416578 0.244479 0.415515 0.242902 0.415515 0.241325 0.411265 0.241325 0.410202 0.239748 0.398512 0.239748 0.397450 0.241325 0.396387 0.241325 0.395324 0.239748
0 0.231668 0.332808 0.231668 0.334385 0.230606 0.335962 0.230606 0.342271 0.229543 0.343849 0.229543 0.348580 0.228480 0.350158 0.228480 0.380126 0.229543 0.381703 0.259299 0.381703 0.260361 0.380126 0.261424 0.380126 0.261424 0.364353 0.260361 0.362776 0.260361 0.356467 0.261424 0.354890 0.261424 0.350158 0.260361 0.348580 0.260361 0.345426 0.259299 0.343849 0.259299 0.335962 0.257173 0.332808
6 0.000404 0.235473 0.000000 0.229180 0.000000 0.228849 0.386174 0.268044 0.386599 0.273722
6 0.423518 0.279527 0.423092 0.272760 0.603092 0.288675 0.602848 0.297082
6 0.601424 0.308991 0.600361 0.304101 0.356111 0.420063 0.356111 0.427634
6 0.320266 0.469811 0.315271 0.463975 0.216791 0.638864 0.222072 0.643060
6 0.123953 0.378312 0.124485 0.368218 0.051796 0.319621 0.048927 0.334306
9 0.223188 0.366372 0.223549 0.359085 0.169086 0.376782 0.169447 0.381893
9 0.259851 0.054448 0.260170 0.048297 0.000064 0.162145 0.000170 0.169716
9 0.301594 0.072744 0.298193 0.075741 0.384814 0.234022 0.386908 0.229101
9 0.222189 0.658170 0.222295 0.664006 0.631775 0.466719 0.632625 0.456467
9 0.000138 0.818738 0.000000 0.826009 0.000000 0.836356 0.027651 0.974101 0.032327 0.970946
9 0.000191 0.630410 0.000021 0.615741 0.114857 1.000000 0.110776 1.000000
9 0.007885 0.505852 0.004633 0.512855 0.217556 1.000000 0.226780 1.000000
9 0.000000 0.384858 0.000149 0.391924 0.178077 0.644416 0.179065 0.636356 0.000000 0.382382
7 0.216217 0.704874 0.211775 0.709937 0.334623 1.000000 0.337386 1.000000 0.339979 0.998849
1 0.262487 0.012618 0.262487 0.017350 0.263549 0.018927 0.263549 0.022082 0.262487 0.023659 0.262487 0.034700 0.261424 0.036278 0.261424 0.037855 0.262487 0.039432 0.262487 0.052050 0.261424 0.053628 0.262487 0.055205 0.262487 0.064669 0.261424 0.066246 0.262487 0.067823 0.262487 0.069401 0.265675 0.069401 0.266738 0.067823 0.296493 0.067823 0.297556 0.069401 0.299681 0.069401 0.300744 0.067823 0.300744 0.061514 0.299681 0.059937 0.299681 0.033123 0.298618 0.031546 0.298618 0.028391 0.297556 0.026814 0.297556 0.023659 0.296493 0.022082 0.296493 0.017350 0.295430 0.015773 0.295430 0.014196 0.294368 0.012618 0.293305 0.012618 0.292242 0.014196 0.265675 0.014196 0.264612 0.012618
1 0.188098 0.648265 0.185972 0.651420 0.185972 0.657729 0.184910 0.659306 0.184910 0.664038 0.183847 0.665615 0.184910 0.667192 0.184910 0.676656 0.183847 0.678233 0.183847 0.695584 0.184910 0.697161 0.185972 0.697161 0.187035 0.698738 0.194474 0.698738 0.195537 0.697161 0.207226 0.697161 0.208289 0.698738 0.213603 0.698738 0.214665 0.697161 0.215728 0.697161 0.215728 0.662461 0.214665 0.660883 0.214665 0.656151 0.213603 0.654574 0.213603 0.651420 0.212540 0.649842 0.212540 0.648265
