6 0.266089 0.070631 0.264814 0.074574 0.636312 0.080457 0.636312 0.075568
6 0.000584 0.081861 0.000266 0.086924 0.230329 0.080883 0.230223 0.073785
8 0.404835 0.698817 0.404506 0.693927 0.639129 0.464574 0.639022 0.470252 0.529511 0.578202 0.404931 0.698770
8 0.654474 0.103864 0.650648 0.105442 0.655962 0.422303 0.658618 0.422461
15 0.008480 0.497461 0.013050 0.497618 0.015069 0.499984 0.017301 0.503612 0.016344 0.525063 0.011350 0.530268 0.005505 0.533107 0.000298 0.533107 0.000000 0.532666 0.000000 0.518785 0.002635 0.515599 0.006567 0.511814 0.008905 0.506293 0.008799 0.497934
6 0.023401 0.521909 0.022125 0.528060 0.366833 0.707319 0.366833 0.700536
14 0.645058 0.424290 0.643996 0.425868 0.641870 0.425868 0.640808 0.427445 0.640808 0.468454 0.641870 0.470032 0.645058 0.470032 0.646121 0.471609 0.647184 0.470032 0.652497 0.470032 0.653560 0.471609 0.655685 0.471609 0.656748 0.470032 0.669501 0.470032 0.670563 0.468454 0.671626 0.468454 0.672689 0.466877 0.671626 0.465300 0.671626 0.427445 0.670563 0.427445 0.669501 0.425868 0.659936 0.425868 0.658874 0.424290 0.652497 0.424290 0.651435 0.425868 0.648247 0.425868 0.647184 0.424290
17 0.398512 0.689274 0.397450 0.690852 0.388948 0.690852 0.387885 0.692429 0.378321 0.692429 0.377258 0.690852 0.376196 0.690852 0.373007 0.695584 0.370882 0.695584 0.368757 0.692429 0.368757 0.694006 0.370882 0.697161 0.370882 0.701893 0.369819 0.703470 0.369819 0.717666 0.370882 0.719243 0.370882 0.730284 0.371945 0.731861 0.371945 0.733438 0.374070 0.733438 0.375133 0.731861 0.378321 0.731861 0.379384 0.733438 0.381509 0.733438 0.382572 0.735016 0.386823 0.735016 0.387885 0.733438 0.388948 0.733438 0.390011 0.735016 0.397450 0.735016 0.398512 0.736593 0.400638 0.736593 0.400638 0.731861 0.399575 0.730284 0.399575 0.723975 0.400638 0.722397 0.399575 0.720820 0.399575 0.716088 0.400638 0.714511 0.400638 0.695584 0.401700 0.694006 0.400638 0.692429 0.400638 0.690852 0.399575 0.689274
12 0.236982 0.055205 0.235919 0.056782 0.235919 0.061514 0.234857 0.063091 0.234857 0.064669 0.233794 0.066246 0.233794 0.089905 0.235919 0.093060 0.240170 0.093060 0.241233 0.091483 0.253985 0.091483 0.255048 0.093060 0.256111 0.091483 0.257173 0.091483 0.258236 0.089905 0.258236 0.078864 0.257173 0.077287 0.257173 0.069401 0.258236 0.067823 0.258236 0.066246 0.257173 0.064669 0.257173 0.063091 0.256111 0.061514 0.256111 0.056782 0.255048 0.055205
13 0.643996 0.058360 0.642933 0.059937 0.641870 0.059937 0.641870 0.063091 0.640808 0.064669 0.640808 0.067823 0.639745 0.069401 0.639745 0.094637 0.640808 0.094637 0.641870 0.096215 0.660999 0.096215 0.662062 0.094637 0.664187 0.094637 0.664187 0.070978 0.663124 0.069401 0.663124 0.064669 0.662062 0.063091 0.662062 0.059937 0.660999 0.058360
