13 0.075452 0.179811 0.074389 0.181388 0.074389 0.182965 0.073326 0.184543 0.073326 0.189274 0.072264 0.190852 0.072264 0.216088 0.077577 0.216088 0.078640 0.217666 0.094580 0.217666 0.095643 0.216088 0.096706 0.216088 0.096706 0.212934 0.097768 0.211356 0.096706 0.209779 0.096706 0.190852 0.095643 0.189274 0.095643 0.182965 0.093518 0.179811
16 0.859724 0.235016 0.860786 0.235016 0.859724 0.235016 0.857598 0.230284 0.911796 0.230284 0.911796 0.227129 0.856536 0.159306 0.858661 0.167192 0.857598 0.168770 0.857598 0.171924 0.856536 0.173502 0.856536 0.209779 0.857598 0.211356 0.857598 0.219243 0.861849 0.225552 0.862912 0.225552 0.863974 0.227129 0.866100 0.227129 0.867163 0.228707 0.867163 0.230284 0.868225 0.231861 0.873539 0.231861 0.874601 0.233438 0.880978 0.233438 0.882040 0.235016 0.887354 0.235016 0.888417 0.233438 0.891605 0.233438 0.892667 0.231861 0.894793 0.231861 0.895855 0.230284 0.900106 0.230284 0.900106 0.228707 0.901169 0.227129 0.902232 0.227129 0.903294 0.225552 0.904357 0.225552 0.907545 0.220820 0.908608 0.220820 0.909671 0.219243 0.909671 0.179811 0.910733 0.178233 0.910733 0.168770 0.907545 0.168770 0.905420 0.165615 0.907545 0.160883 0.908608 0.160883 0.909671 0.162461 0.911796 0.162461 0.911796 0.156151 0.910733 0.154574 0.909671 0.154574 0.908608 0.156151 0.907545 0.156151 0.907545 0.157729 0.906482 0.159306 0.907545 0.160883 0.905420 0.165615 0.904357 0.165615 0.902232 0.162461 0.900106 0.162461 0.899044 0.160883 0.897981 0.160883 0.896918 0.159306 0.895855 0.159306 0.894793 0.157729 0.888417 0.157729 0.887354 0.156151 0.876727 0.156151 0.875664 0.157729 0.873539 0.157729 0.872476 0.159306 0.870351 0.159306 0.869288 0.160883 0.866100 0.160883 0.862912 0.165615 0.861849 0.165615 0.860786 0.167192 0.858661 0.167192 0.856536 0.159306 0.856536 0.159306 0.911796 0.227129 0.911796 0.230284 0.857598 0.230284 0.857598 0.228707 0.856536 0.228707 0.856536 0.230284 0.857598 0.230284
14 0.129649 0.548896 0.129649 0.550473 0.128587 0.552050 0.128587 0.558360 0.127524 0.559937 0.127524 0.564669 0.126461 0.566246 0.126461 0.569401 0.127524 0.570978 0.127524 0.578864 0.126461 0.580442 0.126461 0.589905 0.128587 0.589905 0.129649 0.591483 0.130712 0.591483 0.131775 0.589905 0.154091 0.589905 0.155154 0.588328 0.155154 0.583596 0.154091 0.582019 0.154091 0.559937 0.153029 0.558360 0.153029 0.555205 0.151966 0.553628 0.153029 0.552050 0.153029 0.550473 0.154091 0.548896
16 0.595112 0.173502 0.594049 0.175079 0.589798 0.175079 0.588735 0.176656 0.584485 0.176656 0.583422 0.175079 0.578108 0.175079 0.577046 0.176656 0.567481 0.176656 0.566419 0.175079 0.563231 0.175079 0.563231 0.197161 0.564293 0.198738 0.564293 0.209779 0.565356 0.211356 0.565356 0.212934 0.566419 0.212934 0.567481 0.214511 0.572795 0.214511 0.573858 0.216088 0.591923 0.216088 0.592986 0.217666 0.595112 0.217666 0.595112 0.208202 0.594049 0.206625 0.594049 0.201893 0.595112 0.200315
16 0.716259 0.600946 0.716259 0.600946 0.719447 0.597792 0.721573 0.597792 0.722635 0.599369 0.732200 0.599369 0.733262 0.600946 0.740701 0.600946 0.741764 0.599369 0.746015 0.599369 0.747078 0.597792 0.747078 0.567823 0.748140 0.566246 0.748140 0.561514 0.747078 0.559937 0.716259 0.559937 0.716259 0.567823 0.717322 0.569401 0.717322 0.572555 0.716259 0.574132 0.716259 0.580442 0.717322 0.582019 0.717322 0.589905 0.718385 0.591483 0.718385 0.594637 0.719447 0.596215 0.719447 0.597792
13 0.384697 0.547319 0.384697 0.552050 0.387885 0.552050 0.388948 0.553628 0.388948 0.555205 0.387885 0.556782 0.386823 0.556782 0.386823 0.558360 0.385760 0.559937 0.385760 0.570978 0.384697 0.572555 0.385760 0.574132 0.385760 0.580442 0.384697 0.582019 0.384697 0.594637 0.385760 0.594637 0.386823 0.593060 0.387885 0.593060 0.388948 0.591483 0.408077 0.591483 0.409139 0.589905 0.415515 0.589905 0.415515 0.586751 0.414453 0.585174 0.414453 0.577287 0.415515 0.575710 0.415515 0.574132 0.416578 0.572555 0.416578 0.567823 0.415515 0.566246 0.415515 0.564669 0.414453 0.563091 0.414453 0.556782 0.413390 0.555205 0.413390 0.553628 0.416578 0.548896 0.415515 0.547319 0.411265 0.547319 0.410202 0.548896 0.409139 0.548896 0.408077 0.550473 0.407014 0.550473 0.405951 0.548896 0.401700 0.548896 0.400638 0.547319
6 0.713560 0.582997 0.713560 0.577476 0.420712 0.567603 0.420202 0.577066
8 0.087896 0.227650 0.091328 0.226798 0.139681 0.541498 0.135547 0.542965
8 0.383337 0.573470 0.383337 0.568896 0.159957 0.567429 0.159957 0.570110
6 0.598459 0.200237 0.598512 0.193060 0.853528 0.193391 0.853528 0.201293
6 0.101382 0.195899 0.101169 0.202524 0.561530 0.199527 0.561637 0.193375
