6 0.664293 0.235331 0.664825 0.245426 0.445271 0.000315 0.458130 0.000000
4 0.858661 0.544164 0.856536 0.547319 0.856536 0.553628 0.855473 0.555205 0.855473 0.563091 0.854410 0.564669 0.854410 0.566246 0.855473 0.567823 0.855473 0.572555 0.854410 0.574132 0.854410 0.591483 0.855473 0.593060 0.886291 0.593060 0.887354 0.591483 0.887354 0.563091 0.886291 0.561514 0.886291 0.556782 0.885228 0.555205 0.885228 0.552050 0.884166 0.550473 0.884166 0.545741 0.883103 0.544164
3 0.704570 0.238170 0.703507 0.239748 0.702444 0.239748 0.701382 0.241325 0.697131 0.241325 0.696068 0.239748 0.688629 0.239748 0.687566 0.241325 0.671626 0.241325 0.670563 0.242902 0.670563 0.246057 0.669501 0.247634 0.669501 0.249211 0.668438 0.250789 0.668438 0.258675 0.667375 0.260252 0.667375 0.282334 0.666312 0.283912 0.666312 0.290221 0.665250 0.291798 0.665250 0.294953 0.666312 0.294953 0.667375 0.296530 0.669501 0.296530 0.670563 0.294953 0.679065 0.294953 0.680128 0.293375 0.682253 0.293375 0.683316 0.294953 0.686504 0.294953 0.687566 0.293375 0.689692 0.293375 0.690755 0.294953 0.705632 0.294953 0.705632 0.293375 0.706695 0.291798 0.705632 0.290221 0.705632 0.264984 0.704570 0.263407 0.704570 0.247634 0.705632 0.246057 0.705632 0.239748
3 0.844846 0.288644 0.843783 0.290221 0.827843 0.290221 0.825717 0.293375 0.825717 0.299685 0.824655 0.301262 0.824655 0.305994 0.823592 0.307571 0.823592 0.310726 0.824655 0.312303 0.824655 0.318612 0.823592 0.320189 0.823592 0.335962 0.825717 0.339117 0.848034 0.339117 0.849097 0.337539 0.855473 0.337539 0.856536 0.335962 0.856536 0.309148 0.855473 0.307571 0.855473 0.302839 0.854410 0.301262 0.854410 0.296530 0.853348 0.294953 0.853348 0.291798 0.852285 0.290221 0.846971 0.290221 0.845909 0.288644
4 0.533475 0.646688 0.532412 0.648265 0.532412 0.651420 0.531350 0.652997 0.531350 0.657729 0.530287 0.659306 0.530287 0.662461 0.529224 0.664038 0.529224 0.668770 0.530287 0.670347 0.529224 0.671924 0.529224 0.694006 0.530287 0.694006 0.531350 0.695584 0.535600 0.695584 0.536663 0.697161 0.537726 0.695584 0.561105 0.695584 0.562168 0.694006 0.562168 0.675079 0.561105 0.673502 0.561105 0.668770 0.562168 0.667192 0.562168 0.665615 0.561105 0.664038 0.561105 0.660883 0.560043 0.659306 0.560043 0.652997 0.558980 0.651420 0.558980 0.648265 0.557917 0.646688
3 0.097768 0.282334 0.096706 0.283912 0.096706 0.285489 0.095643 0.287066 0.095643 0.293375 0.094580 0.294953 0.094580 0.310726 0.093518 0.312303 0.093518 0.329653 0.094580 0.329653 0.095643 0.331230 0.124336 0.331230 0.125399 0.329653 0.126461 0.329653 0.126461 0.298107 0.125399 0.296530 0.125399 0.294953 0.124336 0.293375 0.124336 0.288644 0.123273 0.287066 0.123273 0.285489 0.122210 0.283912 0.122210 0.282334
4 0.892667 0.007886 0.891605 0.009464 0.874601 0.009464 0.873539 0.011041 0.868225 0.011041 0.867163 0.009464 0.863974 0.009464 0.862912 0.011041 0.861849 0.011041 0.861849 0.012618 0.860786 0.014196 0.860786 0.015773 0.861849 0.017350 0.861849 0.020505 0.860786 0.022082 0.860786 0.067823 0.880978 0.067823 0.882040 0.066246 0.886291 0.066246 0.887354 0.067823 0.900106 0.067823 0.900106 0.056782 0.899044 0.055205 0.899044 0.039432 0.900106 0.037855 0.900106 0.031546 0.899044 0.029968 0.899044 0.023659 0.900106 0.022082 0.900106 0.007886
4 0.630181 0.048896 0.629118 0.050473 0.628055 0.050473 0.626993 0.052050 0.626993 0.099369 0.625930 0.100946 0.626993 0.102524 0.626993 0.105678 0.628055 0.107256 0.629118 0.107256 0.630181 0.108833 0.638682 0.108833 0.639745 0.107256 0.646121 0.107256 0.647184 0.108833 0.664187 0.108833 0.666312 0.105678 0.666312 0.104101 0.667375 0.102524 0.667375 0.082019 0.666312 0.080442 0.666312 0.067823 0.667375 0.066246 0.667375 0.055205 0.666312 0.053628 0.666312 0.050473 0.665250 0.048896 0.656748 0.048896 0.655685 0.050473 0.632306 0.050473 0.631243 0.048896
4 0.712009 0.787066 0.710946 0.788644 0.709883 0.788644 0.709883 0.790221 0.708820 0.791798 0.708820 0.798107 0.707758 0.799685 0.707758 0.802839 0.706695 0.804416 0.706695 0.835962 0.707758 0.837539 0.726886 0.837539 0.727949 0.835962 0.729012 0.837539 0.737513 0.837539 0.738576 0.835962 0.739639 0.835962 0.739639 0.804416 0.738576 0.802839 0.738576 0.801262 0.737513 0.799685 0.737513 0.794953 0.736451 0.793375 0.736451 0.790221 0.735388 0.788644 0.734325 0.788644 0.733262 0.787066
9 0.663974 0.253628 0.664506 0.247476 0.319554 0.000158 0.316111 0.000000 0.311892 0.000221
9 0.702338 0.790379 0.700871 0.796104 0.566950 0.690852 0.569182 0.684385
6 0.710096 0.269558 0.710414 0.277760 0.818066 0.312776 0.820404 0.303155
6 0.681190 0.301104 0.673220 0.301577 0.554516 0.638801 0.560574 0.639274
6 0.664293 0.272240 0.664825 0.266562 0.132837 0.301893 0.133050 0.308517
