9 0.519118 0.003375 0.527354 0.001183 0.576174 0.391703 0.572370 0.391924
6 0.304006 0.015962 0.313486 0.019227 0.218374 0.265536 0.212646 0.260315
9 0.492465 0.002066 0.497981 0.001215 0.477131 0.532397 0.470234 0.530868
6 0.449203 0.003139 0.457354 0.001830 0.327035 0.430489 0.322434 0.424432
3 0.641583 0.000268 0.641583 0.024243 0.679841 0.023927 0.679416 0.000110
6 0.228385 0.323801 0.225537 0.330568 0.293199 0.435536 0.294378 0.419716
2 0.462274 0.539432 0.461211 0.541009 0.459086 0.541009 0.458023 0.542587 0.458023 0.548896 0.456961 0.550473 0.456961 0.558360 0.455898 0.559937 0.455898 0.561514 0.456961 0.563091 0.456961 0.575710 0.455898 0.577287 0.455898 0.585174 0.456961 0.586751 0.456961 0.588328 0.487779 0.588328 0.488842 0.586751 0.488842 0.574132 0.487779 0.572555 0.487779 0.564669 0.488842 0.563091 0.488842 0.555205 0.487779 0.553628 0.487779 0.550473 0.486716 0.548896 0.486716 0.542587 0.485654 0.541009 0.484591 0.541009 0.483528 0.539432
4 0.872476 0.339117 0.872476 0.339117 0.874601 0.335962 0.908608 0.335962 0.909671 0.334385 0.911796 0.334385 0.911796 0.320189 0.910733 0.318612 0.910733 0.301262 0.909671 0.299685 0.909671 0.294953 0.908608 0.293375 0.908608 0.290221 0.907545 0.288644 0.907545 0.287066 0.905420 0.283912 0.904357 0.283912 0.903294 0.282334 0.880978 0.282334 0.879915 0.283912 0.879915 0.285489 0.878852 0.287066 0.878852 0.291798 0.877790 0.293375 0.877790 0.298107 0.876727 0.299685 0.876727 0.302839 0.875664 0.304416 0.875664 0.312303 0.874601 0.313880 0.874601 0.329653 0.873539 0.331230 0.873539 0.334385 0.874601 0.335962
2 0.566419 0.399054 0.565356 0.400631 0.564293 0.400631 0.564293 0.402208 0.563231 0.403785 0.563231 0.408517 0.562168 0.410095 0.562168 0.414826 0.561105 0.416404 0.561105 0.422713 0.562168 0.424290 0.562168 0.425868 0.561105 0.427445 0.561105 0.446372 0.562168 0.446372 0.563231 0.447950 0.590861 0.447950 0.591923 0.446372 0.592986 0.446372 0.594049 0.444795 0.594049 0.414826 0.592986 0.413249 0.592986 0.411672 0.591923 0.410095 0.591923 0.405363 0.590861 0.403785 0.590861 0.400631 0.588735 0.400631 0.587673 0.399054
1 0.325186 0.432177 0.324123 0.433754 0.301807 0.433754 0.300744 0.435331 0.300744 0.436909 0.299681 0.438486 0.299681 0.443218 0.298618 0.444795 0.298618 0.465300 0.297556 0.466877 0.297556 0.470032 0.298618 0.471609 0.298618 0.482650 0.329437 0.482650 0.330499 0.481073 0.330499 0.463722 0.329437 0.462145 0.329437 0.443218 0.328374 0.441640 0.328374 0.438486 0.327311 0.436909 0.327311 0.435331
2 0.200850 0.266562 0.199787 0.268139 0.191286 0.268139 0.190223 0.269716 0.190223 0.271293 0.189160 0.272871 0.189160 0.277603 0.188098 0.279180 0.188098 0.285489 0.187035 0.287066 0.187035 0.315457 0.188098 0.317035 0.209352 0.317035 0.210414 0.315457 0.212540 0.315457 0.213603 0.317035 0.216791 0.317035 0.217853 0.315457 0.219979 0.315457 0.219979 0.310726 0.221041 0.309148 0.221041 0.304416 0.219979 0.302839 0.219979 0.294953 0.218916 0.293375 0.218916 0.290221 0.219979 0.288644 0.219979 0.287066 0.218916 0.285489 0.218916 0.280757 0.217853 0.279180 0.217853 0.274448 0.216791 0.272871 0.216791 0.271293 0.214665 0.268139 0.202976 0.268139 0.201913 0.266562
