1 0.737513 0.537855 0.736451 0.539432 0.722635 0.539432 0.721573 0.541009 0.720510 0.541009 0.720510 0.542587 0.719447 0.544164 0.719447 0.548896 0.718385 0.550473 0.718385 0.552050 0.716259 0.555205 0.716259 0.575710 0.715197 0.577287 0.715197 0.588328 0.716259 0.588328 0.717322 0.589905 0.725824 0.589905 0.726886 0.588328 0.732200 0.588328 0.733262 0.589905 0.749203 0.589905 0.750266 0.588328 0.751328 0.588328 0.750266 0.586751 0.750266 0.582019 0.751328 0.580442 0.751328 0.558360 0.750266 0.556782 0.750266 0.552050 0.749203 0.550473 0.749203 0.547319 0.748140 0.545741 0.748140 0.542587 0.747078 0.541009 0.747078 0.539432 0.742827 0.539432 0.741764 0.537855
6 0.451254 0.399274 0.454123 0.393060 0.793656 0.933438 0.791647 0.937066
6 0.526493 0.856199 0.526812 0.849259 0.804665 0.976325 0.804559 0.983580
6 0.376621 0.595079 0.384740 0.592886 0.489458 0.806814 0.486759 0.813927
6 0.415228 0.397319 0.424485 0.400915 0.376440 0.534685 0.368948 0.532729
9 0.850553 0.992397 0.850128 0.987192 0.999787 0.984385 1.000000 0.988375 1.000000 0.988454
9 0.999075 0.871136 0.999501 0.863754 0.898353 0.934495 0.908023 0.934069
9 0.999192 0.703281 0.999511 0.713218 0.862412 0.934653 0.858587 0.934338
9 0.738895 0.598281 0.743783 0.596703 0.817109 0.933801 0.812561 0.933628
7 0.868406 0.932271 0.865112 0.931956 0.985643 0.753991 0.985643 0.761404
9 0.896026 0.602208 0.901923 0.602571 0.839490 0.934669 0.834920 0.933612
9 0.915537 0.148849 0.920096 0.148849 0.908066 0.539826 0.904453 0.539038
6 0.984697 0.826498 0.984570 0.814085 0.874442 0.934842 0.882412 0.934432
6 0.565250 0.454054 0.559511 0.458785 0.796971 0.934574 0.801328 0.934085
7 0.766387 0.244984 0.773475 0.242792 0.825505 0.934558 0.819904 0.934558
3 0.418704 0.339117 0.418704 0.340694 0.417641 0.342271 0.417641 0.348580 0.416578 0.350158 0.416578 0.353312 0.415515 0.354890 0.415515 0.386435 0.416578 0.386435 0.417641 0.388013 0.446334 0.388013 0.448459 0.384858 0.448459 0.370662 0.447396 0.369085 0.447396 0.350158 0.446334 0.348580 0.446334 0.343849 0.445271 0.342271 0.445271 0.339117
0 0.350691 0.536278 0.349628 0.537855 0.349628 0.539432 0.348565 0.541009 0.348565 0.547319 0.347503 0.548896 0.347503 0.552050 0.346440 0.553628 0.346440 0.556782 0.347503 0.558360 0.347503 0.561514 0.346440 0.563091 0.346440 0.583596 0.347503 0.585174 0.378321 0.585174 0.379384 0.583596 0.379384 0.553628 0.378321 0.552050 0.378321 0.548896 0.377258 0.547319 0.377258 0.542587 0.376196 0.541009 0.376196 0.537855 0.375133 0.537855 0.374070 0.536278
2 0.754516 0.187697 0.753454 0.189274 0.753454 0.190852 0.752391 0.192429 0.752391 0.197161 0.751328 0.198738 0.751328 0.235016 0.774708 0.235016 0.775770 0.236593 0.781084 0.236593 0.782147 0.235016 0.783209 0.235016 0.783209 0.214511 0.782147 0.212934 0.782147 0.211356 0.783209 0.209779 0.783209 0.205047 0.782147 0.203470 0.782147 0.197161 0.781084 0.195584 0.781084 0.194006 0.780021 0.192429 0.780021 0.189274 0.778959 0.187697
4 0.657811 0.421136 0.656748 0.422713 0.642933 0.422713 0.640808 0.425868 0.638682 0.425868 0.638682 0.427445 0.639745 0.429022 0.639745 0.432177 0.638682 0.433754 0.638682 0.436909 0.637620 0.438486 0.637620 0.474763 0.638682 0.476341 0.648247 0.476341 0.649309 0.474763 0.673751 0.474763 0.674814 0.473186 0.674814 0.452681 0.673751 0.451104 0.673751 0.447950 0.674814 0.446372 0.674814 0.443218 0.673751 0.441640 0.673751 0.433754 0.672689 0.432177 0.672689 0.429022 0.671626 0.427445 0.671626 0.425868 0.669501 0.422713 0.659936 0.422713 0.658874 0.421136
2 0.548353 0.397476 0.547290 0.399054 0.532412 0.399054 0.530287 0.402208 0.530287 0.406940 0.529224 0.408517 0.529224 0.413249 0.528162 0.414826 0.528162 0.444795 0.529224 0.446372 0.529224 0.447950 0.543039 0.447950 0.544102 0.446372 0.545165 0.447950 0.558980 0.447950 0.560043 0.446372 0.560043 0.411672 0.558980 0.410095 0.558980 0.408517 0.557917 0.406940 0.557917 0.402208 0.556854 0.400631 0.554729 0.400631 0.553666 0.399054 0.550478 0.399054 0.549416 0.397476
0 0.489904 0.818612 0.489904 0.820189 0.488842 0.821767 0.488842 0.828076 0.487779 0.829653 0.487779 0.832808 0.486716 0.834385 0.486716 0.865931 0.487779 0.867508 0.516472 0.867508 0.517535 0.865931 0.518597 0.865931 0.519660 0.864353 0.519660 0.848580 0.518597 0.847003 0.518597 0.842271 0.519660 0.840694 0.519660 0.839117 0.518597 0.837539 0.518597 0.831230 0.517535 0.829653 0.517535 0.823344 0.516472 0.821767 0.516472 0.820189 0.515409 0.818612
2 0.906482 0.089905 0.904357 0.093060 0.904357 0.097792 0.903294 0.099369 0.903294 0.105678 0.902232 0.107256 0.902232 0.110410 0.903294 0.111987 0.903294 0.118297 0.902232 0.119874 0.902232 0.137224 0.903294 0.138801 0.904357 0.138801 0.905420 0.140379 0.910733 0.140379 0.911796 0.138801 0.914984 0.138801 0.916047 0.140379 0.927736 0.140379 0.928799 0.138801 0.935175 0.138801 0.935175 0.110410 0.934113 0.108833 0.934113 0.104101 0.933050 0.102524 0.933050 0.096215 0.931987 0.094637 0.931987 0.091483 0.930925 0.089905
1 0.892667 0.545741 0.891605 0.547319 0.891605 0.550473 0.890542 0.552050 0.890542 0.555205 0.889479 0.556782 0.889479 0.561514 0.888417 0.563091 0.888417 0.593060 0.889479 0.594637 0.921360 0.594637 0.921360 0.574132 0.920298 0.572555 0.920298 0.569401 0.921360 0.567823 0.921360 0.566246 0.920298 0.564669 0.920298 0.559937 0.919235 0.558360 0.919235 0.552050 0.918172 0.550473 0.918172 0.548896 0.916047 0.545741
