2 0.869288 0.389590 0.867163 0.392744 0.867163 0.397476 0.866100 0.399054 0.866100 0.402208 0.865037 0.403785 0.865037 0.411672 0.866100 0.413249 0.866100 0.414826 0.865037 0.416404 0.865037 0.424290 0.863974 0.425868 0.863974 0.427445 0.865037 0.429022 0.865037 0.436909 0.866100 0.436909 0.867163 0.438486 0.895855 0.438486 0.896918 0.436909 0.896918 0.427445 0.897981 0.425868 0.897981 0.419558 0.896918 0.417981 0.896918 0.400631 0.895855 0.399054 0.895855 0.392744 0.893730 0.389590
6 0.682891 0.000962 0.676738 0.000773 0.723422 0.101104 0.731828 0.097003
6 0.824665 0.001372 0.813773 0.000000 0.813464 -0.000000 0.899872 0.065331 0.902423 0.052871
9 0.536567 0.000536 0.531041 0.000063 0.271211 0.459716 0.271743 0.466325
9 0.757598 0.158218 0.753773 0.161530 0.864261 0.383659 0.867768 0.379874
3 0.726886 0.102524 0.725824 0.104101 0.725824 0.105678 0.724761 0.107256 0.724761 0.113565 0.723698 0.115142 0.723698 0.132492 0.722635 0.134069 0.722635 0.149842 0.723698 0.151420 0.723698 0.152997 0.726886 0.152997 0.727949 0.151420 0.733262 0.151420 0.734325 0.152997 0.740701 0.152997 0.741764 0.151420 0.754516 0.151420 0.755579 0.149842 0.755579 0.132492 0.754516 0.130915 0.754516 0.126183 0.755579 0.124606 0.754516 0.123028 0.754516 0.116719 0.753454 0.115142 0.753454 0.111987 0.752391 0.110410 0.752391 0.105678 0.751328 0.104101 0.748140 0.104101 0.747078 0.102524 0.740701 0.102524 0.739639 0.104101 0.737513 0.104101 0.736451 0.102524
2 0.117960 0.228707 0.116897 0.230284 0.114772 0.230284 0.114772 0.231861 0.113709 0.233438 0.113709 0.236593 0.112646 0.238170 0.112646 0.255521 0.111583 0.257098 0.111583 0.276025 0.113709 0.279180 0.142402 0.279180 0.143464 0.277603 0.144527 0.277603 0.144527 0.264984 0.143464 0.263407 0.143464 0.239748 0.142402 0.238170 0.142402 0.233438 0.141339 0.231861 0.141339 0.230284 0.140276 0.230284 0.139214 0.228707
6 0.608066 0.331498 0.604357 0.342681 0.670287 0.431767 0.676026 0.426246
6 0.583528 0.340363 0.578215 0.339401 0.570776 0.472461 0.574952 0.472650
2 0.312434 0.004732 0.311371 0.006309 0.310308 0.006309 0.310308 0.007886 0.309245 0.009464 0.309245 0.012618 0.308183 0.014196 0.308183 0.022082 0.307120 0.023659 0.307120 0.053628 0.339001 0.053628 0.339001 0.050473 0.340064 0.048896 0.339001 0.047319 0.339001 0.015773 0.337938 0.014196 0.337938 0.011041 0.336876 0.009464 0.336876 0.007886 0.335813 0.006309 0.334750 0.006309 0.333688 0.004732
1 0.242295 0.471609 0.241233 0.473186 0.240170 0.473186 0.240170 0.474763 0.239107 0.476341 0.239107 0.482650 0.238045 0.484227 0.238045 0.488959 0.236982 0.490536 0.236982 0.493691 0.238045 0.495268 0.238045 0.501577 0.236982 0.503155 0.236982 0.518927 0.238045 0.520505 0.267800 0.520505 0.268863 0.518927 0.269926 0.518927 0.269926 0.501577 0.268863 0.500000 0.268863 0.493691 0.269926 0.492114 0.269926 0.490536 0.268863 0.488959 0.268863 0.484227 0.267800 0.482650 0.267800 0.476341 0.266738 0.474763 0.266738 0.473186 0.265675 0.471609
1 0.587673 0.279180 0.586610 0.280757 0.569607 0.280757 0.567481 0.283912 0.567481 0.290221 0.566419 0.291798 0.566419 0.294953 0.565356 0.296530 0.565356 0.302839 0.566419 0.304416 0.566419 0.309148 0.565356 0.310726 0.565356 0.328076 0.566419 0.328076 0.567481 0.329653 0.596174 0.329653 0.597237 0.328076 0.598300 0.328076 0.598300 0.310726 0.597237 0.309148 0.598300 0.307571 0.598300 0.298107 0.597237 0.296530 0.597237 0.293375 0.596174 0.291798 0.596174 0.285489 0.595112 0.283912 0.595112 0.282334 0.594049 0.280757 0.588735 0.280757
4 0.548353 0.495268 0.548353 0.547319 0.547290 0.548896 0.547290 0.553628 0.548353 0.555205 0.551541 0.555205 0.552604 0.553628 0.558980 0.553628 0.560043 0.555205 0.561105 0.553628 0.577046 0.553628 0.578108 0.555205 0.580234 0.555205 0.581296 0.553628 0.583422 0.553628 0.584485 0.555205 0.588735 0.555205 0.589798 0.553628 0.589798 0.548896 0.588735 0.547319 0.588735 0.545741 0.587673 0.544164 0.587673 0.526814 0.588735 0.525237 0.587673 0.523659 0.587673 0.495268 0.568544 0.495268 0.567481 0.496845 0.566419 0.495268
2 0.075452 0.017350 0.074389 0.018927 0.074389 0.020505 0.073326 0.022082 0.073326 0.025237 0.072264 0.026814 0.072264 0.034700 0.071201 0.036278 0.071201 0.039432 0.072264 0.041009 0.072264 0.044164 0.071201 0.045741 0.071201 0.064669 0.072264 0.066246 0.103082 0.066246 0.104145 0.064669 0.104145 0.053628 0.103082 0.052050 0.103082 0.044164 0.102019 0.042587 0.103082 0.041009 0.103082 0.029968 0.102019 0.028391 0.102019 0.018927 0.100956 0.018927 0.099894 0.017350
6 0.110117 0.030142 0.111073 0.036120 0.219575 0.000473 0.204697 0.000000
6 0.380776 0.000662 0.369617 0.000331 0.343900 0.016893 0.345494 0.022587
6 0.300701 0.053801 0.305165 0.060899 0.151998 0.234211 0.148810 0.227587
6 0.151467 0.288896 0.145515 0.294732 0.235600 0.465142 0.239416 0.458565
6 0.560882 0.000836 0.554495 0.000820 0.458576 0.238486 0.463889 0.242603
6 0.468927 0.268896 0.467864 0.275678 0.560266 0.302713 0.561116 0.295457
6 0.605887 0.000584 0.600287 0.000000 0.599830 0.000000 0.583039 0.277744 0.587928 0.277744
1 0.675877 0.430599 0.674814 0.432177 0.674814 0.433754 0.673751 0.435331 0.673751 0.440063 0.672689 0.441640 0.672689 0.447950 0.671626 0.449527 0.671626 0.451104 0.672689 0.452681 0.672689 0.458991 0.671626 0.460568 0.671626 0.477918 0.672689 0.479495 0.702444 0.479495 0.703507 0.477918 0.704570 0.477918 0.704570 0.457413 0.703507 0.455836 0.703507 0.454259 0.704570 0.452681 0.704570 0.447950 0.703507 0.446372 0.703507 0.441640 0.702444 0.440063 0.702444 0.435331 0.701382 0.433754 0.701382 0.432177 0.700319 0.430599
2 0.911796 0.047319 0.910733 0.048896 0.909671 0.048896 0.908608 0.050473 0.908608 0.052050 0.907545 0.053628 0.907545 0.056782 0.906482 0.058360 0.906482 0.063091 0.905420 0.064669 0.905420 0.094637 0.906482 0.094637 0.907545 0.096215 0.937301 0.096215 0.938363 0.094637 0.938363 0.093060 0.939426 0.091483 0.939426 0.082019 0.938363 0.080442 0.938363 0.063091 0.937301 0.061514 0.937301 0.059937 0.936238 0.058360 0.936238 0.053628 0.935175 0.052050 0.935175 0.048896 0.931987 0.048896 0.930925 0.047319 0.924548 0.047319 0.923486 0.048896 0.914984 0.048896 0.913921 0.047319
