9 0.533911 0.051672 0.533061 0.047461 0.249936 0.299968 0.251318 0.304385
9 0.545717 0.063880 0.543486 0.061514 0.444134 0.351688 0.447109 0.353738
9 0.434091 0.418312 0.430372 0.417839 0.410691 0.711577 0.414516 0.710315
9 0.577960 0.027429 0.578172 0.032950 0.968767 0.040032 0.968874 0.034984
9 0.578342 0.041798 0.577067 0.045584 0.984740 0.308880 0.985760 0.302303
9 0.763677 0.382114 0.759745 0.382271 0.801562 0.559148 0.805399 0.557886
9 0.576950 0.060757 0.574506 0.064385 0.732232 0.316877 0.734442 0.313959
1 0.214665 0.296530 0.213603 0.298107 0.212540 0.298107 0.212540 0.299685 0.210414 0.302839 0.210414 0.310726 0.209352 0.312303 0.209352 0.329653 0.210414 0.331230 0.210414 0.334385 0.209352 0.335962 0.209352 0.347003 0.210414 0.348580 0.210414 0.350158 0.217853 0.350158 0.218916 0.348580 0.240170 0.348580 0.241233 0.350158 0.245484 0.350158 0.245484 0.310726 0.244421 0.309148 0.244421 0.304416 0.243358 0.302839 0.243358 0.299685 0.241233 0.296530
3 0.978746 0.011041 0.977683 0.012618 0.976621 0.012618 0.976621 0.020505 0.975558 0.022082 0.975558 0.023659 0.974495 0.025237 0.974495 0.034700 0.973433 0.036278 0.974495 0.037855 0.974495 0.039432 0.975558 0.041009 0.975558 0.044164 0.974495 0.045741 0.974495 0.056782 0.973433 0.058360 0.973433 0.063091 0.974495 0.064669 0.984060 0.064669 0.985122 0.066246 0.987248 0.066246 0.988310 0.064669 0.991498 0.064669 0.992561 0.066246 0.994687 0.066246 0.995749 0.064669 0.998937 0.064669 0.998937 0.011041
3 0.750266 0.321767 0.749203 0.323344 0.740701 0.323344 0.739639 0.324921 0.739639 0.332808 0.738576 0.334385 0.738576 0.339117 0.737513 0.340694 0.737513 0.373817 0.738576 0.373817 0.739639 0.375394 0.743889 0.375394 0.744952 0.373817 0.769394 0.373817 0.770457 0.372240 0.770457 0.362776 0.769394 0.361199 0.769394 0.353312 0.768332 0.351735 0.768332 0.350158 0.770457 0.347003 0.770457 0.342271 0.769394 0.340694 0.769394 0.335962 0.768332 0.334385 0.768332 0.329653 0.767269 0.328076 0.767269 0.323344 0.766206 0.323344 0.765143 0.321767 0.759830 0.321767 0.758767 0.323344 0.753454 0.323344 0.752391 0.321767
1 0.021254 0.438486 0.020191 0.440063 0.019129 0.440063 0.019129 0.441640 0.018066 0.443218 0.018066 0.451104 0.017003 0.452681 0.017003 0.482650 0.015940 0.484227 0.017003 0.485804 0.017003 0.488959 0.047821 0.488959 0.048884 0.487382 0.048884 0.470032 0.047821 0.468454 0.047821 0.451104 0.046759 0.449527 0.046759 0.446372 0.045696 0.444795 0.045696 0.443218 0.044633 0.441640 0.044633 0.440063 0.043571 0.438486 0.032944 0.438486 0.031881 0.440063 0.022317 0.440063
4 0.392136 0.738170 0.391073 0.739748 0.388948 0.739748 0.387885 0.741325 0.388948 0.742902 0.388948 0.791798 0.390011 0.793375 0.391073 0.793375 0.392136 0.794953 0.397450 0.794953 0.398512 0.793375 0.411265 0.793375 0.412327 0.794953 0.421892 0.794953 0.422954 0.796530 0.424017 0.794953 0.427205 0.794953 0.428268 0.793375 0.428268 0.741325 0.427205 0.739748 0.427205 0.738170
2 0.798087 0.566246 0.797024 0.567823 0.797024 0.569401 0.795962 0.570978 0.795962 0.574132 0.794899 0.575710 0.794899 0.580442 0.793836 0.582019 0.793836 0.613565 0.794899 0.615142 0.825717 0.615142 0.825717 0.578864 0.824655 0.577287 0.824655 0.572555 0.823592 0.570978 0.823592 0.569401 0.821467 0.566246
1 0.544102 0.004732 0.543039 0.006309 0.541977 0.006309 0.541977 0.009464 0.540914 0.011041 0.540914 0.015773 0.539851 0.017350 0.539851 0.023659 0.538789 0.025237 0.539851 0.026814 0.539851 0.034700 0.538789 0.036278 0.538789 0.047319 0.537726 0.048896 0.538789 0.050473 0.538789 0.053628 0.571732 0.053628 0.571732 0.033123 0.570670 0.031546 0.571732 0.029968 0.571732 0.022082 0.570670 0.020505 0.570670 0.017350 0.569607 0.015773 0.569607 0.009464 0.568544 0.007886 0.568544 0.006309 0.567481 0.006309 0.566419 0.004732
3 0.436769 0.359621 0.435707 0.361199 0.421892 0.361199 0.419766 0.364353 0.419766 0.370662 0.418704 0.372240 0.418704 0.389590 0.417641 0.391167 0.417641 0.406940 0.419766 0.410095 0.448459 0.410095 0.449522 0.408517 0.450584 0.408517 0.450584 0.388013 0.449522 0.386435 0.449522 0.384858 0.450584 0.383281 0.450584 0.378549 0.449522 0.376972 0.449522 0.373817 0.448459 0.372240 0.448459 0.369085 0.447396 0.367508 0.447396 0.362776 0.446334 0.361199 0.442083 0.361199 0.441020 0.359621
2 0.208289 0.664038 0.207226 0.665615 0.207226 0.667192 0.206164 0.668770 0.206164 0.675079 0.205101 0.676656 0.205101 0.695584 0.204038 0.697161 0.204038 0.709779 0.205101 0.711356 0.205101 0.712934 0.235919 0.712934 0.236982 0.711356 0.236982 0.694006 0.235919 0.692429 0.235919 0.675079 0.234857 0.673502 0.234857 0.668770 0.233794 0.667192 0.233794 0.665615 0.232731 0.665615 0.231668 0.664038 0.217853 0.664038 0.216791 0.665615 0.211477 0.665615 0.210414 0.664038
9 0.228969 0.354968 0.225027 0.355221 0.220861 0.635931 0.223411 0.633738
