6 0.753369 0.374637 0.743167 0.374322 0.741509 0.565694 0.750893 0.564842
6 0.542848 0.000536 0.521700 0.000379 0.731180 0.063880 0.731392 0.056467
6 0.266111 0.065852 0.265855 0.057161 0.440000 0.000394 0.469320 0.000773
6 0.228799 0.069826 0.228066 0.064353 0.015228 0.062208 0.015345 0.067319
6 0.714708 0.362161 0.714612 0.354905 0.009617 0.593170 0.008629 0.597729
12 0.258767 0.054416 0.257492 0.047161 0.251647 0.045268 0.247609 0.045741 0.241233 0.045741 0.240595 0.045584 0.239107 0.045741 0.236344 0.046530 0.234750 0.051420 0.233794 0.055205 0.233581 0.058360 0.233156 0.060410 0.232731 0.062618 0.232731 0.064984 0.232731 0.066246 0.232731 0.069401 0.232837 0.072240 0.232731 0.077760 0.232625 0.080599 0.233156 0.083438 0.233581 0.085804 0.233900 0.086909 0.234219 0.086593 0.233794 0.086751 0.249734 0.086751 0.250797 0.086751 0.253135 0.087539 0.253985 0.086751 0.255048 0.086751 0.256323 0.086278 0.258236 0.086751 0.259299 0.083596 0.259511 0.081703 0.259192 0.064669 0.259617 0.059306 0.258980 0.057729
13 0.738576 0.045741 0.738576 0.047319 0.737513 0.048896 0.737513 0.052050 0.736451 0.053628 0.736451 0.058360 0.735388 0.059937 0.735388 0.063091 0.736451 0.064669 0.736451 0.066246 0.735388 0.067823 0.735388 0.082019 0.736451 0.083596 0.754516 0.083596 0.755579 0.082019 0.758767 0.082019 0.758767 0.080442 0.759830 0.078864 0.759830 0.067823 0.758767 0.066246 0.758767 0.064669 0.759830 0.063091 0.759830 0.059937 0.758767 0.058360 0.758767 0.050473 0.757705 0.048896 0.757705 0.047319 0.756642 0.045741
12 0.000000 0.037855 0.000000 0.086751 0.009564 0.086751 0.010627 0.085174 0.011690 0.085174 0.012752 0.083596 0.012752 0.078864 0.013815 0.077287 0.013815 0.066246 0.012752 0.064669 0.012752 0.042587 0.011690 0.041009 0.011690 0.039432 0.010627 0.039432 0.009564 0.037855
16 0.735388 0.321767 0.734325 0.323344 0.732200 0.323344 0.732200 0.345426 0.733262 0.347003 0.733262 0.359621 0.735388 0.362776 0.735388 0.364353 0.734325 0.365931 0.734325 0.367508 0.742827 0.367508 0.743889 0.369085 0.751328 0.369085 0.752391 0.367508 0.756642 0.367508 0.757705 0.369085 0.761955 0.369085 0.763018 0.367508 0.763018 0.335962 0.764081 0.334385 0.764081 0.324921 0.763018 0.323344 0.756642 0.323344 0.755579 0.324921 0.754516 0.324921 0.753454 0.323344 0.736451 0.323344
16 0.746015 0.566246 0.744952 0.567823 0.729012 0.567823 0.729012 0.569401 0.727949 0.570978 0.727949 0.575710 0.729012 0.577287 0.729012 0.602524 0.730074 0.604101 0.730074 0.611987 0.732200 0.615142 0.733262 0.613565 0.741764 0.613565 0.742827 0.615142 0.744952 0.615142 0.746015 0.613565 0.756642 0.613565 0.757705 0.615142 0.759830 0.615142 0.761955 0.611987 0.761955 0.602524 0.760893 0.600946 0.761955 0.599369 0.761955 0.569401 0.760893 0.567823 0.760893 0.566246 0.757705 0.566246 0.756642 0.567823 0.755579 0.567823 0.754516 0.569401 0.752391 0.569401 0.751328 0.567823 0.749203 0.567823 0.748140 0.566246
6 0.727492 0.599968 0.727279 0.584826 0.008937 0.595946 0.009044 0.609984
6 0.750287 0.091167 0.747418 0.092271 0.747620 0.320252 0.752189 0.319401
