4 0.641870 0.421136 0.638682 0.425868 0.638682 0.458991 0.637620 0.460568 0.637620 0.473186 0.638682 0.474763 0.639745 0.474763 0.640808 0.476341 0.658874 0.476341 0.659936 0.474763 0.662062 0.474763 0.663124 0.476341 0.666312 0.476341 0.667375 0.474763 0.674814 0.474763 0.675877 0.473186 0.675877 0.454259 0.674814 0.452681 0.674814 0.430599 0.675877 0.429022 0.675877 0.422713 0.674814 0.421136 0.670563 0.421136 0.669501 0.422713 0.668438 0.422713 0.667375 0.421136 0.655685 0.421136 0.654623 0.422713 0.652497 0.422713 0.651435 0.421136
1 0.447396 0.485804 0.447396 0.488959 0.446334 0.490536 0.446334 0.496845 0.445271 0.498423 0.445271 0.501577 0.444208 0.503155 0.444208 0.512618 0.445271 0.514196 0.444208 0.515773 0.444208 0.533123 0.445271 0.534700 0.471838 0.534700 0.472901 0.536278 0.473964 0.536278 0.475027 0.534700 0.476089 0.534700 0.477152 0.533123 0.477152 0.515773 0.476089 0.514196 0.476089 0.498423 0.475027 0.496845 0.475027 0.492114 0.473964 0.490536 0.473964 0.487382 0.472901 0.485804
9 0.286366 0.217650 0.287109 0.222539 0.633783 0.089164 0.633464 0.082855
9 0.287322 0.257997 0.284665 0.260521 0.436929 0.479905 0.440329 0.476435
6 0.000000 0.363486 0.000553 0.358912 0.243177 0.237177 0.243177 0.244748 0.000000 0.364968
6 0.892402 0.080331 0.891658 0.087114 0.999649 0.094779 0.999968 0.087681
6 0.847673 0.086767 0.849160 0.076830 0.676546 0.073580 0.676652 0.082886
6 0.657109 0.110678 0.654633 0.110394 0.656429 0.415915 0.659936 0.415915
6 0.267747 0.262634 0.263390 0.262634 0.271498 0.633628 0.274580 0.632681
2 0.857598 0.056782 0.855473 0.059937 0.855473 0.066246 0.854410 0.067823 0.854410 0.070978 0.853348 0.072555 0.853348 0.078864 0.854410 0.080442 0.854410 0.083596 0.853348 0.085174 0.853348 0.096215 0.852285 0.097792 0.852285 0.100946 0.853348 0.102524 0.853348 0.104101 0.854410 0.105678 0.885228 0.105678 0.885228 0.102524 0.886291 0.100946 0.886291 0.097792 0.885228 0.096215 0.885228 0.069401 0.884166 0.067823 0.884166 0.059937 0.883103 0.058360 0.880978 0.058360 0.879915 0.056782 0.870351 0.056782 0.869288 0.058360 0.868225 0.058360 0.867163 0.056782
3 0.646121 0.052050 0.645058 0.053628 0.641870 0.053628 0.641870 0.056782 0.640808 0.058360 0.640808 0.061514 0.639745 0.063091 0.639745 0.066246 0.638682 0.067823 0.638682 0.080442 0.637620 0.082019 0.637620 0.096215 0.638682 0.097792 0.638682 0.100946 0.640808 0.100946 0.641870 0.102524 0.643996 0.102524 0.645058 0.100946 0.652497 0.100946 0.653560 0.102524 0.658874 0.102524 0.659936 0.100946 0.671626 0.100946 0.671626 0.080442 0.670563 0.078864 0.670563 0.075710 0.671626 0.074132 0.671626 0.070978 0.670563 0.069401 0.670563 0.064669 0.669501 0.063091 0.669501 0.058360 0.668438 0.056782 0.668438 0.055205 0.666312 0.052050
3 0.261424 0.640379 0.260361 0.641956 0.259299 0.641956 0.259299 0.645110 0.258236 0.646688 0.258236 0.651420 0.257173 0.652997 0.257173 0.667192 0.256111 0.668770 0.256111 0.687697 0.257173 0.689274 0.287991 0.689274 0.289054 0.687697 0.289054 0.671924 0.287991 0.670347 0.287991 0.662461 0.289054 0.660883 0.289054 0.659306 0.287991 0.657729 0.287991 0.654574 0.286929 0.652997 0.286929 0.648265 0.285866 0.646688 0.285866 0.641956 0.283741 0.641956 0.282678 0.640379
1 0.262487 0.203470 0.261424 0.205047 0.250797 0.205047 0.250797 0.208202 0.249734 0.209779 0.249734 0.216088 0.248672 0.217666 0.248672 0.219243 0.247609 0.220820 0.247609 0.227129 0.248672 0.228707 0.247609 0.230284 0.247609 0.252366 0.265675 0.252366 0.266738 0.253943 0.267800 0.252366 0.280553 0.252366 0.280553 0.235016 0.279490 0.233438 0.279490 0.225552 0.280553 0.223975 0.280553 0.222397 0.279490 0.220820 0.279490 0.217666 0.278427 0.216088 0.278427 0.211356 0.277365 0.209779 0.277365 0.206625 0.276302 0.205047 0.275239 0.205047 0.274176 0.203470
