9 0.747152 0.302886 0.742593 0.302413 0.731318 0.568549 0.736312 0.568549
0 0.248672 0.417981 0.248672 0.419558 0.247609 0.421136 0.247609 0.427445 0.246546 0.429022 0.246546 0.435331 0.245484 0.436909 0.245484 0.440063 0.246546 0.441640 0.246546 0.447950 0.245484 0.449527 0.245484 0.465300 0.246546 0.466877 0.277365 0.466877 0.278427 0.465300 0.278427 0.436909 0.277365 0.435331 0.277365 0.432177 0.276302 0.430599 0.276302 0.425868 0.275239 0.424290 0.275239 0.419558 0.274176 0.417981
6 0.759777 0.000852 0.756334 0.000852 0.746344 0.240757 0.753464 0.238864
6 0.201892 0.001593 0.207981 0.001104 0.210128 0.237508 0.205058 0.237508
9 0.844687 0.001656 0.834272 0.001183 0.999926 0.151104 1.000000 0.143675 1.000000 0.139401
9 0.802848 0.000883 0.793815 0.000568 0.950818 0.296530 0.954272 0.289211
9 0.693656 0.000584 0.700776 0.001530 0.506238 0.216956 0.501679 0.213155
9 0.460670 0.261404 0.460032 0.256041 0.282891 0.419495 0.284580 0.425331
1 0.735388 0.244479 0.734325 0.246057 0.733262 0.246057 0.733262 0.247634 0.732200 0.249211 0.732200 0.255521 0.731137 0.257098 0.731137 0.271293 0.730074 0.272871 0.730074 0.293375 0.731137 0.293375 0.732200 0.294953 0.759830 0.294953 0.760893 0.293375 0.761955 0.293375 0.763018 0.291798 0.763018 0.263407 0.761955 0.261830 0.761955 0.258675 0.760893 0.257098 0.760893 0.253943 0.759830 0.252366 0.759830 0.247634 0.758767 0.246057 0.754516 0.246057 0.753454 0.244479 0.748140 0.244479 0.747078 0.246057 0.746015 0.244479 0.740701 0.244479 0.739639 0.246057 0.738576 0.244479
4 0.205101 0.247634 0.204038 0.249211 0.194474 0.249211 0.193411 0.250789 0.193411 0.252366 0.192349 0.253943 0.192349 0.257098 0.191286 0.258675 0.191286 0.263407 0.190223 0.264984 0.190223 0.271293 0.189160 0.272871 0.189160 0.277603 0.190223 0.279180 0.190223 0.294953 0.189160 0.296530 0.189160 0.299685 0.190223 0.301262 0.217853 0.301262 0.218916 0.302839 0.225292 0.302839 0.226355 0.301262 0.226355 0.277603 0.225292 0.276025 0.225292 0.255521 0.224230 0.253943 0.224230 0.252366 0.222104 0.249211 0.221041 0.249211 0.219979 0.247634 0.218916 0.247634 0.217853 0.249211 0.206164 0.249211
2 0.957492 0.298107 0.956429 0.299685 0.955367 0.299685 0.955367 0.301262 0.954304 0.302839 0.954304 0.307571 0.953241 0.309148 0.953241 0.313880 0.952179 0.315457 0.952179 0.320189 0.953241 0.321767 0.952179 0.323344 0.952179 0.342271 0.951116 0.343849 0.954304 0.348580 0.982997 0.348580 0.985122 0.345426 0.985122 0.340694 0.984060 0.339117 0.984060 0.309148 0.982997 0.307571 0.982997 0.302839 0.981934 0.301262 0.981934 0.299685 0.979809 0.299685 0.978746 0.298107 0.971307 0.298107 0.970244 0.299685 0.969182 0.298107
2 0.719447 0.577287 0.718385 0.578864 0.718385 0.580442 0.717322 0.582019 0.717322 0.585174 0.716259 0.586751 0.716259 0.591483 0.715197 0.593060 0.715197 0.597792 0.716259 0.599369 0.716259 0.604101 0.715197 0.605678 0.715197 0.623028 0.716259 0.624606 0.716259 0.626183 0.747078 0.626183 0.747078 0.589905 0.746015 0.588328 0.746015 0.583596 0.744952 0.582019 0.744952 0.578864 0.743889 0.577287
1 0.484591 0.212934 0.483528 0.214511 0.469713 0.214511 0.468650 0.216088 0.468650 0.217666 0.467588 0.219243 0.467588 0.222397 0.466525 0.223975 0.466525 0.231861 0.465462 0.233438 0.465462 0.235016 0.466525 0.236593 0.466525 0.241325 0.465462 0.242902 0.465462 0.261830 0.466525 0.263407 0.488842 0.263407 0.489904 0.261830 0.490967 0.263407 0.495218 0.263407 0.496281 0.261830 0.497343 0.261830 0.497343 0.227129 0.496281 0.225552 0.496281 0.220820 0.495218 0.219243 0.495218 0.216088 0.494155 0.214511 0.492030 0.214511 0.490967 0.212934
6 0.232434 0.268738 0.231552 0.257950 0.640701 0.001104 0.654931 0.000489
