1 0.789586 0.162461 0.788523 0.164038 0.786397 0.164038 0.786397 0.171924 0.785335 0.173502 0.785335 0.176656 0.784272 0.178233 0.784272 0.195584 0.783209 0.197161 0.783209 0.211356 0.784272 0.212934 0.784272 0.214511 0.815090 0.214511 0.816153 0.212934 0.817216 0.212934 0.817216 0.197161 0.816153 0.195584 0.816153 0.192429 0.818278 0.189274 0.818278 0.182965 0.817216 0.181388 0.817216 0.179811 0.816153 0.178233 0.816153 0.175079 0.815090 0.173502 0.815090 0.168770 0.814028 0.167192 0.814028 0.164038 0.812965 0.162461
1 0.466525 0.165615 0.465462 0.167192 0.458023 0.167192 0.458023 0.168770 0.456961 0.170347 0.456961 0.176656 0.455898 0.178233 0.455898 0.181388 0.454835 0.182965 0.454835 0.212934 0.456961 0.216088 0.477152 0.216088 0.478215 0.214511 0.479277 0.216088 0.482465 0.216088 0.483528 0.214511 0.487779 0.214511 0.487779 0.197161 0.486716 0.195584 0.486716 0.190852 0.487779 0.189274 0.487779 0.182965 0.486716 0.181388 0.486716 0.178233 0.485654 0.176656 0.485654 0.170347 0.483528 0.167192 0.482465 0.167192 0.481403 0.165615
1 0.146652 0.000000 0.146652 0.003155 0.145590 0.004732 0.145590 0.012618 0.144527 0.014196 0.145590 0.015773 0.145590 0.023659 0.144527 0.025237 0.144527 0.041009 0.145590 0.042587 0.146652 0.042587 0.147715 0.044164 0.175345 0.044164 0.176408 0.042587 0.177471 0.042587 0.177471 0.023659 0.176408 0.022082 0.176408 0.018927 0.177471 0.017350 0.177471 0.011041 0.176408 0.009464 0.176408 0.006309 0.175345 0.004732 0.175345 0.000000
3 0.599362 0.152997 0.598300 0.154574 0.574920 0.154574 0.573858 0.156151 0.571732 0.156151 0.569607 0.159306 0.569607 0.160883 0.568544 0.162461 0.568544 0.171924 0.567481 0.173502 0.567481 0.184543 0.568544 0.186120 0.568544 0.194006 0.567481 0.195584 0.567481 0.205047 0.568544 0.206625 0.568544 0.208202 0.603613 0.208202 0.604676 0.206625 0.604676 0.168770 0.603613 0.167192 0.603613 0.152997
4 0.548353 0.484227 0.548353 0.484227 0.544102 0.487382 0.543039 0.485804 0.543039 0.484227 0.541977 0.484227 0.540914 0.482650 0.539851 0.482650 0.538789 0.484227 0.513284 0.484227 0.513284 0.485804 0.514346 0.487382 0.514346 0.488959 0.515409 0.490536 0.514346 0.492114 0.514346 0.493691 0.513284 0.495268 0.513284 0.498423 0.512221 0.500000 0.512221 0.509464 0.513284 0.511041 0.513284 0.514196 0.512221 0.515773 0.512221 0.528391 0.511158 0.529968 0.511158 0.531546 0.512221 0.533123 0.512221 0.534700 0.513284 0.536278 0.546227 0.536278 0.548353 0.533123 0.548353 0.522082 0.547290 0.520505 0.547290 0.517350 0.546227 0.515773 0.546227 0.512618 0.547290 0.511041 0.547290 0.501577 0.546227 0.500000 0.546227 0.496845 0.545165 0.495268 0.545165 0.493691 0.544102 0.492114 0.544102 0.487382
1 0.704570 0.542587 0.704570 0.542587 0.705632 0.537855 0.706695 0.537855 0.707758 0.539432 0.708820 0.539432 0.709883 0.541009 0.709883 0.550473 0.706695 0.555205 0.707758 0.556782 0.707758 0.561514 0.706695 0.563091 0.706695 0.570978 0.705632 0.572555 0.706695 0.574132 0.706695 0.591483 0.705632 0.593060 0.705632 0.605678 0.706695 0.607256 0.706695 0.613565 0.707758 0.615142 0.729012 0.615142 0.730074 0.613565 0.732200 0.613565 0.733262 0.615142 0.759830 0.615142 0.759830 0.596215 0.760893 0.594637 0.760893 0.582019 0.759830 0.580442 0.759830 0.548896 0.760893 0.547319 0.760893 0.536278 0.758767 0.533123 0.757705 0.534700 0.755579 0.534700 0.754516 0.536278 0.750266 0.536278 0.749203 0.534700 0.746015 0.534700 0.744952 0.536278 0.740701 0.536278 0.739639 0.534700 0.730074 0.534700 0.729012 0.536278 0.727949 0.536278 0.726886 0.534700 0.718385 0.534700 0.717322 0.536278 0.706695 0.536278 0.705632 0.537855
1 0.334750 0.157729 0.333688 0.159306 0.331562 0.159306 0.331562 0.165615 0.330499 0.167192 0.330499 0.173502 0.329437 0.175079 0.329437 0.178233 0.328374 0.179811 0.328374 0.187697 0.329437 0.189274 0.329437 0.195584 0.328374 0.197161 0.328374 0.211356 0.329437 0.211356 0.330499 0.212934 0.334750 0.212934 0.335813 0.211356 0.359192 0.211356 0.360255 0.212934 0.361318 0.212934 0.362380 0.211356 0.364506 0.211356 0.364506 0.197161 0.363443 0.195584 0.363443 0.184543 0.364506 0.182965 0.364506 0.176656 0.363443 0.175079 0.363443 0.168770 0.362380 0.167192 0.362380 0.164038 0.361318 0.162461 0.361318 0.159306 0.360255 0.159306 0.359192 0.157729
3 0.766206 0.974763 0.766206 0.981073 0.766206 0.974763 0.765143 0.970032 0.765143 0.966877 0.764081 0.965300 0.763018 0.965300 0.761955 0.963722 0.761955 0.958991 0.760893 0.957413 0.760893 0.955836 0.759830 0.954259 0.759830 0.951104 0.758767 0.949527 0.758767 0.944795 0.756642 0.944795 0.755579 0.943218 0.754516 0.943218 0.753454 0.944795 0.748140 0.944795 0.747078 0.943218 0.738576 0.943218 0.737513 0.944795 0.732200 0.944795 0.732200 0.946372 0.731137 0.947950 0.731137 0.952681 0.730074 0.954259 0.730074 0.957413 0.729012 0.958991 0.729012 0.993691 0.730074 0.995268 0.731137 0.995268 0.732200 0.996845 0.732200 0.998423 0.766206 0.998423 0.766206 0.995268 0.765143 0.995268 0.764081 0.996845 0.763018 0.996845 0.761955 0.995268 0.761955 0.971609 0.763018 0.970032 0.765143 0.970032
1 0.235919 0.164038 0.234857 0.165615 0.232731 0.165615 0.231668 0.167192 0.230606 0.165615 0.218916 0.165615 0.217853 0.167192 0.205101 0.167192 0.204038 0.168770 0.204038 0.170347 0.202976 0.171924 0.202976 0.175079 0.201913 0.176656 0.201913 0.179811 0.200850 0.181388 0.200850 0.186120 0.199787 0.187697 0.200850 0.189274 0.200850 0.198738 0.199787 0.200315 0.199787 0.217666 0.200850 0.217666 0.201913 0.219243 0.235919 0.219243 0.236982 0.217666 0.236982 0.214511 0.235919 0.212934 0.235919 0.208202 0.236982 0.206625 0.236982 0.197161 0.235919 0.195584 0.235919 0.182965 0.234857 0.181388 0.234857 0.178233 0.233794 0.176656 0.233794 0.170347 0.235919 0.167192
9 0.376876 0.002555 0.368002 0.000032 0.240000 0.163155 0.242051 0.171262
9 0.451148 0.001041 0.444973 0.000063 0.363879 0.150836 0.368948 0.152145
9 0.529596 0.000237 0.525027 0.000521 0.478363 0.156546 0.484463 0.161356
9 0.659671 0.000331 0.654134 0.000694 0.724750 0.530978 0.730276 0.530063
9 0.732487 0.623754 0.736918 0.622666 0.747311 0.936909 0.740234 0.938218
9 0.732869 0.000000 0.726738 0.000773 0.784633 0.154653 0.791010 0.150237 0.733007 0.000000
6 0.600361 0.001451 0.596259 0.000962 0.586854 0.149259 0.593273 0.147555
6 0.578151 0.217965 0.585802 0.217808 0.541254 0.469953 0.534878 0.469006
6 0.765303 0.573170 0.764878 0.578533 0.974293 0.578785 0.973581 0.570126
