9 0.586238 0.186703 0.589639 0.186861 0.475909 0.626782 0.473252 0.624890
9 0.799798 0.260789 0.797248 0.263470 0.855887 0.578927 0.859182 0.578202
9 0.772869 0.000505 0.769044 0.000978 0.788013 0.197098 0.791838 0.196625
2 0.824655 0.823344 0.823592 0.824921 0.822529 0.824921 0.821467 0.826498 0.821467 0.832808 0.820404 0.834385 0.820404 0.853312 0.819341 0.854890 0.819341 0.872240 0.820404 0.872240 0.821467 0.873817 0.850159 0.873817 0.851222 0.872240 0.851222 0.870662 0.852285 0.869085 0.852285 0.854890 0.851222 0.853312 0.851222 0.835962 0.850159 0.834385 0.850159 0.829653 0.849097 0.828076 0.849097 0.824921 0.846971 0.824921 0.845909 0.823344 0.838470 0.823344 0.837407 0.824921 0.836344 0.824921 0.835282 0.823344 0.832094 0.823344 0.831031 0.824921 0.828905 0.824921 0.827843 0.823344
2 0.942614 0.468454 0.941552 0.470032 0.940489 0.470032 0.940489 0.471609 0.939426 0.473186 0.939426 0.479495 0.938363 0.481073 0.938363 0.484227 0.937301 0.485804 0.937301 0.515773 0.938363 0.517350 0.969182 0.517350 0.971307 0.514196 0.971307 0.511041 0.970244 0.509464 0.970244 0.506309 0.971307 0.504732 0.971307 0.496845 0.970244 0.495268 0.970244 0.482650 0.969182 0.481073 0.969182 0.479495 0.968119 0.477918 0.968119 0.473186 0.965994 0.470032 0.963868 0.470032 0.962806 0.468454
2 0.919235 0.004732 0.918172 0.006309 0.917109 0.006309 0.916047 0.007886 0.916047 0.015773 0.914984 0.017350 0.914984 0.022082 0.913921 0.023659 0.913921 0.028391 0.914984 0.029968 0.914984 0.033123 0.913921 0.034700 0.913921 0.052050 0.914984 0.053628 0.943677 0.053628 0.944740 0.052050 0.945802 0.052050 0.945802 0.050473 0.946865 0.048896 0.946865 0.041009 0.945802 0.039432 0.945802 0.028391 0.946865 0.026814 0.946865 0.020505 0.945802 0.018927 0.945802 0.017350 0.944740 0.015773 0.944740 0.011041 0.943677 0.009464 0.943677 0.006309 0.942614 0.004732 0.931987 0.004732 0.930925 0.006309 0.929862 0.006309 0.928799 0.004732
2 0.415515 0.099369 0.414453 0.100946 0.413390 0.100946 0.413390 0.102524 0.412327 0.104101 0.412327 0.110410 0.411265 0.111987 0.411265 0.116719 0.410202 0.118297 0.410202 0.146688 0.411265 0.148265 0.441020 0.148265 0.443146 0.145110 0.443146 0.127760 0.442083 0.126183 0.442083 0.123028 0.443146 0.121451 0.443146 0.118297 0.442083 0.116719 0.442083 0.111987 0.441020 0.110410 0.441020 0.102524 0.438895 0.099369
3 0.583422 0.126183 0.582359 0.127760 0.582359 0.137224 0.581296 0.138801 0.581296 0.140379 0.580234 0.141956 0.580234 0.168770 0.579171 0.170347 0.579171 0.176656 0.580234 0.178233 0.581296 0.178233 0.582359 0.179811 0.585547 0.179811 0.586610 0.178233 0.611052 0.178233 0.612115 0.176656 0.614240 0.176656 0.613177 0.175079 0.613177 0.160883 0.612115 0.159306 0.612115 0.151420 0.613177 0.149842 0.613177 0.145110 0.612115 0.143533 0.612115 0.137224 0.611052 0.135647 0.611052 0.127760 0.609989 0.126183 0.600425 0.126183 0.599362 0.127760 0.584485 0.127760
3 0.676939 0.198738 0.675877 0.200315 0.673751 0.200315 0.673751 0.205047 0.672689 0.206625 0.672689 0.209779 0.671626 0.211356 0.671626 0.228707 0.670563 0.230284 0.670563 0.246057 0.671626 0.247634 0.672689 0.247634 0.673751 0.249211 0.676939 0.249211 0.678002 0.247634 0.683316 0.247634 0.684378 0.249211 0.688629 0.249211 0.689692 0.247634 0.702444 0.247634 0.703507 0.246057 0.703507 0.230284 0.702444 0.228707 0.702444 0.219243 0.703507 0.217666 0.702444 0.216088 0.702444 0.214511 0.701382 0.212934 0.701382 0.208202 0.700319 0.206625 0.700319 0.201893 0.699256 0.200315 0.687566 0.200315 0.686504 0.198738 0.684378 0.198738 0.683316 0.200315 0.679065 0.200315 0.678002 0.198738
2 0.704570 0.011041 0.703507 0.012618 0.703507 0.014196 0.702444 0.015773 0.702444 0.020505 0.701382 0.022082 0.701382 0.025237 0.700319 0.026814 0.700319 0.058360 0.701382 0.059937 0.732200 0.059937 0.732200 0.050473 0.731137 0.048896 0.731137 0.037855 0.732200 0.036278 0.732200 0.025237 0.731137 0.023659 0.731137 0.020505 0.730074 0.018927 0.730074 0.014196 0.727949 0.011041
2 0.335813 0.331230 0.334750 0.332808 0.318810 0.332808 0.317747 0.334385 0.317747 0.340694 0.316684 0.342271 0.316684 0.348580 0.315622 0.350158 0.315622 0.351735 0.316684 0.353312 0.316684 0.364353 0.315622 0.365931 0.315622 0.380126 0.316684 0.380126 0.317747 0.381703 0.321998 0.381703 0.323061 0.380126 0.326249 0.380126 0.327311 0.381703 0.340064 0.381703 0.341126 0.380126 0.342189 0.381703 0.345377 0.381703 0.346440 0.380126 0.348565 0.380126 0.348565 0.350158 0.347503 0.348580 0.347503 0.343849 0.346440 0.342271 0.346440 0.335962 0.345377 0.334385 0.345377 0.332808 0.341126 0.332808 0.340064 0.331230
1 0.630181 0.611987 0.629118 0.613565 0.628055 0.613565 0.628055 0.615142 0.626993 0.616719 0.626993 0.623028 0.625930 0.624606 0.625930 0.627760 0.624867 0.629338 0.624867 0.632492 0.625930 0.634069 0.625930 0.638801 0.624867 0.640379 0.624867 0.659306 0.625930 0.660883 0.629118 0.660883 0.630181 0.662461 0.631243 0.660883 0.656748 0.660883 0.657811 0.659306 0.657811 0.627760 0.656748 0.626183 0.656748 0.623028 0.655685 0.621451 0.655685 0.618297 0.654623 0.616719 0.654623 0.615142 0.653560 0.613565 0.652497 0.613565 0.651435 0.611987
4 0.951116 0.867508 0.950053 0.869085 0.947928 0.869085 0.946865 0.870662 0.946865 0.876972 0.945802 0.878549 0.945802 0.883281 0.944740 0.884858 0.944740 0.916404 0.945802 0.917981 0.975558 0.917981 0.976621 0.916404 0.977683 0.916404 0.977683 0.884858 0.976621 0.883281 0.976621 0.880126 0.975558 0.878549 0.975558 0.875394 0.974495 0.873817 0.974495 0.869085 0.972370 0.869085 0.971307 0.867508
9 0.480638 0.000536 0.476918 0.000536 0.439330 0.090505 0.441987 0.093502
9 0.414548 0.158927 0.412210 0.155931 0.344538 0.322855 0.347407 0.325536
9 0.320393 0.391577 0.318193 0.387981 0.215994 0.640410 0.219384 0.642934
9 0.623804 0.001230 0.619469 0.000473 0.600808 0.120536 0.604612 0.119826
9 0.656227 0.481199 0.653581 0.481199 0.642848 0.603360 0.646461 0.604148
6 0.722444 0.069748 0.719458 0.069968 0.750712 0.364401 0.754017 0.364401
9 0.950584 0.020978 0.950903 0.030915 0.998704 0.154637 1.000000 0.149196 1.000000 0.147603
9 0.845866 0.000552 0.842019 0.000142 0.945664 0.460741 0.949171 0.459306
9 0.860999 0.644006 0.857917 0.643849 0.838151 0.814811 0.841977 0.814811
2 0.781084 0.203470 0.780021 0.205047 0.778959 0.205047 0.777896 0.206625 0.777896 0.212934 0.776833 0.214511 0.776833 0.228707 0.775770 0.230284 0.775770 0.252366 0.807651 0.252366 0.807651 0.217666 0.806589 0.216088 0.806589 0.208202 0.805526 0.206625 0.805526 0.205047 0.803401 0.205047 0.802338 0.203470
4 0.192349 0.649842 0.191286 0.651420 0.190223 0.651420 0.190223 0.654574 0.189160 0.656151 0.189160 0.662461 0.188098 0.664038 0.188098 0.668770 0.187035 0.670347 0.187035 0.671924 0.188098 0.673502 0.188098 0.678233 0.187035 0.679811 0.187035 0.697161 0.188098 0.698738 0.190223 0.698738 0.191286 0.700315 0.196599 0.700315 0.197662 0.698738 0.209352 0.698738 0.210414 0.700315 0.215728 0.700315 0.216791 0.698738 0.219979 0.698738 0.219979 0.679811 0.217853 0.676656 0.219979 0.673502 0.219979 0.667192 0.218916 0.665615 0.218916 0.662461 0.217853 0.660883 0.217853 0.657729 0.216791 0.656151 0.216791 0.652997 0.214665 0.649842
4 0.642933 0.421136 0.641870 0.422713 0.640808 0.422713 0.638682 0.425868 0.638682 0.457413 0.637620 0.458991 0.637620 0.473186 0.638682 0.474763 0.639745 0.474763 0.640808 0.476341 0.657811 0.476341 0.658874 0.474763 0.663124 0.474763 0.664187 0.476341 0.666312 0.476341 0.667375 0.474763 0.674814 0.474763 0.675877 0.473186 0.676939 0.473186 0.676939 0.466877 0.675877 0.465300 0.675877 0.452681 0.674814 0.451104 0.674814 0.429022 0.675877 0.427445 0.675877 0.424290 0.674814 0.422713 0.674814 0.421136 0.670563 0.421136 0.669501 0.422713 0.667375 0.422713 0.666312 0.421136 0.663124 0.421136 0.662062 0.422713 0.660999 0.421136 0.655685 0.421136 0.654623 0.422713 0.651435 0.422713 0.650372 0.421136
4 0.742827 0.372240 0.741764 0.373817 0.741764 0.376972 0.740701 0.378549 0.740701 0.381703 0.739639 0.383281 0.739639 0.388013 0.738576 0.389590 0.738576 0.395899 0.739639 0.397476 0.739639 0.399054 0.738576 0.400631 0.738576 0.419558 0.739639 0.421136 0.770457 0.421136 0.771520 0.419558 0.771520 0.402208 0.770457 0.400631 0.770457 0.395899 0.771520 0.394322 0.771520 0.389590 0.770457 0.388013 0.770457 0.384858 0.769394 0.383281 0.769394 0.378549 0.768332 0.376972 0.768332 0.373817 0.767269 0.372240
2 0.453773 0.634069 0.451647 0.637224 0.451647 0.640379 0.450584 0.641956 0.450584 0.651420 0.449522 0.652997 0.449522 0.656151 0.450584 0.657729 0.450584 0.660883 0.449522 0.662461 0.449522 0.679811 0.451647 0.682965 0.481403 0.682965 0.481403 0.656151 0.482465 0.654574 0.482465 0.652997 0.481403 0.651420 0.481403 0.646688 0.480340 0.645110 0.480340 0.640379 0.479277 0.638801 0.479277 0.637224 0.477152 0.634069
2 0.852285 0.586751 0.851222 0.588328 0.850159 0.588328 0.849097 0.589905 0.849097 0.596215 0.848034 0.597792 0.848034 0.604101 0.846971 0.605678 0.846971 0.608833 0.848034 0.610410 0.848034 0.621451 0.846971 0.623028 0.846971 0.632492 0.848034 0.634069 0.848034 0.635647 0.878852 0.635647 0.878852 0.634069 0.879915 0.632492 0.879915 0.604101 0.878852 0.602524 0.878852 0.597792 0.877790 0.596215 0.877790 0.589905 0.876727 0.588328 0.875664 0.588328 0.874601 0.586751
