6 0.091498 0.435331 0.090967 0.447476 0.000106 0.553943 0.000213 0.536435
13 0.391073 0.432177 0.390011 0.433754 0.387885 0.433754 0.386823 0.435331 0.386823 0.438486 0.385760 0.440063 0.385760 0.446372 0.384697 0.447950 0.384697 0.451104 0.385760 0.452681 0.385760 0.465300 0.384697 0.466877 0.385760 0.468454 0.385760 0.470032 0.401700 0.470032 0.402763 0.468454 0.407545 0.468454 0.409139 0.466877 0.409139 0.443218 0.408077 0.441640 0.408077 0.436909 0.407014 0.435331 0.407014 0.433754 0.394261 0.433754 0.393199 0.432177
20 0.485781 0.874164 0.480999 0.858864 0.295197 0.977918 0.321445 0.978864
6 0.679022 0.445473 0.678714 0.448785 0.967694 0.435379 0.967853 0.430237
6 0.000159 0.746404 0.000053 0.752397 0.038789 0.833044 0.042083 0.832886
6 0.078735 0.859369 0.078842 0.868202 0.483305 0.852587 0.483794 0.844558
7 0.547471 0.866088 0.541520 0.879811 0.656249 0.978297 0.676111 0.977823
16 0.047821 0.840694 0.045696 0.843849 0.043571 0.843849 0.042508 0.845426 0.040383 0.845426 0.038257 0.848580 0.038257 0.854890 0.039320 0.856467 0.039320 0.858044 0.038257 0.859621 0.038257 0.876972 0.039320 0.878549 0.039320 0.883281 0.040383 0.884858 0.041445 0.884858 0.042508 0.886435 0.043571 0.886435 0.044633 0.888013 0.045696 0.888013 0.046759 0.889590 0.047821 0.889590 0.048884 0.891167 0.060574 0.891167 0.061637 0.889590 0.063762 0.889590 0.064825 0.888013 0.065887 0.888013 0.068013 0.884858 0.069075 0.884858 0.070138 0.883281 0.071201 0.883281 0.072264 0.881703 0.073326 0.881703 0.073326 0.878549 0.074389 0.876972 0.074389 0.867508 0.073326 0.865931 0.073326 0.853312 0.074389 0.851735 0.074389 0.845426 0.073326 0.843849 0.066950 0.843849 0.065887 0.842271 0.064825 0.842271 0.063762 0.840694
15 0.501594 0.812303 0.500531 0.813880 0.499469 0.813880 0.498406 0.815457 0.496281 0.815457 0.494155 0.818612 0.493092 0.818612 0.490967 0.821767 0.489904 0.821767 0.489904 0.824921 0.488842 0.826498 0.488842 0.829653 0.489904 0.831230 0.489904 0.837539 0.488842 0.839117 0.488842 0.843849 0.487779 0.845426 0.488842 0.847003 0.488842 0.869085 0.489904 0.870662 0.489904 0.872240 0.490967 0.872240 0.492030 0.873817 0.493092 0.873817 0.495218 0.876972 0.496281 0.876972 0.497343 0.878549 0.499469 0.878549 0.500531 0.880126 0.504782 0.880126 0.505845 0.881703 0.521785 0.881703 0.522848 0.880126 0.527099 0.880126 0.528162 0.878549 0.529224 0.878549 0.530287 0.876972 0.532412 0.876972 0.533475 0.875394 0.534538 0.875394 0.535600 0.873817 0.536663 0.873817 0.536663 0.872240 0.537726 0.870662 0.537726 0.867508 0.538789 0.865931 0.538789 0.840694 0.537726 0.839117 0.537726 0.823344 0.536663 0.821767 0.536663 0.820189 0.535600 0.820189 0.533475 0.817035 0.532412 0.817035 0.531350 0.815457 0.529224 0.815457 0.528162 0.813880 0.526036 0.813880 0.524973 0.812303
12 0.093518 0.397476 0.096706 0.402208 0.096706 0.406940 0.095643 0.408517 0.095643 0.413249 0.094580 0.414826 0.094580 0.440063 0.095643 0.441640 0.112646 0.441640 0.113709 0.443218 0.123273 0.443218 0.123273 0.424290 0.122210 0.422713 0.122210 0.399054 0.121148 0.397476 0.109458 0.397476 0.108395 0.399054 0.103082 0.399054 0.102019 0.397476 0.100956 0.399054 0.099894 0.399054 0.098831 0.397476
13 0.646121 0.430599 0.645058 0.432177 0.645058 0.438486 0.643996 0.440063 0.643996 0.455836 0.642933 0.457413 0.642933 0.463722 0.643996 0.465300 0.643996 0.466877 0.645058 0.468454 0.649309 0.468454 0.650372 0.466877 0.652497 0.466877 0.653560 0.468454 0.667375 0.468454 0.669501 0.465300 0.669501 0.463722 0.670563 0.462145 0.670563 0.458991 0.669501 0.457413 0.669501 0.451104 0.668438 0.449527 0.668438 0.440063 0.667375 0.438486 0.667375 0.433754 0.666312 0.432177 0.666312 0.430599
13 0.973433 0.410095 0.973433 0.416404 0.972370 0.417981 0.972370 0.447950 0.973433 0.449527 0.985122 0.449527 0.985122 0.413249 0.982997 0.413249 0.981934 0.411672 0.975558 0.411672 0.974495 0.410095
6 0.415728 0.447003 0.415909 0.454211 0.635048 0.452397 0.634857 0.446845
6 0.127099 0.417666 0.127099 0.427603 0.378427 0.452839 0.379277 0.445899
