2 0.890542 0.828076 0.889479 0.829653 0.889479 0.831230 0.888417 0.832808 0.888417 0.835962 0.887354 0.837539 0.887354 0.843849 0.886291 0.845426 0.886291 0.847003 0.887354 0.848580 0.887354 0.856467 0.886291 0.858044 0.886291 0.876972 0.892667 0.876972 0.893730 0.878549 0.896918 0.878549 0.897981 0.876972 0.918172 0.876972 0.918172 0.875394 0.919235 0.873817 0.918172 0.872240 0.918172 0.867508 0.919235 0.865931 0.919235 0.853312 0.918172 0.851735 0.918172 0.842271 0.917109 0.840694 0.917109 0.835962 0.916047 0.834385 0.916047 0.831230 0.914984 0.829653 0.911796 0.829653 0.910733 0.828076
2 0.504782 0.086751 0.503719 0.088328 0.502657 0.088328 0.502657 0.089905 0.501594 0.091483 0.501594 0.096215 0.500531 0.097792 0.500531 0.102524 0.499469 0.104101 0.499469 0.135647 0.532412 0.135647 0.532412 0.115142 0.531350 0.113565 0.531350 0.110410 0.532412 0.108833 0.532412 0.104101 0.531350 0.102524 0.531350 0.099369 0.530287 0.097792 0.530287 0.094637 0.529224 0.093060 0.529224 0.088328 0.526036 0.088328 0.524973 0.086751 0.518597 0.086751 0.517535 0.088328 0.515409 0.088328 0.514346 0.086751 0.511158 0.086751 0.510096 0.088328 0.507970 0.088328 0.506908 0.086751
3 0.652497 0.599369 0.651435 0.600946 0.650372 0.600946 0.650372 0.602524 0.649309 0.604101 0.649309 0.610410 0.648247 0.611987 0.648247 0.616719 0.647184 0.618297 0.647184 0.619874 0.648247 0.621451 0.648247 0.626183 0.647184 0.627760 0.647184 0.646688 0.648247 0.648265 0.679065 0.648265 0.680128 0.646688 0.680128 0.630915 0.679065 0.629338 0.679065 0.621451 0.680128 0.619874 0.680128 0.618297 0.679065 0.616719 0.679065 0.611987 0.678002 0.610410 0.678002 0.607256 0.676939 0.605678 0.676939 0.600946 0.675877 0.599369
3 0.899044 0.585174 0.895855 0.589905 0.895855 0.594637 0.894793 0.596215 0.894793 0.602524 0.893730 0.604101 0.893730 0.608833 0.894793 0.610410 0.894793 0.613565 0.893730 0.615142 0.893730 0.632492 0.895855 0.635647 0.917109 0.635647 0.918172 0.634069 0.925611 0.634069 0.926674 0.632492 0.926674 0.604101 0.925611 0.602524 0.925611 0.597792 0.924548 0.596215 0.924548 0.591483 0.923486 0.589905 0.923486 0.586751 0.922423 0.586751 0.921360 0.585174
4 0.646121 0.435331 0.645058 0.436909 0.638682 0.436909 0.638682 0.441640 0.639745 0.443218 0.639745 0.444795 0.638682 0.446372 0.638682 0.474763 0.637620 0.476341 0.637620 0.487382 0.638682 0.488959 0.639745 0.488959 0.640808 0.490536 0.664187 0.490536 0.665250 0.492114 0.671626 0.492114 0.672689 0.490536 0.675877 0.490536 0.675877 0.487382 0.676939 0.485804 0.676939 0.477918 0.675877 0.476341 0.675877 0.455836 0.674814 0.454259 0.674814 0.441640 0.673751 0.440063 0.673751 0.438486 0.672689 0.436909 0.671626 0.436909 0.670563 0.435331 0.668438 0.435331 0.667375 0.436909 0.658874 0.436909 0.657811 0.435331 0.653560 0.435331 0.652497 0.436909 0.647184 0.436909
6 0.984538 0.622555 0.983974 0.614953 0.932476 0.611151 0.932189 0.616861
6 0.911817 0.642808 0.906408 0.643013 0.901860 0.820457 0.906536 0.820252
6 0.983794 0.886167 0.983581 0.879858 0.925770 0.859669 0.926514 0.864716
7 0.886918 0.599069 0.889129 0.592871 0.680202 0.472003 0.680085 0.478312
9 0.999713 0.315016 0.999607 0.304763 0.918342 0.575726 0.921530 0.577934
6 0.909139 0.000016 0.905590 0.000552 0.999894 0.155047 1.000000 0.146372
6 0.998799 0.199858 0.999479 0.194732 0.538693 0.113864 0.538980 0.121262
6 0.998980 0.212334 0.999309 0.206719 0.533943 0.283628 0.534676 0.289306
6 0.519405 0.144953 0.515112 0.144953 0.515069 0.260852 0.518895 0.260521
7 0.890542 0.613091 0.889904 0.605678 0.685654 0.617350 0.685887 0.626009
