9 0.761860 0.008517 0.761860 0.014038 0.718395 0.000315 0.732104 0.000315
4 0.430393 0.392744 0.429330 0.394322 0.407014 0.394322 0.407014 0.395899 0.405951 0.397476 0.405951 0.403785 0.404888 0.405363 0.404888 0.408517 0.403826 0.410095 0.403826 0.419558 0.404888 0.421136 0.403826 0.422713 0.403826 0.443218 0.435707 0.443218 0.436769 0.441640 0.436769 0.422713 0.435707 0.421136 0.435707 0.419558 0.436769 0.417981 0.436769 0.413249 0.435707 0.411672 0.435707 0.406940 0.434644 0.405363 0.434644 0.400631 0.433581 0.399054 0.433581 0.395899 0.432519 0.394322 0.431456 0.394322
1 0.769394 0.000000 0.769394 0.003155 0.768332 0.004732 0.768332 0.006309 0.767269 0.007886 0.767269 0.036278 0.768332 0.037855 0.768332 0.041009 0.799150 0.041009 0.800213 0.039432 0.800213 0.022082 0.799150 0.020505 0.799150 0.017350 0.800213 0.015773 0.800213 0.012618 0.799150 0.011041 0.799150 0.004732 0.798087 0.003155 0.798087 0.000000
2 0.227418 0.395899 0.225292 0.399054 0.225292 0.403785 0.224230 0.405363 0.224230 0.411672 0.223167 0.413249 0.223167 0.436909 0.222104 0.438486 0.223167 0.440063 0.223167 0.443218 0.224230 0.443218 0.225292 0.444795 0.253985 0.444795 0.255048 0.443218 0.256111 0.443218 0.256111 0.440063 0.255048 0.438486 0.255048 0.419558 0.256111 0.417981 0.256111 0.414826 0.255048 0.413249 0.255048 0.408517 0.253985 0.406940 0.253985 0.403785 0.252922 0.402208 0.252922 0.399054 0.250797 0.395899 0.242295 0.395899 0.241233 0.397476 0.234857 0.397476 0.233794 0.395899
4 0.638682 0.419558 0.637620 0.421136 0.637620 0.476341 0.638682 0.477918 0.639745 0.476341 0.657811 0.476341 0.658874 0.474763 0.664187 0.474763 0.665250 0.476341 0.666312 0.476341 0.667375 0.474763 0.673751 0.474763 0.674814 0.473186 0.674814 0.436909 0.673751 0.435331 0.673751 0.425868 0.671626 0.422713 0.666312 0.422713 0.665250 0.421136 0.664187 0.422713 0.662062 0.422713 0.660999 0.421136 0.655685 0.421136 0.654623 0.422713 0.651435 0.422713 0.650372 0.421136 0.639745 0.421136
2 0.004251 0.151420 0.003188 0.152997 0.003188 0.162461 0.002125 0.164038 0.002125 0.175079 0.001063 0.176656 0.000000 0.176656 0.000000 0.198738 0.001063 0.198738 0.002125 0.200315 0.018066 0.200315 0.019129 0.201893 0.023379 0.201893 0.024442 0.200315 0.032944 0.200315 0.034006 0.198738 0.034006 0.179811 0.032944 0.178233 0.032944 0.162461 0.031881 0.160883 0.031881 0.154574 0.030818 0.152997 0.024442 0.152997 0.023379 0.151420 0.018066 0.151420 0.017003 0.152997 0.008502 0.152997 0.007439 0.151420
9 0.761063 0.039763 0.763039 0.043423 0.443507 0.395363 0.441796 0.392208
9 0.775887 0.050710 0.772274 0.049606 0.667598 0.409085 0.670361 0.409243
6 0.353050 0.000615 0.350287 0.000457 0.248034 0.387397 0.250266 0.388975
9 0.249617 0.000584 0.242922 0.000584 0.038948 0.158123 0.040648 0.161909
