9 0.167503 0.132666 0.164315 0.132508 0.156865 0.423454 0.159628 0.423139
9 0.189405 0.095915 0.189405 0.100174 0.566344 0.079590 0.566557 0.073912
6 0.972954 0.904401 0.972104 0.898565 0.718820 0.921924 0.719458 0.926814
7 0.679065 0.460915 0.674389 0.461230 0.693783 0.892965 0.697960 0.892240
6 0.998927 0.039369 0.999033 0.034953 0.611084 0.071814 0.610765 0.075915
9 0.144134 0.125126 0.143911 0.119558 0.000000 0.261782 0.000000 0.267035
9 0.611137 0.078644 0.610712 0.083691 0.999384 0.175189 0.999809 0.169196
3 0.872476 0.246057 0.871413 0.247634 0.848034 0.247634 0.848034 0.249211 0.846971 0.250789 0.846971 0.255521 0.845909 0.257098 0.845909 0.260252 0.844846 0.261830 0.844846 0.263407 0.843783 0.264984 0.843783 0.272871 0.844846 0.274448 0.843783 0.276025 0.843783 0.293375 0.842721 0.294953 0.842721 0.296530 0.841658 0.298107 0.841658 0.299685 0.879915 0.299685 0.879915 0.298107 0.878852 0.296530 0.878852 0.288644 0.877790 0.287066 0.877790 0.277603 0.878852 0.276025 0.878852 0.272871 0.877790 0.271293 0.877790 0.258675 0.876727 0.257098 0.876727 0.255521 0.875664 0.253943 0.875664 0.250789 0.874601 0.249211 0.874601 0.247634 0.873539 0.247634
3 0.592986 0.048896 0.591923 0.050473 0.574920 0.050473 0.573858 0.052050 0.573858 0.055205 0.572795 0.056782 0.572795 0.061514 0.571732 0.063091 0.571732 0.066246 0.570670 0.067823 0.570670 0.070978 0.569607 0.072555 0.570670 0.074132 0.570670 0.099369 0.569607 0.100946 0.589798 0.100946 0.590861 0.102524 0.591923 0.102524 0.592986 0.100946 0.596174 0.100946 0.597237 0.102524 0.600425 0.102524 0.601488 0.100946 0.605739 0.100946 0.606801 0.102524 0.606801 0.097792 0.605739 0.096215 0.605739 0.086751 0.606801 0.085174 0.606801 0.072555 0.605739 0.070978 0.605739 0.069401 0.604676 0.067823 0.604676 0.058360 0.603613 0.056782 0.603613 0.053628 0.601488 0.050473 0.600425 0.050473 0.599362 0.048896
3 0.700319 0.902208 0.699256 0.903785 0.684378 0.903785 0.682253 0.906940 0.682253 0.911672 0.681190 0.913249 0.681190 0.919558 0.680128 0.921136 0.680128 0.922713 0.681190 0.924290 0.681190 0.929022 0.680128 0.930599 0.680128 0.951104 0.681190 0.952681 0.712009 0.952681 0.713071 0.951104 0.713071 0.933754 0.712009 0.932177 0.712009 0.914826 0.710946 0.913249 0.710946 0.908517 0.709883 0.906940 0.709883 0.905363 0.708820 0.903785 0.701382 0.903785
1 0.172157 0.070978 0.171095 0.072555 0.156217 0.072555 0.155154 0.074132 0.153029 0.074132 0.151966 0.075710 0.151966 0.078864 0.150903 0.080442 0.150903 0.086751 0.149841 0.088328 0.149841 0.089905 0.148778 0.091483 0.148778 0.093060 0.147715 0.094637 0.147715 0.105678 0.148778 0.107256 0.148778 0.124606 0.172157 0.124606 0.173220 0.126183 0.184910 0.126183 0.185972 0.124606 0.185972 0.123028 0.184910 0.121451 0.184910 0.102524 0.185972 0.100946 0.185972 0.099369 0.184910 0.097792 0.184910 0.093060 0.183847 0.091483 0.183847 0.083596 0.182784 0.082019 0.182784 0.077287 0.179596 0.072555 0.176408 0.072555 0.175345 0.070978
1 0.144527 0.430599 0.143464 0.432177 0.143464 0.433754 0.142402 0.435331 0.142402 0.438486 0.140276 0.441640 0.140276 0.446372 0.139214 0.447950 0.139214 0.457413 0.138151 0.458991 0.138151 0.463722 0.139214 0.465300 0.139214 0.470032 0.138151 0.471609 0.138151 0.474763 0.139214 0.476341 0.139214 0.477918 0.138151 0.479495 0.138151 0.484227 0.139214 0.484227 0.140276 0.482650 0.171095 0.482650 0.172157 0.481073 0.173220 0.481073 0.174283 0.479495 0.174283 0.463722 0.173220 0.462145 0.173220 0.452681 0.174283 0.451104 0.174283 0.449527 0.173220 0.447950 0.173220 0.446372 0.172157 0.444795 0.172157 0.443218 0.171095 0.441640 0.171095 0.436909 0.170032 0.435331 0.170032 0.432177 0.168969 0.430599
4 0.968119 0.484227 0.967056 0.485804 0.965994 0.485804 0.964931 0.487382 0.964931 0.493691 0.965994 0.495268 0.965994 0.496845 0.964931 0.498423 0.964931 0.529968 0.963868 0.531546 0.963868 0.537855 0.965994 0.541009 0.971307 0.541009 0.972370 0.539432 0.976621 0.539432 0.977683 0.537855 0.978746 0.539432 0.982997 0.539432 0.984060 0.537855 0.985122 0.537855 0.985122 0.487382 0.982997 0.484227
4 0.664187 0.403785 0.663124 0.405363 0.662062 0.405363 0.662062 0.406940 0.660999 0.408517 0.660999 0.414826 0.659936 0.416404 0.659936 0.422713 0.658874 0.424290 0.658874 0.429022 0.659936 0.430599 0.659936 0.433754 0.658874 0.435331 0.658874 0.452681 0.659936 0.454259 0.689692 0.454259 0.691817 0.451104 0.691817 0.433754 0.690755 0.432177 0.691817 0.430599 0.691817 0.422713 0.690755 0.421136 0.690755 0.416404 0.689692 0.414826 0.689692 0.411672 0.688629 0.410095 0.688629 0.406940 0.687566 0.406940 0.686504 0.405363 0.670563 0.405363 0.669501 0.403785
6 0.611509 0.053360 0.611084 0.047997 0.652816 0.000363 0.657811 0.000205
7 0.599575 0.109511 0.596376 0.110426 0.660723 0.375268 0.664166 0.374353
6 0.961371 0.509669 0.961647 0.503975 0.698597 0.434290 0.698172 0.439637
9 0.610956 0.089322 0.611063 0.094211 0.838682 0.259984 0.838895 0.253044
