1 0.056323 0.834385 0.055260 0.835962 0.052072 0.835962 0.052072 0.839117 0.051010 0.840694 0.051010 0.845426 0.049947 0.847003 0.049947 0.853312 0.048884 0.854890 0.048884 0.883281 0.049947 0.884858 0.079702 0.884858 0.080765 0.883281 0.081828 0.883281 0.081828 0.867508 0.080765 0.865931 0.080765 0.861199 0.081828 0.859621 0.081828 0.853312 0.080765 0.851735 0.080765 0.847003 0.079702 0.845426 0.079702 0.839117 0.078640 0.837539 0.078640 0.835962 0.076514 0.835962 0.075452 0.834385 0.074389 0.834385 0.073326 0.835962 0.064825 0.835962 0.063762 0.834385
7 0.828778 0.495931 0.832604 0.496404 0.770414 0.976640 0.765739 0.977271
3 0.477152 0.490536 0.477152 0.492114 0.478215 0.493691 0.478215 0.498423 0.479277 0.500000 0.479277 0.503155 0.478215 0.504732 0.478215 0.507886 0.477152 0.509464 0.477152 0.511041 0.475027 0.514196 0.475027 0.520505 0.476089 0.522082 0.476089 0.529968 0.477152 0.531546 0.477152 0.539432 0.476089 0.541009 0.476089 0.542587 0.477152 0.542587 0.478215 0.544164 0.512221 0.544164 0.513284 0.542587 0.513284 0.541009 0.512221 0.539432 0.512221 0.533123 0.513284 0.531546 0.513284 0.511041 0.512221 0.509464 0.512221 0.493691 0.513284 0.492114 0.513284 0.490536 0.490967 0.490536 0.489904 0.492114 0.488842 0.490536 0.484591 0.490536 0.483528 0.492114 0.479277 0.492114 0.478215 0.490536
3 0.975558 0.433754 0.973433 0.436909 0.973433 0.443218 0.972370 0.444795 0.972370 0.452681 0.971307 0.454259 0.971307 0.481073 0.972370 0.482650 0.984060 0.482650 0.985122 0.481073 0.985122 0.433754
3 0.499469 0.966877 0.498406 0.968454 0.495218 0.968454 0.494155 0.970032 0.494155 0.974763 0.492030 0.977918 0.492030 0.979495 0.493092 0.979495 0.494155 0.981073 0.495218 0.979495 0.498406 0.979495 0.499469 0.981073 0.515409 0.981073 0.516472 0.979495 0.517535 0.979495 0.518597 0.981073 0.521785 0.981073 0.522848 0.979495 0.523911 0.979495 0.523911 0.976341 0.522848 0.974763 0.522848 0.973186 0.521785 0.971609 0.521785 0.970032 0.520723 0.968454 0.518597 0.968454 0.517535 0.966877 0.511158 0.966877 0.510096 0.968454 0.506908 0.968454 0.505845 0.966877
1 0.188098 0.831230 0.187035 0.832808 0.177471 0.832808 0.176408 0.834385 0.173220 0.834385 0.176408 0.839117 0.175345 0.840694 0.175345 0.842271 0.174283 0.843849 0.174283 0.865931 0.175345 0.867508 0.175345 0.869085 0.174283 0.870662 0.174283 0.886435 0.175345 0.886435 0.176408 0.888013 0.178533 0.888013 0.179596 0.886435 0.212540 0.886435 0.212540 0.883281 0.211477 0.881703 0.211477 0.875394 0.212540 0.873817 0.211477 0.872240 0.211477 0.842271 0.210414 0.840694 0.210414 0.839117 0.212540 0.835962 0.212540 0.831230
2 0.435707 0.271293 0.434644 0.272871 0.433581 0.272871 0.431456 0.276025 0.431456 0.282334 0.430393 0.283912 0.430393 0.290221 0.429330 0.291798 0.429330 0.293375 0.430393 0.294953 0.430393 0.301262 0.429330 0.302839 0.429330 0.318612 0.430393 0.320189 0.436769 0.320189 0.437832 0.321767 0.459086 0.321767 0.460149 0.320189 0.461211 0.320189 0.462274 0.318612 0.462274 0.304416 0.461211 0.302839 0.461211 0.299685 0.460149 0.298107 0.461211 0.296530 0.461211 0.294953 0.462274 0.293375 0.462274 0.291798 0.461211 0.290221 0.461211 0.283912 0.460149 0.282334 0.460149 0.277603 0.459086 0.276025 0.459086 0.274448 0.458023 0.272871 0.454835 0.272871 0.453773 0.271293 0.448459 0.271293 0.447396 0.272871 0.444208 0.272871 0.443146 0.271293 0.442083 0.271293 0.441020 0.272871 0.437832 0.272871 0.436769 0.271293
3 0.634431 0.250789 0.633369 0.252366 0.621679 0.252366 0.622742 0.253943 0.622742 0.261830 0.621679 0.263407 0.621679 0.268139 0.620616 0.269716 0.620616 0.301262 0.621679 0.302839 0.640808 0.302839 0.641870 0.304416 0.654623 0.304416 0.655685 0.302839 0.655685 0.268139 0.654623 0.266562 0.654623 0.264984 0.652497 0.261830 0.652497 0.257098 0.651435 0.255521 0.651435 0.252366 0.650372 0.252366 0.649309 0.250789
4 0.286929 0.843849 0.285866 0.845426 0.285866 0.847003 0.284803 0.848580 0.284803 0.853312 0.283741 0.854890 0.283741 0.858044 0.282678 0.859621 0.282678 0.891167 0.283741 0.891167 0.284803 0.892744 0.313496 0.892744 0.314559 0.891167 0.315622 0.891167 0.315622 0.873817 0.314559 0.872240 0.314559 0.865931 0.315622 0.864353 0.315622 0.862776 0.314559 0.861199 0.314559 0.854890 0.313496 0.853312 0.313496 0.847003 0.311371 0.843849
4 0.643996 0.406940 0.642933 0.408517 0.638682 0.408517 0.638682 0.411672 0.637620 0.413249 0.637620 0.417981 0.638682 0.419558 0.638682 0.422713 0.637620 0.424290 0.637620 0.457413 0.636557 0.458991 0.636557 0.460568 0.637620 0.462145 0.637620 0.463722 0.647184 0.463722 0.648247 0.462145 0.674814 0.462145 0.675877 0.460568 0.676939 0.460568 0.675877 0.458991 0.675877 0.441640 0.674814 0.440063 0.674814 0.424290 0.673751 0.422713 0.673751 0.410095 0.671626 0.406940
3 0.259299 0.487382 0.258236 0.488959 0.241233 0.488959 0.240170 0.490536 0.239107 0.490536 0.239107 0.496845 0.238045 0.498423 0.238045 0.503155 0.236982 0.504732 0.236982 0.522082 0.235919 0.523659 0.235919 0.531546 0.236982 0.533123 0.236982 0.537855 0.239107 0.541009 0.240170 0.541009 0.241233 0.539432 0.267800 0.539432 0.269926 0.536278 0.269926 0.518927 0.270988 0.517350 0.270988 0.511041 0.269926 0.509464 0.269926 0.506309 0.268863 0.504732 0.268863 0.500000 0.267800 0.498423 0.267800 0.493691 0.266738 0.492114 0.266738 0.490536 0.265675 0.488959 0.261424 0.488959 0.260361 0.487382
3 0.066950 0.487382 0.065887 0.488959 0.064825 0.488959 0.063762 0.490536 0.063762 0.495268 0.062699 0.496845 0.062699 0.501577 0.061637 0.503155 0.061637 0.504732 0.060574 0.506309 0.060574 0.537855 0.095643 0.537855 0.095643 0.536278 0.096706 0.534700 0.096706 0.520505 0.095643 0.518927 0.095643 0.503155 0.093518 0.500000 0.093518 0.496845 0.092455 0.495268 0.092455 0.490536 0.090329 0.487382
1 0.821467 0.435331 0.821467 0.436909 0.820404 0.438486 0.820404 0.443218 0.819341 0.444795 0.819341 0.451104 0.818278 0.452681 0.818278 0.458991 0.819341 0.460568 0.819341 0.462145 0.818278 0.463722 0.818278 0.482650 0.819341 0.484227 0.849097 0.484227 0.850159 0.482650 0.851222 0.482650 0.851222 0.465300 0.850159 0.463722 0.850159 0.458991 0.851222 0.457413 0.851222 0.454259 0.850159 0.452681 0.850159 0.447950 0.849097 0.446372 0.849097 0.440063 0.848034 0.438486 0.848034 0.436909 0.846971 0.435331
9 0.828268 0.492445 0.824963 0.490820 0.689309 1.000000 0.693231 1.000000
6 0.517790 0.511672 0.517896 0.516719 0.813231 0.467145 0.813443 0.460678
6 0.983411 0.580552 0.984293 0.686278 0.977524 0.933486 0.973092 0.933297
6 0.966642 0.461735 0.966429 0.457161 0.856886 0.456735 0.856993 0.462256
6 0.661180 0.296420 0.661073 0.300047 0.813613 0.443344 0.814888 0.436719
7 0.472593 0.520883 0.473018 0.515836 0.276185 0.514132 0.276185 0.518076
6 0.260531 0.548817 0.255430 0.549448 0.294835 0.836845 0.298555 0.835584
6 0.250765 0.549511 0.245239 0.549669 0.198937 0.826514 0.202550 0.826041
6 0.239012 0.548533 0.234336 0.547587 0.082646 0.826009 0.085940 0.828991
6 0.100776 0.510473 0.100670 0.514732 0.231658 0.518297 0.231020 0.513091
6 0.005909 0.510410 0.005058 0.513785 0.057269 0.514637 0.056982 0.510410
9 0.837333 0.492066 0.833156 0.491514 0.839883 0.934069 0.843071 0.933596
6 0.498098 0.551625 0.494910 0.552886 0.506738 0.958943 0.510776 0.958312
9 0.813082 0.453249 0.813082 0.457618 0.683804 0.440505 0.683911 0.434669
6 0.629522 0.001057 0.625377 0.000584 0.635781 0.246057 0.639288 0.245426
