3 0.517535 0.952681 0.516472 0.954259 0.516472 0.955836 0.515409 0.957413 0.515409 0.962145 0.514346 0.963722 0.514346 0.966877 0.513284 0.968454 0.513284 0.974763 0.514346 0.976341 0.515409 0.976341 0.516472 0.977918 0.519660 0.977918 0.520723 0.976341 0.521785 0.977918 0.545165 0.977918 0.545165 0.976341 0.546227 0.974763 0.546227 0.970032 0.545165 0.968454 0.545165 0.965300 0.544102 0.963722 0.544102 0.958991 0.543039 0.957413 0.543039 0.954259 0.541977 0.952681
2 0.846971 0.914826 0.844846 0.917981 0.844846 0.925868 0.843783 0.927445 0.843783 0.930599 0.842721 0.932177 0.844846 0.935331 0.850159 0.935331 0.851222 0.933754 0.855473 0.933754 0.856536 0.935331 0.863974 0.935331 0.865037 0.933754 0.869288 0.933754 0.870351 0.935331 0.873539 0.935331 0.875664 0.932177 0.875664 0.930599 0.874601 0.929022 0.874601 0.925868 0.873539 0.924290 0.873539 0.922713 0.872476 0.921136 0.872476 0.917981 0.871413 0.916404 0.869288 0.916404 0.868225 0.914826
7 0.380542 0.512729 0.380117 0.504054 0.003836 0.785142 0.004548 0.790426
7 0.424973 0.490410 0.424973 0.484732 0.635388 0.461498 0.635494 0.467650
9 0.404963 0.525158 0.400499 0.524211 0.394315 0.944621 0.399426 0.944621
9 0.413836 0.522445 0.408735 0.524811 0.521371 0.947429 0.527790 0.942539
9 0.420776 0.525158 0.423220 0.520584 0.711052 0.981230 0.705632 0.980757
9 0.424835 0.509574 0.424835 0.515726 0.836727 0.921025 0.838427 0.914874
2 0.383634 0.954259 0.381509 0.957413 0.381509 0.960568 0.380446 0.962145 0.380446 0.970032 0.379384 0.971609 0.379384 0.977918 0.380446 0.979495 0.387885 0.979495 0.388948 0.977918 0.397450 0.977918 0.398512 0.979495 0.410202 0.979495 0.412327 0.976341 0.412327 0.971609 0.411265 0.970032 0.411265 0.965300 0.410202 0.963722 0.410202 0.960568 0.409139 0.958991 0.409139 0.955836 0.408077 0.955836 0.407014 0.954259
4 0.653560 0.435331 0.652497 0.436909 0.642933 0.436909 0.641870 0.438486 0.639745 0.438486 0.639745 0.441640 0.640808 0.443218 0.639745 0.444795 0.639745 0.452681 0.638682 0.454259 0.638682 0.479495 0.637620 0.481073 0.637620 0.485804 0.638682 0.487382 0.638682 0.488959 0.640808 0.488959 0.641870 0.490536 0.674814 0.490536 0.675877 0.488959 0.675877 0.487382 0.676939 0.485804 0.676939 0.477918 0.675877 0.476341 0.675877 0.462145 0.674814 0.460568 0.674814 0.441640 0.673751 0.440063 0.673751 0.438486 0.672689 0.436909 0.670563 0.436909 0.669501 0.435331 0.668438 0.436909 0.659936 0.436909 0.658874 0.435331
3 0.390011 0.466877 0.388948 0.468454 0.388948 0.471609 0.387885 0.473186 0.387885 0.477918 0.386823 0.479495 0.386823 0.484227 0.385760 0.485804 0.385760 0.487382 0.386823 0.488959 0.386823 0.496845 0.385760 0.498423 0.385760 0.514196 0.386823 0.514196 0.387885 0.515773 0.416578 0.515773 0.418704 0.512618 0.418704 0.485804 0.417641 0.484227 0.417641 0.481073 0.416578 0.479495 0.416578 0.474763 0.415515 0.473186 0.415515 0.466877
