6 0.587896 0.411467 0.587896 0.404968 0.444697 0.457287 0.445345 0.464874
6 0.414219 0.895852 0.422455 0.896830 0.392487 0.979401 0.391180 0.971341
6 0.422699 0.497240 0.429171 0.496104 0.430106 0.828896 0.425271 0.828896
12 0.410202 0.444795 0.410202 0.470032 0.409139 0.471609 0.409139 0.476341 0.410202 0.477918 0.410202 0.490536 0.442083 0.490536 0.441020 0.488959 0.441020 0.476341 0.439957 0.474763 0.439957 0.470032 0.441020 0.468454 0.441020 0.446372 0.439957 0.444795
16 0.408077 0.832808 0.408077 0.870662 0.409139 0.872240 0.409139 0.881703 0.410202 0.883281 0.410202 0.884858 0.411265 0.886435 0.410202 0.888013 0.410202 0.891167 0.413390 0.891167 0.413390 0.886435 0.414453 0.884858 0.415515 0.884858 0.417641 0.888013 0.417641 0.889590 0.420829 0.889590 0.421892 0.891167 0.424017 0.891167 0.425080 0.889590 0.436769 0.889590 0.437832 0.891167 0.441020 0.891167 0.439957 0.889590 0.439957 0.888013 0.438895 0.886435 0.439957 0.884858 0.441020 0.884858 0.442083 0.883281 0.445271 0.883281 0.446334 0.884858 0.446334 0.888013 0.444208 0.891167 0.446334 0.891167 0.446334 0.884858 0.445271 0.883281 0.445271 0.880126 0.446334 0.878549 0.446334 0.839117 0.447396 0.837539 0.447396 0.832808
16 0.853348 0.837539 0.852285 0.839117 0.850159 0.839117 0.849097 0.840694 0.844846 0.840694 0.839532 0.848580 0.839532 0.854890 0.840595 0.856467 0.840595 0.858044 0.839532 0.859621 0.839532 0.867508 0.840595 0.869085 0.840595 0.873817 0.841658 0.875394 0.841658 0.876972 0.842721 0.875394 0.845909 0.875394 0.846971 0.876972 0.848034 0.876972 0.849097 0.878549 0.856536 0.878549 0.857598 0.876972 0.859724 0.876972 0.860786 0.875394 0.861849 0.875394 0.862912 0.873817 0.868225 0.873817 0.867163 0.872240 0.867163 0.845426 0.866100 0.843849 0.863974 0.843849 0.862912 0.842271 0.860786 0.842271 0.859724 0.840694 0.857598 0.840694 0.856536 0.839117 0.854410 0.839117
13 0.914984 0.205047 0.912859 0.208202 0.909671 0.208202 0.908608 0.206625 0.906482 0.206625 0.905420 0.208202 0.891605 0.208202 0.891605 0.211356 0.890542 0.212934 0.890542 0.217666 0.889479 0.219243 0.889479 0.220820 0.888417 0.222397 0.888417 0.228707 0.889479 0.230284 0.889479 0.246057 0.891605 0.249211 0.895855 0.249211 0.896918 0.247634 0.913921 0.247634 0.913921 0.225552 0.914984 0.223975 0.914984 0.222397 0.913921 0.220820 0.913921 0.214511 0.912859 0.212934 0.912859 0.208202 0.913921 0.206625 0.914984 0.206625 0.916047 0.205047
12 0.598300 0.375394 0.598300 0.376972 0.597237 0.378549 0.597237 0.381703 0.598300 0.383281 0.598300 0.389590 0.597237 0.391167 0.597237 0.405363 0.596174 0.406940 0.596174 0.417981 0.595112 0.419558 0.595112 0.421136 0.596174 0.421136 0.597237 0.422713 0.598300 0.422713 0.599362 0.424290 0.600425 0.422713 0.623804 0.422713 0.624867 0.421136 0.624867 0.405363 0.623804 0.403785 0.623804 0.402208 0.624867 0.400631 0.624867 0.394322 0.623804 0.392744 0.623804 0.388013 0.621679 0.384858 0.621679 0.376972 0.602550 0.376972 0.601488 0.375394
6 0.846323 0.887319 0.838247 0.885741 0.815930 0.935268 0.823794 0.934006
6 0.983847 0.750994 0.984230 0.740820 0.871350 0.840174 0.872529 0.847413
6 0.917843 0.258754 0.922412 0.252760 0.985122 0.349085 0.985122 0.362808
6 0.635441 0.387035 0.634591 0.379937 0.870882 0.243186 0.873719 0.249937
