6 0.681211 0.443612 0.680255 0.451025 0.964708 0.420726 0.965239 0.413628
6 0.655685 0.481073 0.661424 0.480599 0.664081 0.902366 0.660149 0.905205
3 0.967056 0.384858 0.965994 0.386435 0.965994 0.443218 0.967056 0.444795 0.968119 0.443218 0.978746 0.443218 0.979809 0.441640 0.982997 0.441640 0.984060 0.443218 0.989373 0.443218 0.991498 0.440063 0.992561 0.440063 0.993624 0.438486 0.993624 0.436909 0.996812 0.432177 0.998937 0.432177 0.998937 0.388013 0.979809 0.388013 0.978746 0.386435 0.974495 0.386435 0.973433 0.384858
2 0.662062 0.911672 0.660999 0.913249 0.649309 0.913249 0.647184 0.916404 0.647184 0.921136 0.646121 0.922713 0.646121 0.930599 0.645058 0.932177 0.645058 0.960568 0.646121 0.962145 0.652497 0.962145 0.653560 0.960568 0.654623 0.962145 0.676939 0.962145 0.676939 0.958991 0.678002 0.957413 0.678002 0.954259 0.676939 0.952681 0.676939 0.935331 0.678002 0.933754 0.678002 0.932177 0.676939 0.930599 0.676939 0.924290 0.675877 0.922713 0.675877 0.916404 0.673751 0.913249 0.663124 0.913249
2 0.685441 0.178233 0.684378 0.179811 0.684378 0.181388 0.683316 0.182965 0.683316 0.186120 0.682253 0.187697 0.682253 0.195584 0.681190 0.197161 0.681190 0.225552 0.682253 0.227129 0.713071 0.227129 0.713071 0.205047 0.714134 0.203470 0.714134 0.200315 0.713071 0.198738 0.713071 0.190852 0.712009 0.189274 0.712009 0.181388 0.710946 0.179811 0.708820 0.179811 0.707758 0.178233 0.706695 0.178233 0.705632 0.179811 0.704570 0.179811 0.703507 0.178233 0.695005 0.178233 0.693943 0.179811 0.691817 0.179811 0.690755 0.178233
2 0.671626 0.417981 0.670563 0.419558 0.654623 0.419558 0.653560 0.421136 0.652497 0.419558 0.637620 0.419558 0.637620 0.424290 0.636557 0.425868 0.636557 0.447950 0.637620 0.449527 0.636557 0.451104 0.636557 0.473186 0.637620 0.474763 0.637620 0.476341 0.640808 0.476341 0.641870 0.477918 0.642933 0.477918 0.643996 0.476341 0.662062 0.476341 0.663124 0.477918 0.674814 0.477918 0.675877 0.476341 0.676939 0.476341 0.676939 0.474763 0.678002 0.473186 0.678002 0.465300 0.676939 0.463722 0.676939 0.429022 0.678002 0.427445 0.676939 0.425868 0.676939 0.421136 0.675877 0.419558 0.674814 0.419558 0.673751 0.417981
2 0.981934 0.154574 0.981934 0.156151 0.980871 0.157729 0.980871 0.160883 0.979809 0.162461 0.979809 0.176656 0.978746 0.178233 0.978746 0.201893 0.979809 0.203470 0.998937 0.203470 0.998937 0.154574
6 0.701392 0.000915 0.697566 0.000599 0.696196 0.173502 0.700276 0.171609
6 0.721605 0.207350 0.720510 0.198517 0.974081 0.178265 0.974187 0.184842
6 0.684091 0.933785 0.684091 0.927003 0.984463 0.832161 0.984612 0.839132
