6 0.796079 0.611420 0.796079 0.617886 0.927981 0.740804 0.928618 0.733549
8 0.757024 0.568454 0.756387 0.573028 0.673804 0.473454 0.676142 0.468565
8 0.651966 0.477571 0.648363 0.477098 0.599490 0.675804 0.602572 0.675804
8 0.575505 0.695994 0.575399 0.692839 0.271137 0.573912 0.269862 0.578328
8 0.291998 0.913628 0.289766 0.909211 0.575930 0.712082 0.575611 0.716183
8 0.252253 0.594826 0.255101 0.594196 0.272338 0.897397 0.270213 0.897539
14 0.647715 0.429022 0.646971 0.431546 0.646121 0.433281 0.645590 0.438013 0.644527 0.441325 0.643571 0.446215 0.643039 0.450789 0.643358 0.455363 0.643571 0.461199 0.643571 0.464511 0.643889 0.466719 0.645271 0.468297 0.646759 0.467823 0.650372 0.468297 0.653879 0.467981 0.655579 0.468139 0.658023 0.468454 0.661849 0.467981 0.663231 0.467823 0.665356 0.467508 0.667375 0.467035 0.669075 0.465773 0.669607 0.462461 0.669819 0.456309 0.669182 0.447476 0.669288 0.442429 0.668757 0.439748 0.667906 0.433912 0.666738 0.429495 0.657279 0.429338 0.649203 0.429338
13 0.766206 0.577287 0.765143 0.578864 0.765143 0.580442 0.764081 0.582019 0.764081 0.586751 0.763018 0.588328 0.763018 0.610410 0.761955 0.611987 0.763018 0.613565 0.764081 0.613565 0.765143 0.615142 0.773645 0.615142 0.774708 0.613565 0.789586 0.613565 0.790648 0.611987 0.790648 0.607256 0.789586 0.605678 0.789586 0.604101 0.788523 0.602524 0.788523 0.591483 0.789586 0.589905 0.788523 0.588328 0.788523 0.585174 0.787460 0.583596 0.787460 0.578864 0.786397 0.577287
14 0.242295 0.550473 0.241233 0.552050 0.241233 0.553628 0.240170 0.555205 0.240170 0.559937 0.239107 0.561514 0.239107 0.586751 0.240170 0.588328 0.241233 0.586751 0.262487 0.586751 0.263549 0.585174 0.263549 0.561514 0.262487 0.559937 0.262487 0.555205 0.261424 0.553628 0.261424 0.552050 0.260361 0.550473
13 0.579171 0.678233 0.577046 0.681388 0.577046 0.682965 0.578108 0.684543 0.578108 0.698738 0.579171 0.700315 0.579171 0.712934 0.578108 0.714511 0.578108 0.719243 0.577046 0.720820 0.577046 0.722397 0.578108 0.723975 0.581296 0.723975 0.582359 0.722397 0.604676 0.722397 0.605739 0.723975 0.609989 0.723975 0.609989 0.722397 0.607864 0.719243 0.607864 0.712934 0.606801 0.711356 0.607864 0.709779 0.607864 0.692429 0.605739 0.689274 0.605739 0.687697 0.606801 0.686120 0.609989 0.686120 0.609989 0.679811 0.603613 0.679811 0.602550 0.678233 0.601488 0.678233 0.600425 0.679811 0.583422 0.679811 0.582359 0.678233
14 0.263549 0.903785 0.260361 0.908517 0.260361 0.911672 0.259299 0.913249 0.259299 0.941640 0.265675 0.941640 0.266738 0.943218 0.270988 0.943218 0.272051 0.941640 0.282678 0.941640 0.283741 0.940063 0.283741 0.913249 0.282678 0.911672 0.282678 0.906940 0.281615 0.905363 0.280553 0.905363 0.279490 0.903785
13 0.931987 0.733438 0.930925 0.735016 0.930925 0.736593 0.931987 0.738170 0.931987 0.749211 0.933050 0.750789 0.933050 0.752366 0.931987 0.753943 0.931987 0.777603 0.930925 0.779180 0.930925 0.780757 0.931987 0.780757 0.934113 0.777603 0.941552 0.777603 0.942614 0.779180 0.954304 0.779180 0.955367 0.777603 0.960680 0.777603 0.961743 0.779180 0.962806 0.777603 0.962806 0.769716 0.961743 0.768139 0.961743 0.764984 0.960680 0.763407 0.961743 0.761830 0.961743 0.739748 0.962806 0.738170 0.962806 0.733438 0.955367 0.733438 0.954304 0.735016 0.953241 0.733438
6 0.586429 0.731057 0.592487 0.732634 0.541530 0.999826 0.535685 0.999826
6 0.949734 0.785000 0.943783 0.784842 0.935664 0.905521 0.941296 0.907413
