3 0.617428 0.854890 0.616366 0.856467 0.598300 0.856467 0.597237 0.858044 0.597237 0.859621 0.596174 0.861199 0.596174 0.869085 0.595112 0.870662 0.594049 0.870662 0.592986 0.872240 0.592986 0.883281 0.594049 0.884858 0.594049 0.906940 0.595112 0.906940 0.596174 0.908517 0.628055 0.908517 0.629118 0.906940 0.629118 0.872240 0.628055 0.870662 0.628055 0.865931 0.626993 0.864353 0.626993 0.859621 0.624867 0.856467 0.623804 0.856467 0.622742 0.854890
9 0.286939 0.175063 0.284857 0.174338 0.131977 0.500095 0.134219 0.502129
9 0.118799 0.566703 0.115356 0.566514 0.109107 0.845158 0.113146 0.844842
9 0.000531 0.127918 0.000000 0.141814 0.000000 0.147666 0.026036 0.296057 0.030499 0.295741
6 0.329224 0.000631 0.324644 0.000694 0.309766 0.086909 0.311998 0.088486
9 0.309139 0.173975 0.304952 0.174274 0.357620 0.527587 0.361637 0.527445
9 0.097556 0.564669 0.095005 0.561041 0.000000 0.688328 0.000106 0.696057
2 0.464400 0.930599 0.463337 0.932177 0.463337 0.933754 0.462274 0.935331 0.462274 0.941640 0.461211 0.943218 0.461211 0.947950 0.460149 0.949527 0.460149 0.952681 0.461211 0.954259 0.461211 0.963722 0.460149 0.965300 0.460149 0.977918 0.461211 0.977918 0.462274 0.979495 0.492030 0.979495 0.493092 0.977918 0.493092 0.965300 0.492030 0.963722 0.492030 0.952681 0.493092 0.951104 0.493092 0.949527 0.492030 0.947950 0.492030 0.944795 0.490967 0.943218 0.490967 0.936909 0.489904 0.935331 0.489904 0.932177 0.488842 0.932177 0.487779 0.930599
1 0.296493 0.938486 0.295430 0.940063 0.281615 0.940063 0.279490 0.943218 0.279490 0.947950 0.278427 0.949527 0.278427 0.957413 0.277365 0.958991 0.277365 0.962145 0.278427 0.963722 0.278427 0.968454 0.277365 0.970032 0.277365 0.987382 0.278427 0.988959 0.309245 0.988959 0.310308 0.987382 0.310308 0.968454 0.309245 0.966877 0.310308 0.965300 0.310308 0.962145 0.309245 0.960568 0.309245 0.952681 0.308183 0.951104 0.308183 0.947950 0.307120 0.946372 0.307120 0.941640 0.306057 0.940063 0.300744 0.940063 0.299681 0.938486
4 0.364506 0.952681 0.364506 0.957413 0.363443 0.958991 0.363443 0.963722 0.362380 0.965300 0.362380 0.968454 0.361318 0.970032 0.361318 0.976341 0.362380 0.977918 0.362380 0.979495 0.361318 0.981073 0.361318 0.998423 0.394261 0.998423 0.394261 0.982650 0.393199 0.981073 0.393199 0.976341 0.394261 0.974763 0.394261 0.970032 0.393199 0.968454 0.393199 0.963722 0.392136 0.962145 0.392136 0.955836 0.390011 0.952681
1 0.121148 0.507886 0.120085 0.509464 0.105207 0.509464 0.104145 0.511041 0.104145 0.512618 0.103082 0.514196 0.103082 0.520505 0.102019 0.522082 0.102019 0.526814 0.100956 0.528391 0.100956 0.534700 0.102019 0.536278 0.102019 0.537855 0.100956 0.539432 0.100956 0.556782 0.103082 0.559937 0.104145 0.558360 0.132837 0.558360 0.133900 0.556782 0.133900 0.537855 0.132837 0.536278 0.133900 0.534700 0.133900 0.528391 0.132837 0.526814 0.132837 0.522082 0.131775 0.520505 0.131775 0.514196 0.130712 0.512618 0.130712 0.509464 0.126461 0.509464 0.125399 0.507886
4 0.645058 0.435331 0.643996 0.436909 0.642933 0.436909 0.640808 0.440063 0.640808 0.446372 0.639745 0.447950 0.639745 0.466877 0.638682 0.468454 0.638682 0.487382 0.639745 0.487382 0.640808 0.488959 0.642933 0.488959 0.643996 0.490536 0.652497 0.490536 0.653560 0.488959 0.654623 0.490536 0.673751 0.490536 0.673751 0.488959 0.674814 0.487382 0.674814 0.473186 0.673751 0.471609 0.673751 0.462145 0.674814 0.460568 0.674814 0.455836 0.673751 0.454259 0.673751 0.451104 0.672689 0.449527 0.672689 0.446372 0.671626 0.444795 0.671626 0.438486 0.670563 0.436909 0.668438 0.436909 0.667375 0.435331
2 0.727949 0.337539 0.724761 0.342271 0.724761 0.345426 0.723698 0.347003 0.723698 0.354890 0.722635 0.356467 0.722635 0.359621 0.723698 0.361199 0.723698 0.367508 0.722635 0.369085 0.722635 0.384858 0.724761 0.388013 0.753454 0.388013 0.754516 0.386435 0.754516 0.380126 0.755579 0.378549 0.755579 0.354890 0.754516 0.353312 0.754516 0.350158 0.753454 0.348580 0.753454 0.343849 0.752391 0.342271 0.752391 0.340694 0.751328 0.339117 0.746015 0.339117 0.744952 0.337539 0.741764 0.337539 0.740701 0.339117 0.729012 0.339117
3 0.297556 0.113565 0.296493 0.115142 0.287991 0.115142 0.286929 0.116719 0.286929 0.118297 0.285866 0.119874 0.285866 0.124606 0.284803 0.126183 0.284803 0.129338 0.283741 0.130915 0.283741 0.138801 0.282678 0.140379 0.282678 0.143533 0.283741 0.145110 0.283741 0.151420 0.282678 0.152997 0.282678 0.157729 0.283741 0.159306 0.283741 0.164038 0.284803 0.165615 0.293305 0.165615 0.294368 0.164038 0.300744 0.164038 0.301807 0.165615 0.302869 0.165615 0.303932 0.164038 0.315622 0.164038 0.318810 0.159306 0.318810 0.143533 0.319872 0.141956 0.318810 0.140379 0.318810 0.134069 0.317747 0.132492 0.317747 0.130915 0.316684 0.129338 0.316684 0.123028 0.315622 0.121451 0.315622 0.116719 0.314559 0.115142 0.314559 0.113565 0.304995 0.113565 0.303932 0.115142 0.299681 0.115142 0.298618 0.113565
9 0.278799 0.154022 0.279511 0.157618 0.056599 0.314905 0.055005 0.311120
2 0.020191 0.304416 0.020191 0.305994 0.019129 0.307571 0.019129 0.313880 0.018066 0.315457 0.018066 0.318612 0.017003 0.320189 0.017003 0.351735 0.018066 0.351735 0.019129 0.353312 0.045696 0.353312 0.046759 0.351735 0.048884 0.351735 0.048884 0.348580 0.049947 0.347003 0.049947 0.320189 0.048884 0.318612 0.048884 0.315457 0.047821 0.313880 0.047821 0.309148 0.046759 0.307571 0.046759 0.304416
1 0.352816 0.555205 0.352816 0.558360 0.351753 0.559937 0.351753 0.564669 0.350691 0.566246 0.350691 0.575710 0.349628 0.577287 0.350691 0.578864 0.350691 0.583596 0.349628 0.585174 0.349628 0.602524 0.350691 0.604101 0.351753 0.604101 0.352816 0.605678 0.354942 0.605678 0.356004 0.604101 0.358130 0.604101 0.359192 0.605678 0.363443 0.605678 0.364506 0.604101 0.369819 0.604101 0.370882 0.605678 0.380446 0.605678 0.382572 0.602524 0.382572 0.585174 0.381509 0.583596 0.381509 0.567823 0.380446 0.566246 0.380446 0.561514 0.379384 0.559937 0.379384 0.556782 0.378321 0.555205
2 0.106270 0.853312 0.105207 0.854890 0.097768 0.854890 0.096706 0.856467 0.096706 0.858044 0.095643 0.859621 0.095643 0.864353 0.094580 0.865931 0.094580 0.886435 0.093518 0.888013 0.093518 0.900631 0.095643 0.903785 0.124336 0.903785 0.125399 0.902208 0.126461 0.902208 0.126461 0.881703 0.125399 0.880126 0.126461 0.878549 0.126461 0.870662 0.125399 0.869085 0.125399 0.865931 0.124336 0.864353 0.124336 0.861199 0.123273 0.859621 0.123273 0.856467 0.122210 0.854890 0.117960 0.854890 0.116897 0.853312
9 0.361424 0.612681 0.358767 0.611735 0.299235 0.929259 0.302104 0.929416
9 0.377768 0.611167 0.374580 0.612744 0.460128 0.901199 0.462434 0.898028
9 0.324538 0.149858 0.324219 0.154432 0.716546 0.354385 0.717503 0.348707
9 0.324548 0.159069 0.324017 0.162066 0.630893 0.441057 0.631211 0.436640
9 0.707492 0.001057 0.694846 0.000426 0.323518 0.130473 0.324687 0.135363
6 0.288491 0.000868 0.284655 0.000457 0.297311 0.107934 0.299447 0.107508
6 0.142380 0.000631 0.138980 0.000631 0.279926 0.124132 0.279501 0.119558
6 0.324697 0.136104 0.324910 0.139732 0.999245 0.067808 0.999777 0.062760
