3 0.518597 0.285489 0.517535 0.287066 0.515409 0.287066 0.517535 0.290221 0.517535 0.294953 0.514346 0.299685 0.514346 0.302839 0.513284 0.304416 0.513284 0.317035 0.514346 0.318612 0.514346 0.334385 0.515409 0.335962 0.547290 0.335962 0.548353 0.334385 0.550478 0.334385 0.550478 0.304416 0.549416 0.302839 0.549416 0.294953 0.548353 0.293375 0.548353 0.287066 0.547290 0.285489
6 0.615696 0.175962 0.612221 0.172555 0.553454 0.273975 0.556429 0.279022
7 0.556961 0.341167 0.559724 0.330442 0.636663 0.418612 0.635282 0.431388
6 0.379065 0.160568 0.378746 0.150315 0.512434 0.284385 0.511371 0.293691
6 0.653666 0.140063 0.654410 0.147003 0.830818 0.147476 0.831775 0.141325
2 0.837407 0.118297 0.836344 0.119874 0.836344 0.121451 0.835282 0.123028 0.835282 0.126183 0.834219 0.127760 0.834219 0.132492 0.833156 0.134069 0.833156 0.164038 0.834219 0.165615 0.855473 0.165615 0.856536 0.167192 0.857598 0.165615 0.865037 0.165615 0.867694 0.165615 0.868013 0.154416 0.868119 0.144795 0.867588 0.134227 0.866206 0.128864 0.865037 0.124606 0.864931 0.123028 0.864506 0.120662 0.864187 0.118297 0.861849 0.118297
6 0.926674 0.317350 0.926674 0.311830 0.555792 0.307886 0.556004 0.313565
9 0.536663 0.344164 0.532848 0.344748 0.542933 0.684227 0.547609 0.683438
9 0.524123 0.344637 0.519830 0.344448 0.418077 0.630284 0.422848 0.631230
6 0.873964 0.175552 0.866844 0.176498 0.926142 0.284858 0.929756 0.281388
6 0.330244 0.000852 0.326791 0.000615 0.342434 0.077082 0.346047 0.076830
4 0.638682 0.419558 0.637620 0.421136 0.637620 0.474763 0.638682 0.476341 0.639745 0.476341 0.640808 0.477918 0.652497 0.477918 0.653560 0.476341 0.658874 0.476341 0.659936 0.477918 0.667375 0.477918 0.668438 0.476341 0.669501 0.476341 0.670563 0.477918 0.674814 0.477918 0.676939 0.474763 0.676939 0.421136 0.675877 0.421136 0.674814 0.419558 0.670563 0.419558 0.669501 0.421136 0.651435 0.421136 0.650372 0.419558
2 0.618491 0.118297 0.618491 0.123028 0.617428 0.124606 0.617428 0.127760 0.616366 0.129338 0.616366 0.132492 0.615303 0.134069 0.615303 0.165615 0.647184 0.165615 0.648247 0.164038 0.648247 0.160883 0.647184 0.159306 0.647184 0.140379 0.648247 0.138801 0.648247 0.135647 0.647184 0.134069 0.647184 0.130915 0.646121 0.129338 0.646121 0.124606 0.645058 0.123028 0.645058 0.121451 0.643996 0.119874 0.643996 0.118297
3 0.368757 0.100946 0.367694 0.102524 0.360255 0.102524 0.359192 0.104101 0.352816 0.104101 0.351753 0.102524 0.341126 0.102524 0.340064 0.104101 0.334750 0.104101 0.333688 0.102524 0.333688 0.110410 0.334750 0.111987 0.334750 0.113565 0.333688 0.115142 0.333688 0.159306 0.342189 0.159306 0.343252 0.157729 0.369819 0.157729 0.370882 0.159306 0.371945 0.159306 0.373007 0.157729 0.373007 0.138801 0.371945 0.137224 0.371945 0.135647 0.373007 0.134069 0.373007 0.126183 0.371945 0.124606 0.371945 0.119874 0.370882 0.118297 0.370882 0.115142 0.369819 0.113565 0.369819 0.111987 0.371945 0.108833 0.371945 0.100946
1 0.934113 0.288644 0.933050 0.290221 0.930925 0.290221 0.930925 0.291798 0.929862 0.293375 0.929862 0.299685 0.928799 0.301262 0.928799 0.305994 0.927736 0.307571 0.927736 0.310726 0.928799 0.312303 0.928799 0.317035 0.927736 0.318612 0.927736 0.337539 0.928799 0.337539 0.929862 0.339117 0.959617 0.339117 0.959617 0.337539 0.960680 0.335962 0.960680 0.318612 0.959617 0.317035 0.959617 0.313880 0.960680 0.312303 0.960680 0.309148 0.959617 0.307571 0.959617 0.302839 0.958555 0.301262 0.958555 0.296530 0.957492 0.294953 0.957492 0.291798 0.956429 0.290221 0.955367 0.290221 0.954304 0.288644 0.950053 0.288644 0.948990 0.290221 0.936238 0.290221 0.935175 0.288644
3 0.400638 0.640379 0.399575 0.641956 0.395324 0.641956 0.394261 0.643533 0.394261 0.645110 0.393199 0.646688 0.393199 0.651420 0.392136 0.652997 0.392136 0.689274 0.422954 0.689274 0.424017 0.687697 0.424017 0.668770 0.422954 0.667192 0.422954 0.660883 0.424017 0.659306 0.422954 0.657729 0.422954 0.652997 0.421892 0.651420 0.421892 0.646688 0.420829 0.645110 0.420829 0.643533 0.418704 0.640379
2 0.534538 0.692429 0.533475 0.694006 0.532412 0.694006 0.532412 0.697161 0.531350 0.698738 0.531350 0.703470 0.530287 0.705047 0.530287 0.708202 0.529224 0.709779 0.529224 0.714511 0.530287 0.716088 0.530287 0.717666 0.529224 0.719243 0.529224 0.739748 0.530287 0.739748 0.531350 0.741325 0.554729 0.741325 0.555792 0.739748 0.556854 0.741325 0.561105 0.741325 0.562168 0.739748 0.562168 0.725552 0.561105 0.723975 0.561105 0.714511 0.562168 0.712934 0.562168 0.711356 0.561105 0.709779 0.561105 0.705047 0.560043 0.703470 0.560043 0.698738 0.558980 0.697161 0.558980 0.694006 0.556854 0.694006 0.555792 0.692429 0.546227 0.692429 0.545165 0.694006 0.538789 0.694006 0.537726 0.692429
