4 0.516472 0.408517 0.515409 0.410095 0.503719 0.410095 0.503719 0.416404 0.502657 0.417981 0.502657 0.424290 0.501594 0.425868 0.501594 0.458991 0.500531 0.460568 0.501594 0.462145 0.501594 0.465300 0.502657 0.463722 0.536663 0.463722 0.537726 0.462145 0.537726 0.443218 0.536663 0.441640 0.536663 0.422713 0.535600 0.421136 0.535600 0.417981 0.534538 0.416404 0.534538 0.411672 0.532412 0.408517
2 0.601488 0.618297 0.600425 0.619874 0.599362 0.619874 0.598300 0.621451 0.598300 0.627760 0.597237 0.629338 0.597237 0.648265 0.596174 0.649842 0.596174 0.660883 0.597237 0.662461 0.597237 0.665615 0.598300 0.667192 0.628055 0.667192 0.629118 0.665615 0.629118 0.654574 0.628055 0.652997 0.629118 0.651420 0.629118 0.635647 0.628055 0.634069 0.628055 0.629338 0.626993 0.627760 0.626993 0.621451 0.624867 0.618297
4 0.179596 0.287066 0.178533 0.288644 0.176408 0.288644 0.176408 0.290221 0.175345 0.291798 0.175345 0.298107 0.174283 0.299685 0.174283 0.302839 0.173220 0.304416 0.173220 0.337539 0.204038 0.337539 0.206164 0.334385 0.206164 0.318612 0.205101 0.317035 0.205101 0.312303 0.206164 0.310726 0.205101 0.309148 0.205101 0.301262 0.204038 0.299685 0.204038 0.291798 0.202976 0.290221 0.202976 0.288644 0.201913 0.288644 0.200850 0.287066
6 0.806057 0.297161 0.799469 0.293849 0.628480 0.608833 0.632944 0.614669
6 0.766206 0.000789 0.760893 0.001420 0.807439 0.206151 0.812434 0.204732
7 0.525399 0.007855 0.522742 0.008013 0.518459 0.383770 0.522582 0.379763
7 0.160468 0.000315 0.150797 0.000000 0.007545 0.105521 0.009352 0.113565
7 0.503188 0.000631 0.494049 0.000158 0.210308 0.286278 0.214772 0.296215
6 0.530287 0.006625 0.527194 0.009211 0.607439 0.611987 0.612221 0.609937
6 0.009883 0.142114 0.007758 0.148423 0.168119 0.297161 0.171626 0.290379
3 0.831668 0.234069 0.828905 0.233438 0.813603 0.233754 0.807864 0.233754 0.805951 0.243533 0.804782 0.251420 0.804251 0.254890 0.805101 0.259779 0.804888 0.264038 0.804251 0.267192 0.804251 0.269558 0.803401 0.274448 0.804463 0.276025 0.803401 0.277603 0.803401 0.282334 0.806057 0.286751 0.837407 0.288013 0.839745 0.286593 0.840276 0.262303 0.839532 0.258675 0.839532 0.257098 0.840489 0.252681 0.837726 0.239117 0.835069 0.234543
