3 0.157279 0.694006 0.157279 0.698738 0.156217 0.700315 0.156217 0.705047 0.155154 0.706625 0.155154 0.708202 0.154091 0.709779 0.154091 0.727129 0.153029 0.728707 0.153029 0.742902 0.154091 0.744479 0.154091 0.746057 0.157279 0.746057 0.158342 0.747634 0.163656 0.747634 0.164718 0.746057 0.179596 0.746057 0.180659 0.747634 0.189160 0.747634 0.190223 0.746057 0.190223 0.730284 0.189160 0.728707 0.189160 0.709779 0.187035 0.706625 0.187035 0.703470 0.185972 0.701893 0.185972 0.695584 0.184910 0.694006
1 0.469713 0.134069 0.468650 0.135647 0.449522 0.135647 0.447396 0.138801 0.447396 0.141956 0.446334 0.143533 0.446334 0.148265 0.445271 0.149842 0.445271 0.162461 0.444208 0.164038 0.444208 0.165615 0.445271 0.167192 0.445271 0.171924 0.444208 0.173502 0.444208 0.178233 0.445271 0.179811 0.445271 0.187697 0.446334 0.189274 0.450584 0.189274 0.451647 0.187697 0.473964 0.187697 0.475027 0.189274 0.481403 0.189274 0.481403 0.162461 0.480340 0.160883 0.480340 0.151420 0.479277 0.149842 0.479277 0.146688 0.478215 0.145110 0.478215 0.141956 0.477152 0.140379 0.477152 0.138801 0.475027 0.135647 0.471838 0.135647 0.470776 0.134069
4 0.647184 0.433754 0.646121 0.435331 0.638682 0.435331 0.637620 0.436909 0.637620 0.443218 0.638682 0.444795 0.638682 0.446372 0.637620 0.447950 0.637620 0.481073 0.636557 0.482650 0.636557 0.484227 0.637620 0.485804 0.637620 0.488959 0.638682 0.490536 0.638682 0.492114 0.650372 0.492114 0.651435 0.490536 0.674814 0.490536 0.674814 0.454259 0.673751 0.452681 0.673751 0.449527 0.672689 0.447950 0.672689 0.440063 0.673751 0.438486 0.673751 0.436909 0.671626 0.436909 0.670563 0.435331 0.659936 0.435331 0.658874 0.433754
1 0.561105 0.421136 0.560043 0.422713 0.547290 0.422713 0.546227 0.424290 0.545165 0.424290 0.545165 0.425868 0.544102 0.427445 0.544102 0.432177 0.543039 0.433754 0.543039 0.441640 0.541977 0.443218 0.543039 0.444795 0.543039 0.447950 0.544102 0.449527 0.543039 0.451104 0.543039 0.454259 0.541977 0.455836 0.541977 0.470032 0.543039 0.471609 0.573858 0.471609 0.573858 0.470032 0.574920 0.468454 0.574920 0.457413 0.573858 0.455836 0.573858 0.449527 0.574920 0.447950 0.574920 0.441640 0.573858 0.440063 0.573858 0.436909 0.572795 0.435331 0.572795 0.430599 0.571732 0.429022 0.571732 0.424290 0.570670 0.422713 0.566419 0.422713 0.565356 0.421136
1 0.396387 0.588328 0.395324 0.589905 0.393199 0.589905 0.392136 0.591483 0.392136 0.600946 0.391073 0.602524 0.391073 0.604101 0.390011 0.605678 0.390011 0.608833 0.391073 0.610410 0.391073 0.615142 0.390011 0.616719 0.390011 0.635647 0.391073 0.637224 0.422954 0.637224 0.422954 0.613565 0.421892 0.611987 0.422954 0.610410 0.422954 0.605678 0.421892 0.604101 0.421892 0.599369 0.420829 0.597792 0.420829 0.594637 0.419766 0.593060 0.419766 0.589905 0.417641 0.589905 0.416578 0.588328
3 0.003188 0.518927 0.002125 0.520505 0.000000 0.520505 0.000000 0.570978 0.012752 0.570978 0.013815 0.569401 0.014878 0.569401 0.015940 0.567823 0.015940 0.537855 0.014878 0.536278 0.014878 0.533123 0.013815 0.531546 0.013815 0.526814 0.012752 0.525237 0.012752 0.522082 0.011690 0.522082 0.010627 0.520505 0.007439 0.520505 0.006376 0.518927
2 0.227418 0.246057 0.224230 0.250789 0.224230 0.255521 0.223167 0.257098 0.223167 0.276025 0.222104 0.277603 0.222104 0.291798 0.223167 0.293375 0.223167 0.294953 0.231668 0.294953 0.232731 0.296530 0.242295 0.296530 0.243358 0.294953 0.248672 0.294953 0.249734 0.296530 0.251860 0.296530 0.252922 0.294953 0.253985 0.294953 0.253985 0.282334 0.255048 0.280757 0.255048 0.263407 0.253985 0.261830 0.253985 0.258675 0.252922 0.257098 0.252922 0.250789 0.251860 0.249211 0.251860 0.247634 0.247609 0.247634 0.246546 0.246057 0.236982 0.246057 0.235919 0.247634 0.234857 0.246057
3 0.945802 0.425868 0.944740 0.427445 0.944740 0.429022 0.943677 0.430599 0.943677 0.435331 0.942614 0.436909 0.942614 0.443218 0.941552 0.444795 0.941552 0.446372 0.942614 0.447950 0.942614 0.452681 0.941552 0.454259 0.941552 0.473186 0.942614 0.474763 0.973433 0.474763 0.974495 0.473186 0.974495 0.451104 0.973433 0.449527 0.974495 0.447950 0.974495 0.443218 0.973433 0.441640 0.973433 0.438486 0.972370 0.436909 0.972370 0.432177 0.971307 0.430599 0.971307 0.427445 0.970244 0.425868
9 0.216610 0.279748 0.216929 0.286845 0.000000 0.400268 -0.000000 0.393375
9 0.023337 0.564274 0.021211 0.569006 0.149362 0.699795 0.150638 0.694274
7 0.655080 0.410410 0.658045 0.410174 0.643773 0.000047 0.639405 0.000047
9 0.446525 0.194826 0.444240 0.193312 0.302572 0.445505 0.304570 0.449085
9 0.460638 0.194700 0.457662 0.193596 0.409129 0.579322 0.412848 0.579479
9 0.576142 0.000978 0.572104 0.000662 0.557843 0.414054 0.562200 0.414211
9 0.323571 0.000252 0.319819 0.000584 0.247301 0.238281 0.250808 0.239858
9 0.715165 0.000978 0.711233 0.000820 0.758608 0.422114 0.761413 0.421625
9 0.766791 0.000994 0.763071 0.000836 0.852455 0.529685 0.856440 0.529685
9 0.881987 0.565868 0.882083 0.560189 0.973560 0.565142 0.973560 0.568454
9 0.846833 0.000426 0.843114 0.000268 0.949320 0.418849 0.952402 0.417114
6 0.264867 0.482098 0.263167 0.488407 0.021764 0.543155 0.024208 0.537003
6 0.061275 0.000946 0.057556 0.000158 0.000000 0.057855 0.000000 0.061861 0.000021 0.062050
2 0.751328 0.430599 0.749203 0.433754 0.749203 0.438486 0.748140 0.440063 0.748140 0.444795 0.747078 0.446372 0.747078 0.466877 0.746015 0.468454 0.746015 0.473186 0.747078 0.474763 0.747078 0.477918 0.748140 0.477918 0.749203 0.479495 0.778959 0.479495 0.778959 0.443218 0.777896 0.441640 0.777896 0.440063 0.776833 0.438486 0.776833 0.432177 0.775770 0.430599
1 0.861849 0.536278 0.860786 0.537855 0.846971 0.537855 0.845909 0.539432 0.845909 0.541009 0.844846 0.542587 0.844846 0.547319 0.843783 0.548896 0.843783 0.552050 0.841658 0.555205 0.841658 0.561514 0.842721 0.563091 0.842721 0.567823 0.841658 0.569401 0.841658 0.586751 0.842721 0.588328 0.846971 0.588328 0.848034 0.586751 0.871413 0.586751 0.872476 0.588328 0.875664 0.588328 0.876727 0.586751 0.876727 0.567823 0.875664 0.566246 0.875664 0.563091 0.876727 0.561514 0.876727 0.553628 0.875664 0.552050 0.875664 0.550473 0.874601 0.548896 0.874601 0.547319 0.873539 0.545741 0.873539 0.542587 0.872476 0.541009 0.872476 0.537855 0.867163 0.537855 0.866100 0.536278
3 0.273114 0.455836 0.272051 0.457413 0.272051 0.458991 0.270988 0.460568 0.270988 0.466877 0.269926 0.468454 0.269926 0.484227 0.268863 0.485804 0.268863 0.500000 0.269926 0.501577 0.269926 0.503155 0.270988 0.504732 0.299681 0.504732 0.301807 0.501577 0.301807 0.481073 0.300744 0.479495 0.301807 0.477918 0.301807 0.473186 0.300744 0.471609 0.300744 0.468454 0.299681 0.466877 0.299681 0.460568 0.298618 0.458991 0.298618 0.455836
