6 0.344102 0.837382 0.342816 0.844322 0.441977 0.977603 0.449309 0.976341
3 0.309245 0.785489 0.308183 0.787066 0.304995 0.787066 0.303932 0.788644 0.303932 0.791798 0.302869 0.793375 0.302869 0.799685 0.301807 0.801262 0.301807 0.837539 0.302869 0.837539 0.303932 0.839117 0.317747 0.839117 0.318810 0.837539 0.335813 0.837539 0.337938 0.834385 0.337938 0.828076 0.339001 0.826498 0.339001 0.818612 0.337938 0.817035 0.337938 0.809148 0.339001 0.807571 0.339001 0.802839 0.337938 0.801262 0.337938 0.787066 0.336876 0.785489 0.321998 0.785489 0.320935 0.787066 0.317747 0.787066 0.316684 0.785489
3 0.519660 0.802839 0.518597 0.804416 0.516472 0.804416 0.516472 0.807571 0.515409 0.809148 0.515409 0.813880 0.514346 0.815457 0.514346 0.820189 0.513284 0.821767 0.513284 0.850158 0.514346 0.851735 0.516472 0.851735 0.517535 0.853312 0.519660 0.853312 0.520723 0.851735 0.521785 0.853312 0.527099 0.853312 0.528162 0.851735 0.538789 0.851735 0.539851 0.853312 0.544102 0.853312 0.545165 0.851735 0.546227 0.851735 0.546227 0.829653 0.545165 0.828076 0.545165 0.826498 0.546227 0.824921 0.546227 0.821767 0.545165 0.820189 0.545165 0.817035 0.544102 0.815457 0.544102 0.809148 0.543039 0.807571 0.543039 0.805994 0.540914 0.802839 0.538789 0.802839 0.537726 0.804416 0.534538 0.804416 0.533475 0.802839 0.530287 0.802839 0.529224 0.804416 0.523911 0.804416 0.522848 0.802839
4 0.646121 0.406940 0.645058 0.408517 0.642933 0.408517 0.641870 0.410095 0.640808 0.410095 0.640808 0.416404 0.639745 0.417981 0.639745 0.425868 0.638682 0.427445 0.638682 0.444795 0.637620 0.446372 0.637620 0.452681 0.638682 0.454259 0.638682 0.457413 0.637620 0.458991 0.637620 0.462145 0.649309 0.462145 0.650372 0.460568 0.651435 0.462145 0.655685 0.462145 0.656748 0.460568 0.672689 0.460568 0.674814 0.457413 0.674814 0.430599 0.673751 0.429022 0.673751 0.421136 0.672689 0.419558 0.672689 0.411672 0.671626 0.410095 0.671626 0.408517 0.670563 0.408517 0.669501 0.406940
3 0.484591 0.403785 0.482465 0.406940 0.482465 0.411672 0.481403 0.413249 0.481403 0.433754 0.480340 0.435331 0.480340 0.449527 0.481403 0.451104 0.481403 0.452681 0.512221 0.452681 0.513284 0.451104 0.513284 0.433754 0.512221 0.432177 0.513284 0.430599 0.513284 0.421136 0.512221 0.419558 0.512221 0.416404 0.511158 0.414826 0.511158 0.411672 0.510096 0.410095 0.510096 0.406940 0.509033 0.405363 0.509033 0.403785
3 0.180659 0.413249 0.179596 0.414826 0.179596 0.416404 0.178533 0.417981 0.178533 0.421136 0.177471 0.422713 0.177471 0.430599 0.176408 0.432177 0.177471 0.433754 0.177471 0.444795 0.176408 0.446372 0.176408 0.458991 0.177471 0.460568 0.177471 0.462145 0.208289 0.462145 0.208289 0.458991 0.209352 0.457413 0.209352 0.444795 0.208289 0.443218 0.208289 0.424290 0.207226 0.422713 0.207226 0.419558 0.206164 0.417981 0.206164 0.414826 0.205101 0.413249
2 0.299681 0.410095 0.298618 0.411672 0.298618 0.413249 0.297556 0.414826 0.297556 0.419558 0.296493 0.421136 0.296493 0.425868 0.295430 0.427445 0.296493 0.429022 0.296493 0.438486 0.295430 0.440063 0.295430 0.455836 0.297556 0.458991 0.326249 0.458991 0.328374 0.455836 0.328374 0.438486 0.327311 0.436909 0.327311 0.430599 0.328374 0.429022 0.328374 0.425868 0.327311 0.424290 0.327311 0.422713 0.326249 0.421136 0.326249 0.417981 0.325186 0.416404 0.325186 0.413249 0.324123 0.411672 0.323061 0.411672 0.321998 0.410095
2 0.070138 0.408517 0.068013 0.411672 0.068013 0.416404 0.066950 0.417981 0.066950 0.424290 0.065887 0.425868 0.065887 0.455836 0.066950 0.457413 0.097768 0.457413 0.098831 0.455836 0.098831 0.433754 0.097768 0.432177 0.097768 0.419558 0.096706 0.417981 0.096706 0.413249 0.095643 0.411672 0.095643 0.410095 0.094580 0.408517
1 0.657811 0.577287 0.655685 0.580442 0.655685 0.589905 0.654623 0.591483 0.654623 0.594637 0.653560 0.596215 0.654623 0.597792 0.654623 0.624606 0.655685 0.626183 0.686504 0.626183 0.687566 0.624606 0.687566 0.610410 0.686504 0.608833 0.686504 0.597792 0.687566 0.596215 0.687566 0.594637 0.686504 0.593060 0.686504 0.582019 0.685441 0.580442 0.685441 0.578864 0.684378 0.578864 0.683316 0.577287
6 0.343645 0.811972 0.343433 0.817019 0.508725 0.828943 0.509044 0.823107
6 0.552922 0.840315 0.552487 0.847508 0.739851 0.978344 0.745696 0.978170
6 0.105739 0.461041 0.101594 0.467981 0.298725 0.781230 0.301807 0.775868
6 0.000670 0.429369 0.000000 0.426625 0.000850 0.424448 0.063656 0.428233 0.062168 0.434385
6 0.299267 0.818927 0.299054 0.813722 0.000000 0.870615 0.000000 0.877114
9 0.342848 0.833612 0.343167 0.827934 0.514825 0.978407 0.509171 0.978596
9 0.343071 0.807524 0.343177 0.811625 0.670882 0.788013 0.671520 0.781546
9 0.343475 0.799558 0.342944 0.795442 0.649384 0.612192 0.649596 0.618028
9 0.343836 0.788565 0.341987 0.784543 0.631615 0.460016 0.631934 0.465521
9 0.315080 0.467681 0.311254 0.467524 0.318406 0.777823 0.321700 0.777666
9 0.312338 0.844495 0.308937 0.843864 0.266716 0.978596 0.270903 0.978785
9 0.304283 0.845836 0.302136 0.843155 0.218034 1.000000 0.221615 1.000000
9 0.206291 0.468218 0.202891 0.471057 0.300978 0.757461 0.303932 0.755631
6 0.481211 0.461215 0.483656 0.463107 0.338183 0.778801 0.334357 0.779748
6 0.297768 0.812776 0.299044 0.804890 0.000000 0.766246 0.000000 0.772224 0.000000 0.776498
3 0.681190 0.758675 0.680128 0.760252 0.679065 0.760252 0.678002 0.761830 0.678002 0.768139 0.676939 0.769716 0.676939 0.779180 0.675877 0.780757 0.676939 0.782334 0.676939 0.788644 0.675877 0.790221 0.675877 0.805994 0.678002 0.809148 0.686504 0.809148 0.687566 0.807571 0.691817 0.807571 0.692880 0.809148 0.705632 0.809148 0.706695 0.807571 0.707758 0.807571 0.708820 0.805994 0.708820 0.790221 0.707758 0.788644 0.707758 0.783912 0.708820 0.782334 0.708820 0.776025 0.707758 0.774448 0.707758 0.771293 0.706695 0.769716 0.706695 0.764984 0.705632 0.763407 0.705632 0.760252 0.704570 0.760252 0.703507 0.758675 0.689692 0.758675 0.688629 0.760252 0.687566 0.758675
