6 0.721807 0.622461 0.721892 0.628707 0.629012 0.622871 0.628693 0.617350
9 0.000159 0.312240 0.000043 0.317886 0.646429 0.319432 0.646429 0.311562
9 0.680117 0.454132 0.680308 0.462035 0.883773 0.552776 0.884060 0.545820
9 0.916270 0.592129 0.918289 0.589448 0.994750 0.817808 0.992306 0.820331
9 0.628300 0.638927 0.626334 0.644038 0.909734 0.934905 0.920436 0.934148
9 0.523124 0.930994 0.522912 0.936041 0.721892 1.000000 0.735143 1.000000
7 0.116727 0.560047 0.116897 0.553312 0.000000 0.637382 0.000000 0.645662 0.000000 0.645662
1 0.893730 0.534700 0.892667 0.536278 0.892667 0.537855 0.891605 0.539432 0.891605 0.545741 0.890542 0.547319 0.890542 0.550473 0.889479 0.552050 0.889479 0.556782 0.890542 0.558360 0.890542 0.566246 0.889479 0.567823 0.889479 0.582019 0.890542 0.583596 0.922423 0.583596 0.922423 0.580442 0.923486 0.578864 0.923486 0.569401 0.922423 0.567823 0.922423 0.563091 0.920298 0.559937 0.922423 0.556782 0.922423 0.552050 0.921360 0.550473 0.921360 0.547319 0.920298 0.545741 0.920298 0.541009 0.919235 0.539432 0.919235 0.536278 0.918172 0.536278 0.917109 0.534700
2 0.520723 0.706625 0.520723 0.708202 0.519660 0.709779 0.519660 0.717666 0.518597 0.719243 0.518597 0.736593 0.517535 0.738170 0.517535 0.753943 0.518597 0.755521 0.519660 0.755521 0.520723 0.757098 0.521785 0.757098 0.522848 0.755521 0.527099 0.755521 0.528162 0.757098 0.530287 0.757098 0.531350 0.755521 0.533475 0.755521 0.534538 0.757098 0.538789 0.757098 0.539851 0.755521 0.549416 0.755521 0.549416 0.753943 0.550478 0.752366 0.550478 0.747634 0.549416 0.746057 0.549416 0.733438 0.550478 0.731861 0.550478 0.728707 0.549416 0.727129 0.549416 0.717666 0.548353 0.716088 0.548353 0.711356 0.545165 0.706625
1 0.487779 0.902208 0.486716 0.903785 0.485654 0.903785 0.485654 0.906940 0.484591 0.908517 0.484591 0.916404 0.481403 0.921136 0.481403 0.924290 0.482465 0.925868 0.482465 0.930599 0.483528 0.932177 0.482465 0.933754 0.482465 0.940063 0.481403 0.941640 0.481403 0.955836 0.482465 0.955836 0.483528 0.954259 0.488842 0.954259 0.489904 0.955836 0.490967 0.954259 0.514346 0.954259 0.515409 0.955836 0.517535 0.955836 0.517535 0.938486 0.516472 0.936909 0.516472 0.924290 0.517535 0.922713 0.517535 0.921136 0.516472 0.919558 0.516472 0.917981 0.515409 0.916404 0.515409 0.914826 0.514346 0.913249 0.514346 0.910095 0.513284 0.908517 0.513284 0.903785 0.512221 0.902208
2 0.591923 0.594637 0.591923 0.596215 0.590861 0.597792 0.590861 0.602524 0.589798 0.604101 0.589798 0.610410 0.588735 0.611987 0.588735 0.615142 0.589798 0.616719 0.589798 0.619874 0.588735 0.621451 0.588735 0.629338 0.587673 0.630915 0.587673 0.637224 0.588735 0.638801 0.588735 0.641956 0.589798 0.643533 0.620616 0.643533 0.620616 0.607256 0.619554 0.605678 0.619554 0.599369 0.618491 0.597792 0.618491 0.596215 0.617428 0.596215 0.616366 0.594637
2 0.731137 0.602524 0.730074 0.604101 0.730074 0.605678 0.729012 0.607256 0.729012 0.611987 0.727949 0.613565 0.727949 0.621451 0.726886 0.623028 0.726886 0.627760 0.727949 0.629338 0.726886 0.630915 0.726886 0.649842 0.727949 0.651420 0.734325 0.651420 0.735388 0.652997 0.751328 0.652997 0.752391 0.651420 0.758767 0.651420 0.758767 0.649842 0.759830 0.648265 0.759830 0.645110 0.758767 0.643533 0.758767 0.638801 0.759830 0.637224 0.759830 0.634069 0.758767 0.632492 0.758767 0.627760 0.759830 0.626183 0.759830 0.624606 0.758767 0.623028 0.758767 0.615142 0.757705 0.613565 0.757705 0.608833 0.756642 0.607256 0.756642 0.605678 0.755579 0.604101 0.754516 0.604101 0.753454 0.602524
1 0.672689 0.290221 0.671626 0.291798 0.654623 0.291798 0.653560 0.293375 0.653560 0.301262 0.652497 0.302839 0.652497 0.318612 0.651435 0.320189 0.651435 0.339117 0.660999 0.339117 0.662062 0.340694 0.669501 0.340694 0.670563 0.339117 0.680128 0.339117 0.681190 0.340694 0.682253 0.339117 0.684378 0.339117 0.684378 0.318612 0.682253 0.315457 0.683316 0.313880 0.683316 0.312303 0.684378 0.310726 0.683316 0.309148 0.683316 0.304416 0.682253 0.302839 0.682253 0.299685 0.681190 0.298107 0.681190 0.293375 0.680128 0.291798 0.674814 0.291798 0.673751 0.290221
4 0.672689 0.419558 0.671626 0.421136 0.638682 0.421136 0.637620 0.422713 0.637620 0.470032 0.636557 0.471609 0.636557 0.473186 0.638682 0.476341 0.660999 0.476341 0.662062 0.474763 0.666312 0.474763 0.667375 0.476341 0.670563 0.476341 0.671626 0.474763 0.674814 0.474763 0.675877 0.473186 0.675877 0.452681 0.674814 0.451104 0.674814 0.446372 0.675877 0.444795 0.675877 0.443218 0.674814 0.441640 0.674814 0.432177 0.675877 0.430599 0.675877 0.429022 0.676939 0.427445 0.676939 0.424290 0.675877 0.422713 0.675877 0.421136 0.674814 0.421136 0.673751 0.419558
2 0.900106 0.750789 0.899044 0.752366 0.897981 0.752366 0.897981 0.760252 0.896918 0.761830 0.896918 0.764984 0.895855 0.766562 0.895855 0.785489 0.894793 0.787066 0.895855 0.788644 0.895855 0.799685 0.899044 0.799685 0.900106 0.801262 0.905420 0.801262 0.906482 0.799685 0.908608 0.799685 0.909671 0.801262 0.927736 0.801262 0.927736 0.799685 0.928799 0.798107 0.928799 0.768139 0.927736 0.766562 0.927736 0.763407 0.926674 0.761830 0.926674 0.757098 0.925611 0.755521 0.925611 0.752366 0.924548 0.752366 0.923486 0.750789
6 0.690340 0.314748 0.690553 0.318691 0.982242 0.323833 0.983103 0.316656
6 0.682009 0.351325 0.688172 0.345962 0.904325 0.748155 0.897694 0.753833
6 0.924006 0.805126 0.929724 0.800032 0.997875 0.926845 0.995112 0.935047
6 0.558289 0.742981 0.556939 0.751924 0.824176 0.934211 0.833858 0.933738
6 0.888523 0.763817 0.889373 0.749464 0.768140 0.641483 0.766355 0.653218
