9 0.774481 0.458347 0.774481 0.469577 0.979010 0.531331 0.979594 0.519778
9 0.797890 0.284758 0.797565 0.276089 0.545455 0.269698 0.543669 0.281190
9 0.084497 0.002923 0.064237 0.000020 0.000000 0.023226 0.000000 0.034536
6 0.988295 0.290746 0.987419 0.282641 0.863328 0.277520 0.862240 0.287782
7 0.992776 0.083488 0.996396 0.062500 0.897500 0.000000 0.883929 0.006250
9 0.106104 0.555242 0.103929 0.546613 0.308653 0.487500 0.310828 0.494798
4 0.493506 0.241935 0.491883 0.243952 0.491883 0.247984 0.490260 0.250000 0.490260 0.256048 0.488636 0.258065 0.488636 0.264113 0.487013 0.266129 0.487013 0.270161 0.488636 0.272177 0.488636 0.278226 0.487013 0.280242 0.487013 0.302419 0.488636 0.304435 0.535714 0.304435 0.537338 0.302419 0.537338 0.280242 0.535714 0.278226 0.535714 0.272177 0.537338 0.270161 0.537338 0.266129 0.535714 0.264113 0.535714 0.258065 0.534091 0.256048 0.534091 0.250000 0.532468 0.247984 0.532468 0.243952 0.530844 0.243952 0.529221 0.241935
9 0.190211 0.713145 0.185860 0.719617 0.099156 0.603831 0.103052 0.599254
4 0.813312 0.247984 0.811688 0.250000 0.811688 0.254032 0.810065 0.256048 0.810065 0.262097 0.808442 0.264113 0.808442 0.268145 0.806818 0.270161 0.806818 0.278226 0.808442 0.280242 0.808442 0.282258 0.806818 0.284274 0.806818 0.310484 0.855519 0.310484 0.855519 0.308468 0.857143 0.306452 0.857143 0.286290 0.855519 0.284274 0.855519 0.278226 0.857143 0.276210 0.857143 0.272177 0.855519 0.270161 0.855519 0.264113 0.853896 0.262097 0.853896 0.258065 0.852273 0.256048 0.852273 0.250000 0.850649 0.250000 0.849026 0.247984
4 0.323052 0.449597 0.321429 0.451613 0.321429 0.455645 0.319805 0.457661 0.319805 0.463710 0.318182 0.465726 0.318182 0.471774 0.316558 0.473790 0.316558 0.477823 0.318182 0.479839 0.324675 0.479839 0.326299 0.481855 0.324675 0.483871 0.318182 0.483871 0.316558 0.485887 0.316558 0.510081 0.318182 0.512097 0.365260 0.512097 0.366883 0.510081 0.366883 0.485887 0.363636 0.481855 0.366883 0.477823 0.366883 0.473790 0.365260 0.471774 0.365260 0.465726 0.363636 0.463710 0.363636 0.459677 0.362013 0.457661 0.362013 0.451613 0.360390 0.451613 0.358766 0.449597
4 0.297078 0.008065 0.295455 0.010081 0.295455 0.012097 0.293831 0.014113 0.293831 0.022177 0.292208 0.024194 0.292208 0.028226 0.290584 0.030242 0.290584 0.036290 0.292208 0.038306 0.300325 0.038306 0.301948 0.040323 0.300325 0.042339 0.292208 0.042339 0.290584 0.044355 0.290584 0.068548 0.292208 0.070565 0.339286 0.070565 0.340909 0.068548 0.340909 0.044355 0.339286 0.042339 0.337662 0.042339 0.336039 0.040323 0.337662 0.038306 0.340909 0.038306 0.340909 0.030242 0.339286 0.028226 0.339286 0.024194 0.337662 0.022177 0.337662 0.016129 0.336039 0.014113 0.336039 0.010081 0.334416 0.008065
4 0.053571 0.528226 0.051948 0.530242 0.050325 0.530242 0.050325 0.534274 0.048701 0.536290 0.048701 0.542339 0.047078 0.544355 0.047078 0.548387 0.045455 0.550403 0.045455 0.556452 0.047078 0.558468 0.047078 0.564516 0.045455 0.566532 0.045455 0.588710 0.047078 0.590726 0.094156 0.590726 0.095779 0.588710 0.095779 0.566532 0.094156 0.564516 0.094156 0.562500 0.092532 0.560484 0.095779 0.556452 0.095779 0.550403 0.094156 0.548387 0.094156 0.544355 0.092532 0.542339 0.092532 0.536290 0.090909 0.534274 0.090909 0.530242 0.089286 0.530242 0.087662 0.528226 0.086039 0.528226 0.084416 0.530242 0.082792 0.530242 0.081169 0.528226
4 0.719156 0.419355 0.719156 0.423387 0.717532 0.425403 0.717532 0.429435 0.715909 0.431452 0.715909 0.433468 0.714286 0.435484 0.714286 0.441532 0.712662 0.443548 0.712662 0.445565 0.714286 0.447581 0.714286 0.449597 0.712662 0.451613 0.712662 0.481855 0.714286 0.483871 0.745130 0.483871 0.746753 0.481855 0.748377 0.481855 0.750000 0.483871 0.751623 0.483871 0.753247 0.481855 0.754870 0.481855 0.756494 0.483871 0.762987 0.483871 0.766234 0.479839 0.766234 0.457661 0.764610 0.455645 0.764610 0.439516 0.762987 0.437500 0.762987 0.433468 0.761364 0.431452 0.761364 0.425403 0.759740 0.423387 0.759740 0.419355
4 0.201299 0.725806 0.199675 0.727823 0.198052 0.727823 0.198052 0.731855 0.196429 0.733871 0.196429 0.739919 0.194805 0.741935 0.194805 0.747984 0.193182 0.750000 0.193182 0.754032 0.196429 0.758065 0.196429 0.760081 0.193182 0.764113 0.193182 0.788306 0.196429 0.788306 0.198052 0.790323 0.240260 0.790323 0.241883 0.788306 0.243506 0.788306 0.243506 0.764113 0.241883 0.762097 0.241883 0.758065 0.243506 0.756048 0.243506 0.750000 0.241883 0.747984 0.241883 0.741935 0.240260 0.739919 0.240260 0.735887 0.238636 0.733871 0.238636 0.727823 0.237013 0.727823 0.235390 0.725806 0.233766 0.725806 0.232143 0.727823 0.228896 0.727823 0.227273 0.725806 0.225649 0.725806 0.224026 0.727823 0.222403 0.725806 0.219156 0.725806 0.217532 0.727823 0.207792 0.727823 0.206169 0.725806
9 0.376088 0.474879 0.376737 0.482359 0.706834 0.459073 0.706672 0.450000
