6 0.713390 0.061199 0.713815 0.066877 0.985866 0.178233 0.986291 0.169716
9 0.707970 0.088170 0.703932 0.088170 0.985781 0.723155 0.986397 0.713407
9 0.795749 0.000473 0.784761 0.000394 0.713177 0.039905 0.713390 0.046530
7 0.713921 0.068770 0.714559 0.076972 0.985866 0.285489 0.985866 0.275237
6 0.675558 0.090379 0.668863 0.087382 0.498937 0.361514 0.504570 0.369085
9 0.712880 0.052950 0.712774 0.057366 0.985547 0.058044 0.985335 0.053312
9 0.713815 0.084543 0.711764 0.089227 0.985972 0.492744 0.986079 0.483912
9 0.668045 0.064196 0.667928 0.060189 0.348002 0.159479 0.348321 0.164369
6 0.698799 0.090363 0.694665 0.090804 0.770361 0.528738 0.772806 0.527461
6 0.811190 0.818896 0.810744 0.813344 0.985207 0.797839 0.985430 0.803202
6 0.766706 0.817035 0.766493 0.821609 0.609904 0.826735 0.609904 0.821845
6 0.779989 0.593896 0.777333 0.593722 0.785526 0.787035 0.789352 0.786246
6 0.754803 0.560142 0.754485 0.565820 0.609469 0.572729 0.609150 0.565946
6 0.589214 0.603612 0.586026 0.604243 0.586079 0.793202 0.589022 0.791924
6 0.481509 0.432003 0.478002 0.431372 0.464219 0.607981 0.467832 0.607666
6 0.669150 0.035379 0.668587 0.038754 0.626759 0.000536 0.631307 0.000741
6 0.319033 0.000410 0.315951 0.000726 0.323146 0.137066 0.326111 0.136435
2 0.774708 0.794953 0.774708 0.796530 0.773645 0.798107 0.773645 0.804416 0.772582 0.805994 0.772582 0.809148 0.771520 0.810726 0.771520 0.842271 0.797024 0.842271 0.798087 0.843849 0.799150 0.842271 0.803401 0.842271 0.804463 0.840694 0.804463 0.810726 0.803401 0.809148 0.803401 0.805994 0.802338 0.804416 0.802338 0.799685 0.801275 0.798107 0.801275 0.796530 0.800213 0.796530 0.799150 0.794953
2 0.575983 0.799685 0.574920 0.801262 0.573858 0.801262 0.572795 0.802839 0.572795 0.809148 0.571732 0.810726 0.571732 0.818612 0.570670 0.820189 0.570670 0.848580 0.571732 0.850158 0.601488 0.850158 0.603613 0.847003 0.603613 0.839117 0.602550 0.837539 0.602550 0.829653 0.603613 0.828076 0.603613 0.823344 0.602550 0.821767 0.602550 0.810726 0.601488 0.809148 0.601488 0.805994 0.600425 0.804416 0.600425 0.802839 0.599362 0.801262 0.596174 0.801262 0.595112 0.799685 0.591923 0.799685 0.590861 0.801262 0.585547 0.801262 0.584485 0.799685
3 0.676939 0.028391 0.675877 0.029968 0.675877 0.031546 0.674814 0.033123 0.674814 0.041009 0.673751 0.042587 0.673751 0.044164 0.672689 0.045741 0.672689 0.078864 0.673751 0.080442 0.680128 0.080442 0.681190 0.078864 0.682253 0.078864 0.683316 0.080442 0.704570 0.080442 0.705632 0.078864 0.706695 0.078864 0.707758 0.077287 0.707758 0.063091 0.708820 0.061514 0.708820 0.056782 0.707758 0.055205 0.707758 0.045741 0.706695 0.044164 0.706695 0.039432 0.705632 0.037855 0.705632 0.033123 0.706695 0.031546 0.704570 0.028391
2 0.764081 0.536278 0.761955 0.539432 0.761955 0.545741 0.760893 0.547319 0.760893 0.552050 0.759830 0.553628 0.759830 0.583596 0.760893 0.585174 0.791711 0.585174 0.792774 0.583596 0.792774 0.580442 0.791711 0.578864 0.791711 0.548896 0.790648 0.547319 0.790648 0.541009 0.789586 0.539432 0.789586 0.537855 0.786397 0.537855 0.785335 0.536278
2 0.320935 0.143533 0.319872 0.145110 0.313496 0.145110 0.311371 0.148265 0.311371 0.151420 0.310308 0.152997 0.310308 0.160883 0.309245 0.162461 0.309245 0.190852 0.310308 0.192429 0.341126 0.192429 0.341126 0.165615 0.342189 0.164038 0.341126 0.162461 0.341126 0.156151 0.340064 0.154574 0.340064 0.152997 0.339001 0.151420 0.339001 0.148265 0.336876 0.145110 0.333688 0.145110 0.332625 0.143533
2 0.573858 0.545741 0.572795 0.547319 0.571732 0.547319 0.571732 0.555205 0.570670 0.556782 0.570670 0.572555 0.569607 0.574132 0.569607 0.593060 0.570670 0.594637 0.601488 0.594637 0.602550 0.593060 0.602550 0.564669 0.601488 0.563091 0.601488 0.556782 0.600425 0.555205 0.600425 0.552050 0.599362 0.550473 0.599362 0.547319 0.598300 0.547319 0.597237 0.545741 0.589798 0.545741 0.588735 0.547319 0.586610 0.547319 0.585547 0.545741
1 0.468650 0.373817 0.467588 0.375394 0.467588 0.376972 0.466525 0.378549 0.466525 0.383281 0.465462 0.384858 0.465462 0.391167 0.464400 0.392744 0.465462 0.394322 0.465462 0.405363 0.464400 0.406940 0.464400 0.421136 0.465462 0.422713 0.495218 0.422713 0.496281 0.421136 0.497343 0.421136 0.497343 0.391167 0.496281 0.389590 0.496281 0.386435 0.495218 0.384858 0.495218 0.380126 0.494155 0.378549 0.494155 0.375394 0.493092 0.373817
1 0.450584 0.615142 0.449522 0.616719 0.449522 0.618297 0.448459 0.619874 0.448459 0.626183 0.447396 0.627760 0.447396 0.634069 0.446334 0.635647 0.446334 0.637224 0.447396 0.638801 0.447396 0.641956 0.446334 0.643533 0.446334 0.662461 0.447396 0.664038 0.449522 0.664038 0.450584 0.665615 0.459086 0.665615 0.460149 0.664038 0.478215 0.664038 0.478215 0.662461 0.479277 0.660883 0.479277 0.646688 0.478215 0.645110 0.478215 0.627760 0.477152 0.626183 0.477152 0.623028 0.476089 0.621451 0.476089 0.618297 0.473964 0.615142 0.463337 0.615142 0.462274 0.616719 0.461211 0.616719 0.460149 0.615142 0.455898 0.615142 0.454835 0.616719 0.453773 0.615142
