4 0.279490 0.132492 0.278427 0.134069 0.278427 0.135647 0.277365 0.137224 0.277365 0.141956 0.276302 0.143533 0.276302 0.148265 0.275239 0.149842 0.275239 0.179811 0.276302 0.181388 0.281615 0.181388 0.282678 0.182965 0.284803 0.182965 0.285866 0.181388 0.291180 0.181388 0.292242 0.182965 0.302869 0.182965 0.303932 0.181388 0.307120 0.181388 0.308183 0.179811 0.308183 0.160883 0.307120 0.159306 0.308183 0.157729 0.308183 0.149842 0.307120 0.148265 0.307120 0.143533 0.306057 0.141956 0.306057 0.138801 0.304995 0.137224 0.304995 0.134069 0.303932 0.134069 0.302869 0.132492
4 0.358130 0.474763 0.357067 0.476341 0.342189 0.476341 0.341126 0.477918 0.341126 0.479495 0.340064 0.481073 0.340064 0.485804 0.339001 0.487382 0.339001 0.488959 0.337938 0.490536 0.337938 0.511041 0.336876 0.512618 0.336876 0.525237 0.337938 0.526814 0.339001 0.526814 0.340064 0.528391 0.342189 0.528391 0.343252 0.526814 0.371945 0.526814 0.373007 0.525237 0.373007 0.492114 0.371945 0.490536 0.371945 0.487382 0.370882 0.485804 0.370882 0.479495 0.369819 0.477918 0.369819 0.476341 0.368757 0.474763
3 0.000000 0.160883 0.000000 0.216088 0.007439 0.216088 0.008502 0.217666 0.010627 0.217666 0.012752 0.214511 0.012752 0.178233 0.011690 0.176656 0.011690 0.175079 0.012752 0.173502 0.012752 0.167192 0.011690 0.165615 0.011690 0.162461 0.010627 0.160883 0.006376 0.160883 0.005313 0.162461 0.004251 0.160883
4 0.497343 0.392744 0.497343 0.394322 0.496281 0.395899 0.496281 0.402208 0.495218 0.403785 0.495218 0.406940 0.494155 0.408517 0.494155 0.440063 0.495218 0.441640 0.526036 0.441640 0.527099 0.440063 0.527099 0.410095 0.526036 0.408517 0.526036 0.405363 0.524973 0.403785 0.524973 0.395899 0.522848 0.392744
9 0.315515 0.181577 0.314028 0.186451 0.489362 0.395615 0.491275 0.388060
9 0.504835 0.175899 0.505154 0.171009 0.314070 0.155773 0.314070 0.163596
9 0.317035 0.135741 0.312752 0.127934 0.425165 0.000426 0.432699 0.000426
9 0.300871 0.189732 0.294814 0.192098 0.347450 0.469006 0.352859 0.466688
7 0.272370 0.163249 0.272901 0.155363 0.015728 0.183754 0.015728 0.189748
4 0.514346 0.149842 0.513284 0.151420 0.513284 0.152997 0.512221 0.154574 0.512221 0.159306 0.511158 0.160883 0.511158 0.164038 0.510096 0.165615 0.510096 0.175079 0.511158 0.176656 0.510096 0.178233 0.510096 0.186120 0.509033 0.187697 0.510096 0.189274 0.510096 0.198738 0.512221 0.198738 0.513284 0.200315 0.529224 0.200315 0.530287 0.198738 0.541977 0.198738 0.543039 0.197161 0.543039 0.179811 0.541977 0.178233 0.541977 0.173502 0.543039 0.171924 0.543039 0.170347 0.541977 0.168770 0.541977 0.164038 0.540914 0.162461 0.540914 0.157729 0.539851 0.156151 0.539851 0.151420 0.538789 0.151420 0.537726 0.149842
