1 0.326249 0.831230 0.325186 0.832808 0.325186 0.835962 0.326249 0.837539 0.326249 0.870662 0.325186 0.872240 0.325186 0.881703 0.326249 0.883281 0.326249 0.884858 0.358130 0.884858 0.359192 0.886435 0.364506 0.886435 0.364506 0.870662 0.363443 0.869085 0.363443 0.859621 0.364506 0.858044 0.364506 0.853312 0.363443 0.851735 0.363443 0.847003 0.362380 0.845426 0.362380 0.839117 0.361318 0.837539 0.361318 0.834385 0.360255 0.832808 0.358130 0.832808 0.357067 0.831230 0.333688 0.831230 0.332625 0.832808 0.328374 0.832808 0.327311 0.831230
6 0.231010 0.478864 0.224038 0.479495 0.194315 0.709227 0.198140 0.707965
6 0.256525 0.426877 0.254740 0.418927 0.539160 0.148612 0.539437 0.154527
6 0.554697 0.074101 0.550510 0.074669 0.535813 0.000000 0.542742 0.000000
6 0.564081 0.000000 0.569097 0.000662 0.566249 0.076136 0.562051 0.075000 0.562625 0.000000
6 0.584336 0.134653 0.584772 0.125095 0.799384 0.131088 0.799915 0.138833
6 0.826270 0.100016 0.820319 0.101120 0.815994 0.000000 0.823061 -0.000000 0.824240 0.000063
9 0.538470 0.115994 0.537726 0.119606 0.235250 0.000931 0.253241 0.001356
9 0.538523 0.122634 0.537768 0.118375 0.153762 0.000457 0.132402 0.000300
9 0.538342 0.133896 0.538342 0.131372 0.000000 0.233407 0.000287 0.238644
9 0.538576 0.138833 0.538576 0.135363 0.192540 0.274432 0.193273 0.281372
9 0.158852 0.317886 0.163454 0.318864 0.083539 0.566293 0.078140 0.562997
9 0.552784 0.161814 0.548746 0.161183 0.354198 0.823423 0.359192 0.823896
9 0.561923 0.160915 0.566281 0.161073 0.616823 0.675599 0.612274 0.675804
9 0.572094 0.160931 0.567311 0.161877 0.681445 0.594558 0.689203 0.590142
9 0.581881 0.160899 0.576567 0.162161 0.746929 0.475174 0.751690 0.468391
9 0.583656 0.146404 0.583337 0.138991 0.813603 0.293644 0.812646 0.302319
1 0.829968 0.285489 0.828905 0.287066 0.819341 0.287066 0.819341 0.293375 0.818278 0.294953 0.818278 0.301262 0.817216 0.302839 0.817216 0.339117 0.820404 0.339117 0.821467 0.337539 0.822529 0.337539 0.823592 0.339117 0.850159 0.339117 0.851222 0.337539 0.851222 0.321767 0.852285 0.320189 0.852285 0.304416 0.851222 0.302839 0.851222 0.294953 0.850159 0.293375 0.850159 0.291798 0.851222 0.290221 0.851222 0.288644 0.852285 0.287066 0.848034 0.287066 0.846971 0.285489 0.834219 0.285489 0.833156 0.287066 0.832094 0.285489
0 0.681190 0.602524 0.680128 0.604101 0.680128 0.605678 0.679065 0.607256 0.679065 0.613565 0.678002 0.615142 0.678002 0.618297 0.676939 0.619874 0.676939 0.651420 0.678002 0.652997 0.707758 0.652997 0.709883 0.649842 0.709883 0.623028 0.708820 0.621451 0.708820 0.615142 0.707758 0.613565 0.707758 0.608833 0.706695 0.607256 0.706695 0.604101 0.705632 0.602524
1 0.606801 0.681388 0.605739 0.682965 0.603613 0.682965 0.603613 0.684543 0.602550 0.686120 0.602550 0.692429 0.601488 0.694006 0.601488 0.698738 0.600425 0.700315 0.600425 0.703470 0.601488 0.705047 0.601488 0.706625 0.600425 0.708202 0.600425 0.728707 0.602550 0.731861 0.631243 0.731861 0.633369 0.728707 0.633369 0.709779 0.632306 0.708202 0.632306 0.701893 0.633369 0.700315 0.632306 0.698738 0.632306 0.694006 0.631243 0.692429 0.631243 0.689274 0.630181 0.687697 0.630181 0.682965 0.628055 0.682965 0.626993 0.681388
4 0.180659 0.735016 0.179596 0.736593 0.173220 0.736593 0.172157 0.738170 0.172157 0.741325 0.171095 0.742902 0.171095 0.746057 0.170032 0.747634 0.170032 0.750789 0.168969 0.752366 0.168969 0.785489 0.167906 0.787066 0.168969 0.788644 0.175345 0.788644 0.176408 0.787066 0.194474 0.787066 0.195537 0.788644 0.202976 0.788644 0.204038 0.787066 0.204038 0.752366 0.202976 0.750789 0.202976 0.739748 0.201913 0.738170 0.201913 0.736593 0.200850 0.736593 0.199787 0.735016 0.198725 0.736593 0.193411 0.736593 0.192349 0.735016
2 0.219979 0.419558 0.217853 0.422713 0.217853 0.427445 0.216791 0.429022 0.216791 0.433754 0.215728 0.435331 0.215728 0.466877 0.216791 0.468454 0.246546 0.468454 0.247609 0.466877 0.248672 0.466877 0.247609 0.465300 0.247609 0.433754 0.246546 0.432177 0.246546 0.425868 0.245484 0.424290 0.245484 0.421136 0.243358 0.421136 0.242295 0.419558 0.232731 0.419558 0.231668 0.421136 0.230606 0.419558 0.225292 0.419558 0.224230 0.421136 0.223167 0.419558
1 0.057386 0.572555 0.056323 0.574132 0.056323 0.577287 0.055260 0.578864 0.055260 0.583596 0.054198 0.585174 0.054198 0.588328 0.053135 0.589905 0.053135 0.619874 0.054198 0.621451 0.085016 0.621451 0.086079 0.619874 0.086079 0.604101 0.085016 0.602524 0.085016 0.585174 0.083953 0.583596 0.083953 0.578864 0.082891 0.577287 0.082891 0.574132 0.081828 0.572555
2 0.175345 0.260252 0.174283 0.261830 0.159405 0.261830 0.158342 0.263407 0.158342 0.266562 0.157279 0.268139 0.157279 0.272871 0.156217 0.274448 0.156217 0.277603 0.155154 0.279180 0.155154 0.285489 0.156217 0.287066 0.155154 0.288644 0.155154 0.309148 0.156217 0.309148 0.157279 0.310726 0.161530 0.310726 0.162593 0.309148 0.168969 0.309148 0.170032 0.310726 0.175345 0.310726 0.176408 0.309148 0.177471 0.309148 0.178533 0.310726 0.184910 0.310726 0.185972 0.309148 0.187035 0.309148 0.188098 0.307571 0.188098 0.301262 0.189160 0.299685 0.189160 0.298107 0.188098 0.296530 0.188098 0.276025 0.187035 0.274448 0.187035 0.272871 0.185972 0.271293 0.185972 0.268139 0.184910 0.266562 0.184910 0.263407 0.183847 0.261830 0.181722 0.261830 0.180659 0.260252
3 0.812965 0.108833 0.811902 0.110410 0.808714 0.110410 0.807651 0.111987 0.807651 0.113565 0.806589 0.115142 0.806589 0.116719 0.805526 0.118297 0.805526 0.124606 0.804463 0.126183 0.804463 0.132492 0.805526 0.134069 0.805526 0.159306 0.806589 0.160883 0.835282 0.160883 0.836344 0.162461 0.838470 0.162461 0.839532 0.160883 0.839532 0.157729 0.840595 0.156151 0.840595 0.151420 0.839532 0.149842 0.839532 0.141956 0.838470 0.140379 0.838470 0.135647 0.839532 0.134069 0.839532 0.132492 0.840595 0.130915 0.840595 0.129338 0.839532 0.127760 0.839532 0.126183 0.838470 0.124606 0.838470 0.121451 0.836344 0.118297 0.836344 0.111987 0.834219 0.108833
2 0.753454 0.479495 0.751328 0.482650 0.751328 0.487382 0.750266 0.488959 0.750266 0.493691 0.749203 0.495268 0.749203 0.526814 0.750266 0.528391 0.780021 0.528391 0.781084 0.526814 0.782147 0.526814 0.782147 0.520505 0.783209 0.518927 0.783209 0.514196 0.782147 0.512618 0.782147 0.504732 0.781084 0.503155 0.781084 0.501577 0.782147 0.500000 0.782147 0.496845 0.781084 0.495268 0.781084 0.492114 0.780021 0.490536 0.780021 0.487382 0.778959 0.485804 0.778959 0.481073 0.777896 0.481073 0.776833 0.479495
3 0.578108 0.100946 0.579171 0.102524 0.579171 0.104101 0.579171 0.102524 0.580234 0.100946 0.578108 0.100946 0.573858 0.102524 0.571732 0.102524 0.570670 0.100946 0.563231 0.100946 0.562168 0.102524 0.553666 0.102524 0.552604 0.104101 0.551541 0.102524 0.547290 0.102524 0.546227 0.104101 0.546227 0.107256 0.545165 0.108833 0.545165 0.110410 0.544102 0.111987 0.544102 0.119874 0.543039 0.121451 0.543039 0.149842 0.545165 0.152997 0.546227 0.152997 0.547290 0.154574 0.551541 0.154574 0.552604 0.152997 0.558980 0.152997 0.560043 0.154574 0.561105 0.152997 0.566419 0.152997 0.567481 0.154574 0.574920 0.154574 0.575983 0.152997 0.578108 0.152997 0.578108 0.146688 0.579171 0.145110 0.579171 0.134069 0.580234 0.132492 0.580234 0.129338 0.579171 0.127760 0.579171 0.124606 0.578108 0.123028 0.578108 0.115142 0.577046 0.113565 0.577046 0.111987 0.574920 0.108833 0.574920 0.105678 0.573858 0.104101 0.573858 0.102524
