1 0.724761 0.903785 0.724761 0.905363 0.723698 0.906940 0.723698 0.913249 0.722635 0.914826 0.722635 0.917981 0.721573 0.919558 0.721573 0.951104 0.722635 0.952681 0.753454 0.952681 0.754516 0.951104 0.754516 0.930599 0.753454 0.929022 0.753454 0.924290 0.754516 0.922713 0.754516 0.921136 0.753454 0.919558 0.753454 0.916404 0.752391 0.914826 0.752391 0.910095 0.751328 0.908517 0.751328 0.903785
3 0.415515 0.413249 0.414453 0.414826 0.407014 0.414826 0.405951 0.416404 0.405951 0.421136 0.404888 0.422713 0.404888 0.424290 0.403826 0.425868 0.403826 0.429022 0.402763 0.430599 0.402763 0.465300 0.403826 0.466877 0.410202 0.466877 0.411265 0.465300 0.413390 0.465300 0.414453 0.466877 0.435707 0.466877 0.436769 0.468454 0.437832 0.468454 0.438895 0.470032 0.439957 0.468454 0.439957 0.452681 0.438895 0.451104 0.438895 0.430599 0.437832 0.429022 0.437832 0.427445 0.436769 0.425868 0.436769 0.422713 0.435707 0.421136 0.435707 0.419558 0.434644 0.417981 0.434644 0.414826 0.433581 0.414826 0.432519 0.413249 0.419766 0.413249 0.418704 0.414826 0.417641 0.413249
2 0.003188 0.668770 0.002125 0.670347 0.000000 0.670347 0.000000 0.717666 0.029756 0.717666 0.030818 0.716088 0.030818 0.689274 0.029756 0.687697 0.029756 0.681388 0.028693 0.679811 0.028693 0.675079 0.027630 0.673502 0.027630 0.671924 0.026567 0.670347 0.021254 0.670347 0.020191 0.668770
9 0.320861 0.150521 0.320223 0.145473 0.125824 0.388123 0.126674 0.391751
9 0.427386 0.001278 0.421966 0.000804 0.522487 0.162697 0.523124 0.157965
9 0.549989 0.000505 0.542019 0.000820 0.742859 0.209637 0.746366 0.200174
9 0.653369 0.000599 0.644867 0.001230 0.724357 0.063644 0.725632 0.057965
9 0.900213 0.592429 0.896918 0.589905 0.750840 0.893454 0.755515 0.897871
9 0.973677 0.556498 0.973677 0.551293 0.934357 0.554606 0.936376 0.560284
3 0.371945 0.725552 0.370882 0.727129 0.354942 0.727129 0.353879 0.728707 0.353879 0.735016 0.352816 0.736593 0.352816 0.744479 0.351753 0.746057 0.351753 0.768139 0.350691 0.769716 0.351753 0.771293 0.351753 0.772871 0.352816 0.774448 0.369819 0.774448 0.370882 0.776025 0.375133 0.776025 0.376196 0.774448 0.383634 0.774448 0.384697 0.772871 0.384697 0.757098 0.383634 0.755521 0.383634 0.747634 0.384697 0.746057 0.383634 0.744479 0.383634 0.738170 0.382572 0.736593 0.382572 0.730284 0.380446 0.727129 0.376196 0.727129 0.375133 0.725552
6 0.313826 0.000962 0.307981 0.001120 0.330191 0.084858 0.336461 0.082650
6 0.627301 0.449132 0.627194 0.444732 0.442264 0.437792 0.442264 0.442524
6 0.347598 0.751498 0.347917 0.742350 0.035037 0.694038 0.034718 0.700662
6 0.418215 0.474132 0.412264 0.473502 0.371722 0.720883 0.376939 0.719306
6 0.398629 0.440284 0.398842 0.435394 0.127513 0.415883 0.126982 0.421562
6 0.354623 0.153013 0.348990 0.153959 0.410191 0.405158 0.414655 0.404527
6 0.024623 0.657634 0.029617 0.660000 0.097375 0.450505 0.091105 0.448454
6 0.320627 0.121893 0.320723 0.117476 0.000128 0.103328 0.000128 0.107587
6 0.484453 0.000931 0.475739 0.000457 0.893039 0.540347 0.895845 0.530126
6 0.769245 0.088155 0.769245 0.078628 0.984888 0.135726 0.984888 0.140773
3 0.546227 0.167192 0.545165 0.168770 0.530287 0.168770 0.528162 0.171924 0.528162 0.178233 0.527099 0.179811 0.527099 0.186120 0.526036 0.187697 0.526036 0.189274 0.527099 0.190852 0.527099 0.192429 0.528162 0.194006 0.527099 0.195584 0.527099 0.198738 0.526036 0.200315 0.526036 0.216088 0.530287 0.216088 0.531350 0.217666 0.538789 0.217666 0.539851 0.216088 0.546227 0.216088 0.547290 0.217666 0.551541 0.217666 0.552604 0.216088 0.557917 0.216088 0.558980 0.214511 0.558980 0.203470 0.557917 0.201893 0.557917 0.194006 0.558980 0.192429 0.558980 0.187697 0.557917 0.186120 0.557917 0.181388 0.556854 0.179811 0.556854 0.175079 0.555792 0.173502 0.555792 0.168770 0.553666 0.168770 0.552604 0.167192
2 0.734325 0.052050 0.733262 0.053628 0.733262 0.055205 0.732200 0.056782 0.732200 0.059937 0.731137 0.061514 0.731137 0.069401 0.730074 0.070978 0.730074 0.074132 0.731137 0.075710 0.731137 0.082019 0.730074 0.083596 0.730074 0.099369 0.731137 0.100946 0.761955 0.100946 0.763018 0.099369 0.763018 0.086751 0.761955 0.085174 0.761955 0.078864 0.763018 0.077287 0.763018 0.070978 0.761955 0.069401 0.761955 0.066246 0.760893 0.064669 0.760893 0.059937 0.759830 0.058360 0.759830 0.055205 0.758767 0.053628 0.757705 0.053628 0.756642 0.052050
4 0.641870 0.419558 0.639745 0.422713 0.639745 0.424290 0.638682 0.425868 0.638682 0.427445 0.637620 0.429022 0.637620 0.432177 0.636557 0.433754 0.636557 0.438486 0.635494 0.440063 0.635494 0.447950 0.634431 0.449527 0.635494 0.451104 0.635494 0.471609 0.636557 0.473186 0.637620 0.473186 0.638682 0.474763 0.668438 0.474763 0.669501 0.473186 0.670563 0.473186 0.670563 0.471609 0.671626 0.470032 0.671626 0.452681 0.670563 0.451104 0.670563 0.447950 0.671626 0.446372 0.671626 0.443218 0.670563 0.441640 0.670563 0.438486 0.668438 0.435331 0.668438 0.429022 0.667375 0.427445 0.667375 0.422713 0.666312 0.422713 0.665250 0.421136 0.663124 0.421136 0.662062 0.419558 0.658874 0.419558 0.657811 0.421136 0.646121 0.421136 0.645058 0.419558
1 0.901169 0.534700 0.900106 0.536278 0.900106 0.537855 0.899044 0.539432 0.899044 0.545741 0.897981 0.547319 0.897981 0.550473 0.896918 0.552050 0.896918 0.558360 0.897981 0.559937 0.897981 0.561514 0.896918 0.563091 0.896918 0.583596 0.929862 0.583596 0.929862 0.553628 0.928799 0.552050 0.928799 0.547319 0.927736 0.545741 0.927736 0.541009 0.926674 0.539432 0.926674 0.536278 0.925611 0.536278 0.924548 0.534700
3 0.332625 0.093060 0.331562 0.094637 0.329437 0.094637 0.329437 0.096215 0.328374 0.097792 0.328374 0.102524 0.327311 0.104101 0.327311 0.107256 0.326249 0.108833 0.326249 0.110410 0.325186 0.111987 0.325186 0.127760 0.324123 0.129338 0.324123 0.141956 0.325186 0.143533 0.354942 0.143533 0.356004 0.145110 0.357067 0.145110 0.358130 0.143533 0.359192 0.143533 0.360255 0.141956 0.360255 0.140379 0.361318 0.138801 0.361318 0.129338 0.360255 0.127760 0.360255 0.108833 0.359192 0.107256 0.359192 0.104101 0.358130 0.102524 0.358130 0.097792 0.356004 0.094637 0.352816 0.094637 0.351753 0.093060 0.344315 0.093060 0.343252 0.094637 0.337938 0.094637 0.336876 0.093060
3 0.122210 0.388013 0.121148 0.389590 0.091392 0.389590 0.090329 0.391167 0.087141 0.391167 0.086079 0.392744 0.086079 0.400631 0.085016 0.402208 0.085016 0.416404 0.083953 0.417981 0.083953 0.422713 0.085016 0.424290 0.085016 0.429022 0.083953 0.430599 0.083953 0.435331 0.085016 0.436909 0.085016 0.440063 0.083953 0.441640 0.083953 0.443218 0.085016 0.444795 0.086079 0.444795 0.087141 0.446372 0.091392 0.446372 0.092455 0.444795 0.115834 0.444795 0.116897 0.446372 0.122210 0.446372 0.123273 0.444795 0.123273 0.416404 0.122210 0.414826 0.122210 0.400631 0.121148 0.399054 0.121148 0.397476 0.122210 0.395899 0.122210 0.394322 0.123273 0.392744 0.123273 0.391167 0.122210 0.389590
