6 0.686865 0.925883 0.694251 0.925331 0.696461 0.977902 0.689819 0.979180
6 0.221020 0.426388 0.219649 0.441309 0.375930 0.436562 0.375930 0.424353
6 0.110616 0.673959 0.110053 0.681025 0.664208 0.884479 0.664803 0.875284
6 0.201265 0.889448 0.201435 0.897760 0.664293 0.891577 0.664623 0.884495
6 0.664442 0.910994 0.664442 0.902634 0.577194 0.977713 0.588140 0.978344
6 0.917811 0.761987 0.917917 0.756309 0.986259 0.757350 0.985728 0.764290
2 0.402763 0.402208 0.401700 0.403785 0.380446 0.403785 0.379384 0.405363 0.379384 0.411672 0.378321 0.413249 0.378321 0.422713 0.377258 0.424290 0.377258 0.451104 0.378321 0.452681 0.408077 0.452681 0.410202 0.449527 0.410202 0.424290 0.409139 0.422713 0.409139 0.413249 0.408077 0.411672 0.408077 0.408517 0.407014 0.406940 0.407014 0.405363 0.405951 0.403785 0.404888 0.403785 0.403826 0.402208
3 0.077577 0.641956 0.076514 0.643533 0.072264 0.643533 0.071201 0.645110 0.071201 0.646688 0.070138 0.648265 0.070138 0.652997 0.069075 0.654574 0.069075 0.662461 0.068013 0.664038 0.068013 0.665615 0.069075 0.667192 0.069075 0.682965 0.068013 0.684543 0.068013 0.692429 0.069075 0.694006 0.103082 0.694006 0.103082 0.692429 0.104145 0.690852 0.104145 0.681388 0.103082 0.679811 0.103082 0.668770 0.104145 0.667192 0.104145 0.659306 0.103082 0.657729 0.103082 0.654574 0.102019 0.652997 0.102019 0.649842 0.100956 0.648265 0.100956 0.645110 0.098831 0.641956 0.097768 0.641956 0.096706 0.643533 0.094580 0.643533 0.093518 0.641956
3 0.173220 0.865931 0.172157 0.867508 0.159405 0.867508 0.158342 0.869085 0.161530 0.873817 0.161530 0.875394 0.160468 0.876972 0.160468 0.881703 0.159405 0.883281 0.159405 0.889590 0.158342 0.891167 0.158342 0.899054 0.159405 0.900631 0.159405 0.906940 0.158342 0.908517 0.158342 0.913249 0.159405 0.914826 0.158342 0.916404 0.158342 0.919558 0.157279 0.921136 0.158342 0.921136 0.159405 0.922713 0.163656 0.922713 0.164718 0.921136 0.195537 0.921136 0.196599 0.922713 0.196599 0.919558 0.195537 0.917981 0.195537 0.916404 0.194474 0.914826 0.194474 0.900631 0.196599 0.897476 0.195537 0.895899 0.195537 0.889590 0.194474 0.888013 0.194474 0.881703 0.193411 0.880126 0.193411 0.878549 0.192349 0.876972 0.192349 0.875394 0.191286 0.873817 0.193411 0.870662 0.196599 0.870662 0.196599 0.865931 0.195537 0.865931 0.194474 0.867508 0.190223 0.867508 0.189160 0.865931 0.188098 0.867508 0.175345 0.867508 0.174283 0.865931
2 0.883103 0.735016 0.882040 0.736593 0.880978 0.736593 0.879915 0.738170 0.879915 0.742902 0.878852 0.744479 0.878852 0.763407 0.877790 0.764984 0.877790 0.780757 0.878852 0.782334 0.878852 0.783912 0.909671 0.783912 0.910733 0.782334 0.910733 0.752366 0.909671 0.750789 0.909671 0.744479 0.908608 0.742902 0.908608 0.739748 0.907545 0.738170 0.907545 0.736593 0.905420 0.736593 0.904357 0.735016
1 0.498406 0.135647 0.497343 0.137224 0.497343 0.138801 0.496281 0.140379 0.496281 0.146688 0.495218 0.148265 0.495218 0.151420 0.494155 0.152997 0.494155 0.182965 0.496281 0.186120 0.507970 0.186120 0.509033 0.184543 0.510096 0.186120 0.524973 0.186120 0.527099 0.182965 0.527099 0.178233 0.526036 0.176656 0.526036 0.175079 0.527099 0.173502 0.527099 0.170347 0.526036 0.168770 0.526036 0.149842 0.524973 0.148265 0.524973 0.140379 0.521785 0.135647
4 0.638682 0.435331 0.637620 0.436909 0.637620 0.488959 0.638682 0.490536 0.642933 0.490536 0.643996 0.492114 0.647184 0.492114 0.648247 0.490536 0.650372 0.490536 0.651435 0.492114 0.657811 0.492114 0.658874 0.490536 0.668438 0.490536 0.669501 0.492114 0.670563 0.490536 0.673751 0.490536 0.674814 0.488959 0.675877 0.488959 0.676939 0.487382 0.676939 0.477918 0.675877 0.476341 0.675877 0.455836 0.674814 0.454259 0.674814 0.440063 0.673751 0.438486 0.673751 0.436909 0.672689 0.435331 0.643996 0.435331 0.642933 0.436909 0.639745 0.436909
2 0.748140 0.414826 0.747078 0.416404 0.741764 0.416404 0.740701 0.417981 0.739639 0.417981 0.739639 0.421136 0.738576 0.422713 0.738576 0.430599 0.737513 0.432177 0.737513 0.438486 0.738576 0.440063 0.738576 0.447950 0.737513 0.449527 0.737513 0.463722 0.738576 0.465300 0.769394 0.465300 0.770457 0.463722 0.770457 0.452681 0.769394 0.451104 0.769394 0.440063 0.770457 0.438486 0.770457 0.436909 0.769394 0.435331 0.769394 0.429022 0.768332 0.427445 0.768332 0.421136 0.767269 0.419558 0.767269 0.417981 0.766206 0.416404 0.754516 0.416404 0.753454 0.414826
1 0.673751 0.862776 0.672689 0.864353 0.672689 0.865931 0.671626 0.867508 0.671626 0.872240 0.670563 0.873817 0.670563 0.875394 0.669501 0.876972 0.669501 0.884858 0.668438 0.886435 0.669501 0.888013 0.669501 0.899054 0.668438 0.900631 0.668438 0.911672 0.669501 0.913249 0.703507 0.913249 0.704570 0.914826 0.704570 0.913249 0.703507 0.911672 0.703507 0.902208 0.704570 0.900631 0.704570 0.894322 0.703507 0.892744 0.703507 0.889590 0.704570 0.888013 0.704570 0.884858 0.703507 0.883281 0.703507 0.876972 0.702444 0.875394 0.702444 0.872240 0.701382 0.870662 0.701382 0.869085 0.700319 0.867508 0.700319 0.865931 0.699256 0.864353 0.697131 0.864353 0.696068 0.862776
2 0.184910 0.411672 0.182784 0.414826 0.182784 0.419558 0.181722 0.421136 0.181722 0.429022 0.180659 0.430599 0.180659 0.458991 0.185972 0.458991 0.187035 0.460568 0.210414 0.460568 0.211477 0.458991 0.212540 0.458991 0.212540 0.457413 0.213603 0.455836 0.212540 0.454259 0.212540 0.446372 0.213603 0.444795 0.213603 0.440063 0.212540 0.438486 0.212540 0.436909 0.213603 0.435331 0.213603 0.432177 0.212540 0.430599 0.212540 0.422713 0.211477 0.421136 0.211477 0.414826 0.209352 0.411672
9 0.708895 0.884164 0.709001 0.888423 0.999883 0.887603 1.000000 0.885883 1.000000 0.880268
9 0.657067 0.496845 0.662019 0.496278 0.685962 0.853123 0.681700 0.853975
6 0.186132 0.469858 0.178225 0.466830 0.100723 0.631451 0.109639 0.633722
6 0.709702 0.899574 0.709171 0.905252 0.792519 0.959495 0.793262 0.949716
6 0.875494 0.777555 0.875345 0.769322 0.708342 0.869984 0.708342 0.878817
6 0.745887 0.479006 0.753624 0.480473 0.698884 0.836751 0.690691 0.833912
6 0.514814 0.197476 0.524846 0.193091 0.676823 0.832319 0.671488 0.834590
6 0.668746 0.850726 0.662264 0.855284 0.407258 0.461246 0.419235 0.451057
6 0.664017 0.918091 0.666461 0.924085 0.632030 0.978502 0.625972 0.977555
