6 0.293996 0.000584 0.288852 0.000852 0.361467 0.066325 0.362327 0.061120
6 0.406621 0.093202 0.405770 0.096830 0.617226 0.221104 0.617439 0.215584
9 0.050032 0.000142 0.047248 0.000000 0.046939 0.000000 0.299522 1.000000 0.302912 1.000000
7 0.000956 0.251735 0.000638 0.364669 0.022635 1.000000 0.026993 0.999842
7 0.407481 0.109700 0.404718 0.114274 0.630085 0.416782 0.633220 0.409448
9 0.195282 0.999984 0.195016 1.000000 0.191807 1.000000 0.023592 0.000000 0.027226 0.000000
6 0.451722 0.673801 0.452253 0.679164 0.669150 0.695063 0.669150 0.689543
6 0.388831 0.116309 0.384049 0.117256 0.425367 0.642603 0.430383 0.642161
9 0.012062 0.000568 0.008448 0.000568 0.120701 1.000000 0.123889 1.000000
3 0.700319 0.665615 0.699256 0.667192 0.686504 0.667192 0.685441 0.668770 0.684378 0.668770 0.683316 0.667192 0.680128 0.667192 0.679065 0.668770 0.678002 0.668770 0.676939 0.670347 0.672689 0.670347 0.672689 0.671924 0.673751 0.673502 0.673751 0.682965 0.672689 0.684543 0.672689 0.686120 0.671626 0.687697 0.671626 0.690852 0.670563 0.692429 0.670563 0.695584 0.671626 0.697161 0.671626 0.712934 0.670563 0.714511 0.670563 0.719243 0.671626 0.719243 0.672689 0.720820 0.686504 0.720820 0.687566 0.719243 0.691817 0.719243 0.692880 0.720820 0.693943 0.719243 0.698193 0.719243 0.699256 0.720820 0.704570 0.720820 0.705632 0.719243 0.707758 0.719243 0.709883 0.716088 0.709883 0.709779 0.708820 0.708202 0.708820 0.695584 0.709883 0.694006 0.709883 0.687697 0.707758 0.684543 0.707758 0.682965 0.706695 0.681388 0.706695 0.676656 0.705632 0.675079 0.705632 0.667192 0.704570 0.665615
4 0.640808 0.421136 0.639745 0.422713 0.638682 0.422713 0.638682 0.424290 0.637620 0.425868 0.637620 0.427445 0.638682 0.429022 0.638682 0.433754 0.637620 0.435331 0.637620 0.474763 0.638682 0.476341 0.647184 0.476341 0.648247 0.474763 0.673751 0.474763 0.674814 0.473186 0.674814 0.452681 0.673751 0.451104 0.673751 0.447950 0.674814 0.446372 0.674814 0.440063 0.673751 0.438486 0.673751 0.433754 0.672689 0.432177 0.672689 0.425868 0.671626 0.424290 0.670563 0.424290 0.669501 0.422713 0.659936 0.422713 0.658874 0.421136 0.656748 0.421136 0.655685 0.422713 0.647184 0.422713 0.646121 0.421136
1 0.626993 0.205047 0.625930 0.206625 0.625930 0.209779 0.624867 0.211356 0.624867 0.214511 0.623804 0.216088 0.623804 0.217666 0.622742 0.219243 0.622742 0.222397 0.621679 0.223975 0.622742 0.225552 0.622742 0.242902 0.621679 0.244479 0.621679 0.253943 0.622742 0.255521 0.624867 0.255521 0.625930 0.257098 0.629118 0.257098 0.630181 0.255521 0.641870 0.255521 0.642933 0.257098 0.647184 0.257098 0.648247 0.255521 0.650372 0.255521 0.651435 0.257098 0.655685 0.257098 0.656748 0.258675 0.657811 0.258675 0.657811 0.242902 0.656748 0.241325 0.656748 0.230284 0.657811 0.228707 0.657811 0.227129 0.656748 0.225552 0.656748 0.222397 0.655685 0.220820 0.655685 0.219243 0.654623 0.217666 0.654623 0.212934 0.653560 0.211356 0.653560 0.209779 0.652497 0.208202 0.652497 0.206625 0.651435 0.205047
3 0.371945 0.056782 0.370882 0.058360 0.369819 0.058360 0.368757 0.059937 0.368757 0.067823 0.367694 0.069401 0.367694 0.085174 0.366631 0.086751 0.366631 0.102524 0.367694 0.104101 0.367694 0.105678 0.397450 0.105678 0.399575 0.102524 0.399575 0.082019 0.398512 0.080442 0.398512 0.070978 0.397450 0.069401 0.397450 0.064669 0.396387 0.063091 0.396387 0.059937 0.395324 0.058360 0.394261 0.058360 0.393199 0.056782 0.385760 0.056782 0.384697 0.058360 0.381509 0.058360 0.380446 0.056782 0.379384 0.058360 0.376196 0.058360 0.375133 0.056782
1 0.418704 0.651420 0.417641 0.652997 0.415515 0.652997 0.415515 0.654574 0.414453 0.656151 0.414453 0.662461 0.413390 0.664038 0.413390 0.668770 0.412327 0.670347 0.412327 0.700315 0.413390 0.700315 0.414453 0.701893 0.421892 0.701893 0.422954 0.700315 0.424017 0.701893 0.442083 0.701893 0.443146 0.700315 0.444208 0.700315 0.445271 0.698738 0.445271 0.684543 0.444208 0.682965 0.444208 0.679811 0.445271 0.678233 0.445271 0.670347 0.444208 0.668770 0.444208 0.665615 0.443146 0.664038 0.443146 0.657729 0.442083 0.656151 0.442083 0.654574 0.441020 0.652997 0.430393 0.652997 0.429330 0.651420 0.426142 0.651420 0.425080 0.652997 0.421892 0.652997 0.420829 0.651420
