7 0.415438 0.207944 0.414951 0.196855 0.023896 0.234859 0.024075 0.241855
4 0.785714 0.191532 0.784091 0.193548 0.784091 0.195565 0.782468 0.197581 0.782468 0.203629 0.780844 0.205645 0.780844 0.211694 0.779221 0.213710 0.779221 0.219758 0.782468 0.223790 0.782468 0.225806 0.779221 0.229839 0.779221 0.252016 0.780844 0.254032 0.827922 0.254032 0.829545 0.252016 0.829545 0.229839 0.826299 0.225806 0.826299 0.223790 0.827922 0.221774 0.829545 0.221774 0.829545 0.213710 0.827922 0.211694 0.827922 0.207661 0.826299 0.205645 0.826299 0.201613 0.824675 0.199597 0.824675 0.193548 0.823052 0.191532
4 0.426948 0.169355 0.425325 0.171371 0.425325 0.173387 0.423701 0.175403 0.423701 0.183468 0.422078 0.185484 0.422078 0.191532 0.420455 0.193548 0.420455 0.197581 0.422078 0.199597 0.422078 0.205645 0.420455 0.207661 0.420455 0.229839 0.422078 0.231855 0.469156 0.231855 0.470779 0.229839 0.470779 0.207661 0.469156 0.205645 0.469156 0.199597 0.470779 0.197581 0.470779 0.191532 0.469156 0.189516 0.469156 0.183468 0.467532 0.181452 0.467532 0.177419 0.465909 0.175403 0.465909 0.171371 0.464286 0.169355
3 0.000000 0.207661 0.000000 0.276210 0.016234 0.276210 0.017857 0.274194 0.017857 0.252016 0.016234 0.250000 0.016234 0.231855 0.014610 0.229839 0.014610 0.223790 0.012987 0.221774 0.012987 0.215726 0.011364 0.213710 0.011364 0.211694 0.009740 0.209677 0.009740 0.207661
4 0.759740 0.497984 0.758117 0.500000 0.758117 0.502016 0.756494 0.504032 0.756494 0.508065 0.754870 0.510081 0.753247 0.510081 0.753247 0.552419 0.751623 0.554435 0.751623 0.556452 0.753247 0.558468 0.753247 0.564516 0.756494 0.564516 0.758117 0.566532 0.805195 0.566532 0.806818 0.564516 0.808442 0.564516 0.806818 0.562500 0.806818 0.514113 0.805195 0.512097 0.805195 0.500000 0.801948 0.500000 0.800325 0.497984
4 0.524351 0.606855 0.522727 0.608871 0.522727 0.612903 0.521104 0.614919 0.521104 0.622984 0.519481 0.625000 0.519481 0.629032 0.517857 0.631048 0.517857 0.637097 0.519481 0.639113 0.519481 0.643145 0.517857 0.645161 0.517857 0.667339 0.519481 0.669355 0.521104 0.669355 0.522727 0.671371 0.561688 0.671371 0.563312 0.669355 0.566558 0.669355 0.568182 0.667339 0.568182 0.645161 0.566558 0.643145 0.566558 0.637097 0.568182 0.635081 0.568182 0.631048 0.566558 0.629032 0.566558 0.622984 0.564935 0.620968 0.564935 0.616935 0.563312 0.614919 0.563312 0.608871 0.561688 0.608871 0.560065 0.606855 0.556818 0.606855 0.555195 0.608871 0.553571 0.606855 0.545455 0.606855 0.543831 0.608871 0.534091 0.608871 0.532468 0.606855
9 0.658912 0.000706 0.648685 0.000907 0.475974 0.166794 0.480844 0.175867
9 0.771834 0.225222 0.772159 0.216754 0.480909 0.200060 0.480747 0.207117
9 0.482305 0.231391 0.479286 0.239315 0.746120 0.501935 0.750455 0.495988
9 0.457240 0.242036 0.452971 0.243286 0.533588 0.599919 0.539416 0.597480
