2 0.906482 0.403785 0.905420 0.405363 0.904357 0.405363 0.903294 0.406940 0.903294 0.413249 0.902232 0.414826 0.902232 0.419558 0.901169 0.421136 0.901169 0.422713 0.902232 0.424290 0.902232 0.429022 0.901169 0.430599 0.901169 0.452681 0.902232 0.454259 0.931987 0.454259 0.933050 0.452681 0.933050 0.451104 0.934113 0.449527 0.933050 0.447950 0.933050 0.417981 0.931987 0.416404 0.931987 0.410095 0.930925 0.408517 0.930925 0.406940 0.929862 0.405363 0.913921 0.405363 0.912859 0.403785
2 0.672689 0.419558 0.671626 0.421136 0.670563 0.421136 0.669501 0.422713 0.668438 0.422713 0.667375 0.421136 0.655685 0.421136 0.654623 0.422713 0.651435 0.422713 0.650372 0.421136 0.638682 0.421136 0.638682 0.436909 0.637620 0.438486 0.637620 0.473186 0.638682 0.474763 0.639745 0.474763 0.640808 0.476341 0.643996 0.476341 0.645058 0.474763 0.674814 0.474763 0.675877 0.473186 0.675877 0.452681 0.674814 0.451104 0.674814 0.427445 0.675877 0.425868 0.674814 0.424290 0.674814 0.421136 0.673751 0.419558
6 0.980956 0.826230 0.981243 0.819259 0.854782 0.933249 0.867524 0.932681
7 0.984793 0.836640 0.982774 0.830962 0.925707 0.934227 0.931339 0.933596
6 0.637205 0.795142 0.636780 0.788833 0.982253 0.797587 0.982253 0.805442
6 0.928151 0.460110 0.921637 0.463943 0.991243 0.745820 0.994006 0.742492
6 0.710563 0.918975 0.709214 0.909669 0.586610 0.959322 0.587248 0.966420
3 0.603613 0.766562 0.602550 0.768139 0.601488 0.768139 0.601488 0.771293 0.600425 0.772871 0.600425 0.777603 0.599362 0.779180 0.599362 0.785489 0.598300 0.787066 0.598300 0.788644 0.599362 0.790221 0.599362 0.794953 0.598300 0.796530 0.598300 0.813880 0.600425 0.817035 0.628055 0.817035 0.629118 0.815457 0.631243 0.815457 0.631243 0.785489 0.630181 0.783912 0.630181 0.780757 0.629118 0.779180 0.629118 0.774448 0.628055 0.772871 0.628055 0.769716 0.626993 0.768139 0.625930 0.768139 0.624867 0.766562 0.608927 0.766562 0.607864 0.768139 0.604676 0.768139
3 0.986185 0.774448 0.986185 0.790221 0.985122 0.791798 0.985122 0.828076 0.986185 0.829653 0.986185 0.831230 0.998937 0.831230 0.998937 0.774448
1 0.553666 0.946372 0.553666 0.947950 0.552604 0.949527 0.552604 0.955836 0.551541 0.957413 0.551541 0.960568 0.550478 0.962145 0.550478 0.968454 0.551541 0.970032 0.551541 0.974763 0.550478 0.976341 0.550478 0.979495 0.551541 0.981073 0.582359 0.981073 0.583422 0.979495 0.583422 0.962145 0.582359 0.960568 0.582359 0.957413 0.581296 0.955836 0.581296 0.949527 0.579171 0.946372
6 0.898013 0.435237 0.898013 0.427508 0.679745 0.444196 0.679426 0.450032
6 0.656111 0.482319 0.649947 0.482003 0.617832 0.759653 0.621126 0.759006
1 0.720510 0.880126 0.719447 0.881703 0.718385 0.881703 0.718385 0.883281 0.717322 0.884858 0.717322 0.891167 0.716259 0.892744 0.716259 0.895899 0.715197 0.897476 0.715197 0.905363 0.716259 0.906940 0.716259 0.910095 0.715197 0.911672 0.715197 0.929022 0.716259 0.930599 0.746015 0.930599 0.748140 0.927445 0.748140 0.922713 0.747078 0.921136 0.747078 0.916404 0.748140 0.914826 0.747078 0.913249 0.747078 0.894322 0.746015 0.892744 0.746015 0.889590 0.744952 0.888013 0.744952 0.883281 0.742827 0.880126
9 0.981265 0.811009 0.981265 0.806435 0.752455 0.894527 0.753836 0.898328
9 0.997365 0.835678 0.993751 0.835678 0.968321 0.934685 0.974431 0.934685
