4 0.364506 0.160883 0.363443 0.162461 0.362380 0.162461 0.361318 0.164038 0.361318 0.165615 0.360255 0.167192 0.360255 0.171924 0.359192 0.173502 0.359192 0.178233 0.358130 0.179811 0.358130 0.182965 0.359192 0.184543 0.359192 0.190852 0.358130 0.192429 0.358130 0.209779 0.359192 0.211356 0.390011 0.211356 0.391073 0.209779 0.391073 0.190852 0.388948 0.187697 0.391073 0.184543 0.391073 0.178233 0.390011 0.176656 0.390011 0.173502 0.388948 0.171924 0.388948 0.168770 0.387885 0.167192 0.387885 0.164038 0.385760 0.160883 0.371945 0.160883 0.370882 0.162461 0.366631 0.162461 0.365569 0.160883
4 0.476089 0.211356 0.475027 0.212934 0.469713 0.212934 0.468650 0.214511 0.443146 0.214511 0.441020 0.217666 0.444208 0.222397 0.443146 0.223975 0.443146 0.227129 0.442083 0.228707 0.442083 0.231861 0.441020 0.233438 0.441020 0.261830 0.442083 0.263407 0.442083 0.268139 0.443146 0.269716 0.444208 0.268139 0.477152 0.268139 0.477152 0.266562 0.478215 0.264984 0.478215 0.239748 0.477152 0.238170 0.477152 0.223975 0.478215 0.222397 0.478215 0.219243 0.479277 0.217666 0.479277 0.214511 0.478215 0.212934 0.478215 0.211356
4 0.665250 0.435331 0.664187 0.436909 0.642933 0.436909 0.641870 0.438486 0.639745 0.438486 0.638682 0.436909 0.638682 0.440063 0.639745 0.441640 0.639745 0.447950 0.638682 0.449527 0.638682 0.481073 0.637620 0.482650 0.637620 0.484227 0.638682 0.485804 0.638682 0.487382 0.639745 0.487382 0.640808 0.488959 0.663124 0.488959 0.664187 0.490536 0.668438 0.490536 0.669501 0.488959 0.673751 0.488959 0.674814 0.487382 0.674814 0.485804 0.675877 0.484227 0.675877 0.481073 0.674814 0.479495 0.674814 0.443218 0.673751 0.441640 0.673751 0.440063 0.671626 0.436909 0.670563 0.436909 0.669501 0.435331
1 0.800213 0.473186 0.800213 0.482650 0.799150 0.484227 0.799150 0.485804 0.798087 0.487382 0.795962 0.487382 0.794899 0.485804 0.794899 0.500000 0.795962 0.501577 0.795962 0.517350 0.794899 0.518927 0.794899 0.525237 0.795962 0.525237 0.797024 0.523659 0.799150 0.523659 0.800213 0.525237 0.806589 0.525237 0.807651 0.523659 0.829968 0.523659 0.831031 0.522082 0.831031 0.506309 0.829968 0.504732 0.829968 0.501577 0.831031 0.500000 0.831031 0.487382 0.829968 0.485804 0.829968 0.481073 0.828905 0.479495 0.828905 0.477918 0.829968 0.476341 0.829968 0.474763 0.831031 0.473186 0.826780 0.473186 0.825717 0.474763 0.824655 0.473186 0.817216 0.473186 0.816153 0.474763 0.811902 0.474763 0.810840 0.473186 0.809777 0.473186 0.808714 0.474763 0.804463 0.474763 0.803401 0.473186 0.800213 0.473186 0.795962 0.473186 0.794899 0.473186 0.794899 0.474763 0.795962 0.473186
2 0.563231 0.268139 0.561105 0.271293 0.561105 0.277603 0.560043 0.279180 0.560043 0.283912 0.558980 0.285489 0.558980 0.315457 0.561105 0.318612 0.582359 0.318612 0.583422 0.317035 0.584485 0.318612 0.589798 0.318612 0.590861 0.317035 0.590861 0.282334 0.589798 0.280757 0.589798 0.277603 0.588735 0.276025 0.588735 0.271293 0.586610 0.268139
9 0.568087 0.003375 0.573985 0.002066 0.578183 0.264211 0.573071 0.263202
6 0.420871 0.001215 0.427481 0.001530 0.388714 0.155915 0.380999 0.155915
6 0.947524 0.001293 0.941998 0.000505 0.821498 0.466356 0.827471 0.466356
6 0.109373 0.001073 0.093114 0.000599 0.000000 0.025599 0.000329 0.032681
7 0.494038 0.001088 0.490053 0.000899 0.464570 0.190852 0.469692 0.190852
7 0.918162 0.001104 0.924283 0.001483 0.678927 0.431262 0.675430 0.426845
