6 0.654782 0.001972 0.645186 0.001073 0.400701 0.450347 0.408023 0.450836
7 0.390159 0.427397 0.386015 0.426924 0.413932 0.000000 0.420404 0.000000
1 0.840595 0.361199 0.840595 0.364353 0.839532 0.365931 0.839532 0.372240 0.838470 0.373817 0.838470 0.375394 0.837407 0.376972 0.837407 0.408517 0.838470 0.410095 0.868225 0.410095 0.870351 0.406940 0.870351 0.392744 0.869288 0.391167 0.869288 0.372240 0.868225 0.370662 0.868225 0.365931 0.867163 0.364353 0.867163 0.362776 0.866100 0.361199
1 0.812965 0.110410 0.811902 0.111987 0.811902 0.113565 0.810840 0.115142 0.810840 0.119874 0.809777 0.121451 0.809777 0.126183 0.808714 0.127760 0.808714 0.130915 0.809777 0.132492 0.809777 0.138801 0.808714 0.140379 0.808714 0.159306 0.812965 0.159306 0.814028 0.160883 0.815090 0.159306 0.840595 0.159306 0.840595 0.157729 0.841658 0.156151 0.841658 0.145110 0.840595 0.143533 0.840595 0.132492 0.841658 0.130915 0.840595 0.129338 0.840595 0.124606 0.839532 0.123028 0.839532 0.118297 0.838470 0.116719 0.838470 0.113565 0.837407 0.111987 0.837407 0.110410 0.822529 0.110410 0.821467 0.111987 0.820404 0.110410
1 0.000000 0.126183 0.000000 0.176656 0.006376 0.176656 0.007439 0.175079 0.027630 0.175079 0.028693 0.173502 0.028693 0.145110 0.027630 0.143533 0.027630 0.140379 0.026567 0.138801 0.026567 0.134069 0.025505 0.132492 0.025505 0.129338 0.024442 0.127760 0.023379 0.127760 0.022317 0.126183 0.006376 0.126183 0.005313 0.127760 0.004251 0.126183
1 0.165781 0.493691 0.163656 0.496845 0.163656 0.504732 0.162593 0.506309 0.162593 0.509464 0.161530 0.511041 0.161530 0.542587 0.193411 0.542587 0.194474 0.541009 0.194474 0.525237 0.193411 0.523659 0.193411 0.518927 0.194474 0.517350 0.194474 0.512618 0.193411 0.511041 0.193411 0.506309 0.192349 0.504732 0.192349 0.501577 0.191286 0.500000 0.191286 0.495268 0.190223 0.495268 0.189160 0.493691
3 0.375133 0.705047 0.374070 0.706625 0.371945 0.706625 0.371945 0.708202 0.370882 0.709779 0.370882 0.716088 0.369819 0.717666 0.369819 0.720820 0.368757 0.722397 0.368757 0.753943 0.369819 0.755521 0.399575 0.755521 0.401700 0.752366 0.401700 0.739748 0.400638 0.738170 0.400638 0.719243 0.399575 0.717666 0.399575 0.711356 0.398512 0.709779 0.398512 0.708202 0.397450 0.706625 0.396387 0.706625 0.395324 0.705047
3 0.210414 0.597792 0.208289 0.600946 0.208289 0.608833 0.207226 0.610410 0.207226 0.629338 0.206164 0.630915 0.206164 0.643533 0.207226 0.645110 0.207226 0.646688 0.238045 0.646688 0.239107 0.645110 0.239107 0.627760 0.238045 0.626183 0.238045 0.621451 0.239107 0.619874 0.239107 0.618297 0.238045 0.616719 0.238045 0.608833 0.236982 0.607256 0.236982 0.602524 0.235919 0.600946 0.235919 0.599369 0.234857 0.597792
3 0.373007 0.457413 0.371945 0.458991 0.368757 0.458991 0.367694 0.460568 0.367694 0.465300 0.366631 0.466877 0.366631 0.473186 0.365569 0.474763 0.365569 0.481073 0.366631 0.482650 0.366631 0.485804 0.365569 0.487382 0.365569 0.500000 0.364506 0.501577 0.364506 0.503155 0.365569 0.504732 0.365569 0.507886 0.366631 0.507886 0.367694 0.509464 0.397450 0.509464 0.398512 0.507886 0.400638 0.507886 0.400638 0.473186 0.399575 0.471609 0.399575 0.466877 0.398512 0.465300 0.398512 0.460568 0.396387 0.457413
1 0.642933 0.436909 0.641870 0.438486 0.639745 0.438486 0.638682 0.440063 0.638682 0.451104 0.637620 0.452681 0.637620 0.479495 0.636557 0.481073 0.636557 0.485804 0.637620 0.487382 0.637620 0.488959 0.670563 0.488959 0.671626 0.490536 0.673751 0.490536 0.673751 0.488959 0.674814 0.487382 0.674814 0.479495 0.673751 0.477918 0.673751 0.444795 0.672689 0.443218 0.672689 0.438486 0.671626 0.438486 0.670563 0.436909
3 0.724761 0.635647 0.722635 0.638801 0.722635 0.640379 0.721573 0.641956 0.721573 0.646688 0.720510 0.648265 0.720510 0.673502 0.719447 0.675079 0.719447 0.681388 0.720510 0.682965 0.720510 0.684543 0.722635 0.684543 0.723698 0.686120 0.724761 0.686120 0.725824 0.684543 0.732200 0.684543 0.733262 0.686120 0.737513 0.686120 0.738576 0.684543 0.743889 0.684543 0.744952 0.686120 0.748140 0.686120 0.749203 0.684543 0.751328 0.684543 0.752391 0.682965 0.752391 0.665615 0.751328 0.664038 0.751328 0.646688 0.750266 0.645110 0.750266 0.641956 0.749203 0.640379 0.749203 0.638801 0.747078 0.635647
6 0.011254 0.001404 0.016249 0.000000 0.016610 0.000000 0.016610 0.125536 0.009469 0.125915
6 0.366738 0.002350 0.374591 0.002855 0.383220 0.429621 0.379607 0.430331
6 0.497864 0.001798 0.504251 0.001798 0.393847 0.450426 0.388937 0.450079
6 0.825600 0.169511 0.833252 0.167461 0.853316 0.353360 0.848023 0.355363
6 0.795228 0.165331 0.790234 0.158549 0.406451 0.462240 0.406599 0.469211
6 0.406706 0.479243 0.407024 0.484132 0.634718 0.467950 0.634506 0.462114
6 0.681137 0.449432 0.680925 0.458738 0.833783 0.399479 0.833496 0.388502
9 0.036366 0.168675 0.033103 0.173738 0.360786 0.466719 0.363348 0.459968
9 0.361211 0.489621 0.361095 0.483612 0.199649 0.510615 0.199649 0.518644
9 0.246578 0.606356 0.243305 0.600442 0.360956 0.499511 0.362380 0.505426
9 0.381403 0.516719 0.387141 0.516246 0.387460 0.698423 0.382891 0.695584
9 0.405898 0.490757 0.404952 0.498391 0.713964 0.652461 0.714708 0.644574
