6 0.143188 0.754196 0.144145 0.759085 0.000000 0.655489 0.000000 0.651136 0.000021 0.650063
6 0.145282 0.805931 0.143900 0.804038 0.001296 0.999369 0.002806 1.000000 0.005271 1.000000
6 0.167906 0.806467 0.165207 0.806656 0.163719 1.000000 0.166589 1.000000
6 0.424761 0.766987 0.421467 0.767934 0.427439 0.978801 0.431796 0.977855
6 0.143964 0.774590 0.143964 0.769858 0.000298 0.762760 0.000000 0.766215 0.000000 0.767808
1 0.180659 0.746057 0.179596 0.747634 0.162593 0.747634 0.161530 0.749211 0.160468 0.747634 0.157279 0.747634 0.156217 0.749211 0.151966 0.749211 0.150903 0.750789 0.150903 0.760252 0.149841 0.761830 0.149841 0.763407 0.148778 0.764984 0.148778 0.766562 0.147715 0.768139 0.147715 0.794953 0.146652 0.796530 0.146652 0.799685 0.147715 0.799685 0.148778 0.801262 0.165781 0.801262 0.166844 0.799685 0.174283 0.799685 0.175345 0.801262 0.184910 0.801262 0.184910 0.782334 0.185972 0.780757 0.184910 0.779180 0.184910 0.766562 0.183847 0.764984 0.183847 0.757098 0.184910 0.755521 0.184910 0.749211 0.182784 0.746057
4 0.639745 0.421136 0.638682 0.422713 0.638682 0.433754 0.637620 0.435331 0.637620 0.474763 0.638682 0.476341 0.648247 0.476341 0.649309 0.474763 0.672689 0.474763 0.673751 0.473186 0.674814 0.473186 0.674814 0.452681 0.673751 0.451104 0.673751 0.449527 0.674814 0.447950 0.674814 0.440063 0.673751 0.438486 0.673751 0.433754 0.672689 0.432177 0.672689 0.427445 0.671626 0.425868 0.671626 0.424290 0.670563 0.424290 0.669501 0.422713 0.660999 0.422713 0.659936 0.421136 0.656748 0.421136 0.655685 0.422713 0.648247 0.422713 0.647184 0.421136
2 0.411265 0.709779 0.410202 0.711356 0.408077 0.711356 0.408077 0.714511 0.407014 0.716088 0.407014 0.719243 0.405951 0.720820 0.405951 0.735016 0.404888 0.736593 0.404888 0.757098 0.405951 0.758675 0.436769 0.758675 0.437832 0.757098 0.437832 0.736593 0.436769 0.735016 0.436769 0.731861 0.437832 0.730284 0.437832 0.728707 0.436769 0.727129 0.436769 0.723975 0.435707 0.722397 0.435707 0.717666 0.434644 0.716088 0.434644 0.712934 0.433581 0.711356 0.422954 0.711356 0.421892 0.709779 0.418704 0.709779 0.417641 0.711356 0.413390 0.711356 0.412327 0.709779
3 0.156217 0.471609 0.155154 0.473186 0.154091 0.473186 0.153029 0.474763 0.153029 0.481073 0.151966 0.482650 0.151966 0.488959 0.150903 0.490536 0.150903 0.492114 0.151966 0.493691 0.151966 0.498423 0.150903 0.500000 0.150903 0.518927 0.151966 0.518927 0.153029 0.520505 0.181722 0.520505 0.183847 0.517350 0.183847 0.507886 0.182784 0.506309 0.182784 0.493691 0.183847 0.492114 0.183847 0.490536 0.182784 0.488959 0.182784 0.484227 0.181722 0.482650 0.181722 0.477918 0.180659 0.476341 0.180659 0.473186 0.179596 0.471609
6 0.170797 0.529196 0.166865 0.528722 0.166174 0.740868 0.169501 0.738328
7 0.189373 0.489842 0.189798 0.496782 0.631509 0.454306 0.630978 0.447997
6 0.400978 0.740946 0.399745 0.734196 0.189256 0.768675 0.189894 0.773565
