6 0.000000 0.559338 0.000308 0.564590 0.986801 0.202350 0.985696 0.194826 0.000000 0.558076
6 0.180776 0.609117 0.180457 0.615741 0.985855 0.227776 0.985484 0.220110
6 0.230648 0.976782 0.237184 0.977208 0.636376 0.479353 0.634049 0.472271
6 0.219235 0.975142 0.224283 0.977508 0.839607 0.096877 0.837322 0.092334
6 0.134368 0.973880 0.142561 0.975300 0.985962 0.296987 0.985962 0.286814
6 0.041498 0.976577 0.049150 0.977997 0.636440 0.473707 0.635430 0.463123
6 0.684612 0.977334 0.689756 0.976514 0.665887 0.478375 0.660765 0.479401
6 0.000680 0.951782 0.001350 0.940047 0.838332 0.083691 0.837832 0.089527
6 0.845399 0.098707 0.839787 0.095331 0.671892 0.415221 0.676684 0.415946
6 0.679022 0.442981 0.678799 0.428580 0.985537 0.240252 0.986164 0.255568
6 0.845165 0.035252 0.836589 0.043991 0.808023 0.001025 0.824208 0.000457
6 0.877736 0.060662 0.874878 0.049385 0.960818 0.000000 0.962487 0.000000 0.988576 0.001341
6 0.875537 0.067382 0.875664 0.072855 0.999256 0.094164 0.999256 0.084243
6 0.651243 0.414621 0.661945 0.413864 0.644208 0.000158 0.633794 0.000000
8 0.252359 0.545410 0.252604 0.550521 0.634761 0.457634 0.635080 0.451656
16 0.653560 0.429022 0.652497 0.430599 0.646121 0.430599 0.645058 0.432177 0.642933 0.432177 0.642933 0.438486 0.641870 0.440063 0.641870 0.447950 0.640808 0.449527 0.640808 0.451104 0.641870 0.452681 0.641870 0.470032 0.642933 0.470032 0.645058 0.473186 0.646121 0.473186 0.647184 0.471609 0.648247 0.471609 0.649309 0.470032 0.652497 0.470032 0.653560 0.471609 0.654623 0.470032 0.662062 0.470032 0.663124 0.468454 0.664187 0.468454 0.666312 0.465300 0.667375 0.465300 0.668438 0.463722 0.669501 0.463722 0.669501 0.462145 0.670563 0.460568 0.670563 0.458991 0.671626 0.457413 0.671626 0.451104 0.670563 0.449527 0.670563 0.443218 0.671626 0.441640 0.671626 0.436909 0.669501 0.433754 0.669501 0.432177 0.667375 0.432177 0.666312 0.430599 0.660999 0.430599 0.659936 0.429022
16 0.853348 0.044164 0.852285 0.045741 0.850159 0.045741 0.849097 0.047319 0.848034 0.047319 0.846971 0.045741 0.844846 0.045741 0.843783 0.047319 0.842721 0.047319 0.842721 0.052050 0.841658 0.053628 0.842721 0.055205 0.842721 0.064669 0.841658 0.066246 0.841658 0.088328 0.842721 0.086751 0.843783 0.086751 0.844846 0.085174 0.846971 0.085174 0.848034 0.086751 0.850159 0.086751 0.851222 0.085174 0.862912 0.085174 0.863974 0.083596 0.865037 0.083596 0.866100 0.085174 0.867163 0.085174 0.868225 0.086751 0.869288 0.086751 0.871413 0.083596 0.870351 0.082019 0.870351 0.066246 0.871413 0.064669 0.871413 0.058360 0.870351 0.056782 0.870351 0.048896 0.869288 0.047319 0.865037 0.047319 0.863974 0.045741 0.860786 0.045741 0.859724 0.044164
6 0.000308 0.275284 0.000744 0.282524 0.835632 0.074858 0.835388 0.068817
6 0.412189 0.002823 0.426801 0.002823 0.000128 0.616057 0.000478 0.600820
6 0.331552 0.001562 0.323114 0.000000 0.322667 0.000000 0.000000 0.323770 0.000000 0.329811
6 0.000266 0.335868 0.000011 0.329054 0.790829 0.000047 0.805186 0.001073
6 0.000181 0.633486 0.000000 0.628644 0.000000 0.622886 0.838193 0.078281 0.839373 0.079700
6 0.175654 0.592082 0.177981 0.593297 0.481658 0.000915 0.473326 0.000000 0.472933 0.000000
6 0.253783 0.532571 0.251881 0.541609 0.839745 0.082334 0.838789 0.079653
6 0.000542 0.409085 0.000797 0.417035 0.985972 0.176972 0.985654 0.169085
