6 0.585866 0.882776 0.586504 0.889558 1.000000 0.866120 1.000000 0.856845
6 0.755037 0.719495 0.753868 0.710032 0.585048 0.862760 0.587067 0.873013
9 0.050106 0.412871 0.047556 0.409464 0.321530 0.000000 0.323964 -0.000000 0.327131 0.001230
3 0.031881 0.416404 0.030818 0.417981 0.012752 0.417981 0.011690 0.419558 0.011690 0.422713 0.010627 0.424290 0.010627 0.430599 0.009564 0.432177 0.009564 0.466877 0.010627 0.466877 0.011690 0.468454 0.023379 0.468454 0.024442 0.470032 0.025505 0.468454 0.039320 0.468454 0.040383 0.470032 0.041445 0.470032 0.043571 0.473186 0.044633 0.473186 0.044633 0.438486 0.043571 0.436909 0.043571 0.430599 0.042508 0.429022 0.042508 0.427445 0.041445 0.425868 0.041445 0.419558 0.040383 0.419558 0.039320 0.417981 0.036132 0.417981 0.035069 0.416404
0 0.763018 0.671924 0.761955 0.673502 0.761955 0.675079 0.760893 0.676656 0.760893 0.682965 0.759830 0.684543 0.759830 0.689274 0.758767 0.690852 0.758767 0.720820 0.759830 0.722397 0.766206 0.722397 0.767269 0.720820 0.768332 0.722397 0.773645 0.722397 0.774708 0.720820 0.778959 0.720820 0.780021 0.722397 0.789586 0.722397 0.790648 0.720820 0.790648 0.719243 0.791711 0.717666 0.791711 0.692429 0.790648 0.690852 0.790648 0.684543 0.789586 0.682965 0.789586 0.678233 0.788523 0.676656 0.788523 0.675079 0.786397 0.671924
1 0.551541 0.864353 0.550478 0.865931 0.549416 0.865931 0.549416 0.867508 0.548353 0.869085 0.548353 0.875394 0.547290 0.876972 0.547290 0.878549 0.546227 0.880126 0.546227 0.886435 0.547290 0.888013 0.547290 0.892744 0.546227 0.894322 0.546227 0.911672 0.547290 0.913249 0.577046 0.913249 0.578108 0.911672 0.579171 0.911672 0.579171 0.910095 0.580234 0.908517 0.579171 0.906940 0.579171 0.878549 0.578108 0.876972 0.578108 0.873817 0.577046 0.872240 0.577046 0.870662 0.575983 0.869085 0.575983 0.865931 0.574920 0.864353
2 0.257173 0.425868 0.256111 0.427445 0.255048 0.427445 0.255048 0.435331 0.253985 0.436909 0.253985 0.446372 0.252922 0.447950 0.252922 0.473186 0.253985 0.474763 0.283741 0.474763 0.284803 0.473186 0.285866 0.473186 0.285866 0.447950 0.284803 0.446372 0.284803 0.436909 0.283741 0.435331 0.283741 0.429022 0.282678 0.427445 0.282678 0.425868
1 0.315622 0.613565 0.314559 0.615142 0.314559 0.616719 0.313496 0.618297 0.313496 0.623028 0.312434 0.624606 0.312434 0.627760 0.311371 0.629338 0.311371 0.634069 0.312434 0.635647 0.312434 0.643533 0.311371 0.645110 0.311371 0.659306 0.312434 0.660883 0.312434 0.662461 0.313496 0.662461 0.314559 0.664038 0.315622 0.664038 0.316684 0.662461 0.326249 0.662461 0.327311 0.664038 0.329437 0.664038 0.330499 0.662461 0.337938 0.662461 0.339001 0.664038 0.342189 0.664038 0.343252 0.662461 0.344315 0.662461 0.344315 0.660883 0.345377 0.659306 0.345377 0.646688 0.344315 0.645110 0.344315 0.629338 0.343252 0.627760 0.343252 0.624606 0.342189 0.623028 0.342189 0.619874 0.341126 0.618297 0.341126 0.615142 0.339001 0.615142 0.337938 0.613565
2 0.407014 0.094637 0.405951 0.096215 0.405951 0.099369 0.404888 0.100946 0.404888 0.102524 0.403826 0.104101 0.403826 0.110410 0.402763 0.111987 0.402763 0.119874 0.403826 0.121451 0.403826 0.123028 0.402763 0.124606 0.402763 0.141956 0.403826 0.143533 0.434644 0.143533 0.434644 0.108833 0.433581 0.107256 0.433581 0.104101 0.432519 0.102524 0.432519 0.097792 0.431456 0.096215 0.428268 0.096215 0.427205 0.094637
3 0.594049 0.170347 0.592986 0.171924 0.589798 0.171924 0.589798 0.173502 0.588735 0.175079 0.588735 0.181388 0.587673 0.182965 0.587673 0.187697 0.586610 0.189274 0.587673 0.190852 0.587673 0.197161 0.586610 0.198738 0.586610 0.217666 0.587673 0.219243 0.587673 0.220820 0.618491 0.220820 0.618491 0.219243 0.619554 0.217666 0.619554 0.201893 0.618491 0.200315 0.618491 0.182965 0.617428 0.181388 0.617428 0.178233 0.616366 0.176656 0.616366 0.173502 0.614240 0.170347
4 0.657811 0.421136 0.656748 0.422713 0.642933 0.422713 0.642933 0.424290 0.641870 0.425868 0.640808 0.425868 0.639745 0.427445 0.639745 0.433754 0.638682 0.435331 0.638682 0.446372 0.637620 0.447950 0.637620 0.449527 0.638682 0.451104 0.638682 0.458991 0.637620 0.460568 0.637620 0.473186 0.638682 0.474763 0.640808 0.474763 0.641870 0.476341 0.646121 0.476341 0.647184 0.474763 0.672689 0.474763 0.674814 0.471609 0.674814 0.454259 0.673751 0.452681 0.673751 0.446372 0.674814 0.444795 0.674814 0.443218 0.673751 0.441640 0.673751 0.433754 0.672689 0.432177 0.672689 0.430599 0.671626 0.429022 0.671626 0.425868 0.669501 0.422713 0.658874 0.422713
6 0.020935 0.477555 0.014463 0.478691 0.000276 0.538596 0.000000 0.543375 0.000000 0.561498
6 0.025324 0.477839 0.030425 0.477681 0.053348 1.000000 0.050234 1.000000
6 0.030478 0.477776 0.025590 0.477776 0.016514 0.999921 0.016950 1.000000 0.020882 1.000000
6 0.799256 0.693060 0.797343 0.698991 0.999596 0.694085 0.999702 0.685268
6 0.050521 0.442192 0.050840 0.446593 0.247545 0.452855 0.247970 0.447808
6 0.066451 0.465095 0.063135 0.470773 0.306376 0.630095 0.307651 0.621388
6 0.632040 0.466719 0.631382 0.461814 0.348438 0.623912 0.349692 0.628486
6 0.406621 0.155394 0.401296 0.151719 0.283496 0.415536 0.286908 0.419779
6 0.424920 0.000994 0.421605 0.000237 0.419309 0.090962 0.424623 0.090820
6 0.509160 0.000584 0.502891 0.000741 0.585420 0.166782 0.590712 0.160757
6 0.352678 0.656909 0.348959 0.665110 0.542721 0.872950 0.543464 0.862050
6 0.586334 0.907855 0.584633 0.915584 0.645069 0.981767 0.647407 0.972618
6 0.000701 0.095063 0.000553 0.130757 0.020935 0.410252 0.026142 0.410252
